Om0= 0.2600000     Ob0= 0.4400000E-01 Ode0= 0.740     H0= 0.72000     red=  0.00    
w0= -1.000000     wa=  0.000000     c_s^2(DE)=  1.00    
 0.6270971     =sigma8 at R=8Mpc/h & sigma(R)= 0.2545953E-02 at Rsmooth=   130.     Mpc/h
 #   k/h      Ptotm(k)   Pcdm(k)   Pbaryon(k)   f_cdm   f_baryon  D_c D_b
   0.100000E-03    593.984        593.985        593.985       0.474581       0.474581        1.00000        1.00000    
   0.102020E-03    605.492        605.492        605.492       0.474580       0.474580        1.00000        1.00000    
   0.104081E-03    617.222        617.223        617.223       0.474580       0.474580        1.00000        1.00000    
   0.106184E-03    629.179        629.180        629.180       0.474579       0.474579        1.00000        1.00000    
   0.108329E-03    641.367        641.368        641.368       0.474578       0.474578        1.00000        1.00000    
   0.110517E-03    653.792        653.792        653.792       0.474578       0.474578        1.00000        1.00000    
   0.112750E-03    666.456        666.457        666.457       0.474577       0.474577        1.00000        1.00000    
   0.115027E-03    679.365        679.366        679.366       0.474576       0.474576        1.00000        1.00000    
   0.117351E-03    692.524        692.526        692.525       0.474576       0.474576        1.00000        1.00000    
   0.119722E-03    705.938        705.939        705.939       0.474575       0.474575        1.00000        1.00000    
   0.122140E-03    719.610        719.612        719.612       0.474574       0.474574        1.00000        1.00000    
   0.124608E-03    733.548        733.549        733.549       0.474574       0.474574        1.00000        1.00000    
   0.127125E-03    747.754        747.756        747.755       0.474573       0.474573        1.00000        1.00000    
   0.129693E-03    762.235        762.237        762.237       0.474572       0.474572        1.00000        1.00000    
   0.132313E-03    776.996        776.998        776.998       0.474571       0.474571        1.00000        1.00000    
   0.134986E-03    792.042        792.044        792.044       0.474570       0.474570        1.00000        1.00000    
   0.137713E-03    807.379        807.381        807.381       0.474569       0.474569        1.00000        1.00000    
   0.140495E-03    823.012        823.014        823.014       0.474568       0.474568        1.00000        1.00000    
   0.143333E-03    838.947        838.949        838.949       0.474567       0.474567        1.00000        1.00000    
   0.146228E-03    855.189        855.192        855.192       0.474566       0.474566        1.00000        1.00000    
   0.149182E-03    871.746        871.749        871.748       0.474565       0.474565        1.00000        1.00000    
   0.152196E-03    888.621        888.625        888.625       0.474564       0.474564        1.00000        1.00000    
   0.155271E-03    905.823        905.827        905.826       0.474563       0.474563        1.00000        1.00000    
   0.158407E-03    923.357        923.361        923.360       0.474562       0.474562        1.00000        1.00000    
   0.161607E-03    941.229        941.233        941.233       0.474560       0.474560        1.00000        1.00000    
   0.164872E-03    959.445        959.450        959.450       0.474559       0.474559        1.00000        1.00000    
   0.168203E-03    978.013        978.018        978.018       0.474558       0.474558        1.00000        1.00000    
   0.171601E-03    996.940        996.945        996.944       0.474556       0.474556        1.00000        1.00000    
   0.175067E-03    1016.23        1016.24        1016.24       0.474555       0.474555        1.00000        1.00000    
   0.178604E-03    1035.89        1035.90        1035.90       0.474553       0.474553        1.00000        1.00000    
   0.182212E-03    1055.94        1055.94        1055.94       0.474552       0.474552        1.00000        1.00000    
   0.185893E-03    1076.36        1076.37        1076.37       0.474550       0.474550        1.00000        1.00000    
   0.189648E-03    1097.19        1097.19        1097.19       0.474548       0.474549        1.00000        1.00000    
   0.193479E-03    1118.41        1118.42        1118.41       0.474547       0.474547        1.00000        1.00000    
   0.197388E-03    1140.04        1140.05        1140.05       0.474545       0.474545        1.00000        1.00000    
   0.201375E-03    1162.09        1162.09        1162.09       0.474543       0.474543        1.00000        1.00000    
   0.205443E-03    1184.56        1184.57        1184.57       0.474541       0.474541        1.00000        1.00000    
   0.209594E-03    1207.46        1207.47        1207.47       0.474539       0.474539        1.00000        1.00000    
   0.213828E-03    1230.81        1230.82        1230.82       0.474537       0.474537        1.00000        1.00000    
   0.218147E-03    1254.60        1254.61        1254.61       0.474535       0.474535        1.00000        1.00000    
   0.222554E-03    1278.85        1278.86        1278.86       0.474533       0.474533        1.00000        1.00000    
   0.227050E-03    1303.57        1303.58        1303.58       0.474531       0.474531        1.00000        1.00000    
   0.231637E-03    1328.76        1328.77        1328.77       0.474528       0.474528        1.00000        1.00000    
   0.236316E-03    1354.43        1354.45        1354.44       0.474526       0.474526        1.00000        1.00000    
   0.241090E-03    1380.60        1380.61        1380.61       0.474523       0.474523        1.00000        1.00000    
   0.245960E-03    1407.27        1407.28        1407.28       0.474521       0.474521        1.00000        1.00000    
   0.250929E-03    1434.45        1434.47        1434.46       0.474518       0.474518        1.00000        1.00000    
   0.255998E-03    1462.15        1462.17        1462.17       0.474515       0.474515        1.00000        1.00000    
   0.261170E-03    1490.38        1490.40        1490.40       0.474512       0.474513        1.00000        1.00000    
   0.266446E-03    1519.16        1519.18        1519.18       0.474509       0.474510        1.00000        1.00000    
   0.271828E-03    1548.48        1548.50        1548.50       0.474506       0.474507        1.00000        1.00000    
   0.277319E-03    1578.36        1578.39        1578.39       0.474503       0.474504        1.00000        1.00000    
   0.282922E-03    1608.82        1608.85        1608.84       0.474500       0.474500        1.00000        1.00000    
   0.288637E-03    1639.86        1639.89        1639.88       0.474497       0.474497        1.00000        1.00000    
   0.294468E-03    1671.49        1671.52        1671.52       0.474493       0.474494        1.00000        1.00000    
   0.300417E-03    1703.73        1703.76        1703.75       0.474490       0.474490        1.00000        1.00000    
   0.306485E-03    1736.58        1736.61        1736.61       0.474486       0.474487        1.00000        1.00000    
   0.312677E-03    1770.05        1770.09        1770.08       0.474483       0.474483        1.00000        1.00000    
   0.318993E-03    1804.17        1804.20        1804.20       0.474479       0.474479        1.00000        1.00000    
   0.325437E-03    1838.93        1838.97        1838.97       0.474475       0.474475        1.00000        1.00000    
   0.332012E-03    1874.36        1874.40        1874.40       0.474471       0.474471        1.00000        1.00000    
   0.338719E-03    1910.46        1910.50        1910.50       0.474467       0.474467        1.00000        1.00000    
   0.345561E-03    1947.24        1947.29        1947.29       0.474463       0.474463        1.00000        1.00000    
   0.352542E-03    1984.73        1984.78        1984.77       0.474459       0.474459        1.00000        1.00000    
   0.359664E-03    2022.92        2022.98        2022.97       0.474454       0.474455        1.00000        1.00000    
   0.366930E-03    2061.85        2061.90        2061.90       0.474450       0.474450        1.00000        1.00000    
   0.374342E-03    2101.50        2101.56        2101.56       0.474445       0.474446        1.00000        1.00000    
   0.381904E-03    2141.91        2141.97        2141.97       0.474441       0.474441        1.00000        1.00000    
   0.389619E-03    2183.08        2183.15        2183.15       0.474436       0.474436        1.00000        1.00000    
   0.397490E-03    2225.04        2225.11        2225.10       0.474431       0.474431        1.00000        1.00000    
   0.405520E-03    2267.78        2267.85        2267.85       0.474426       0.474427        1.00000        1.00000    
   0.413712E-03    2311.33        2311.41        2311.40       0.474421       0.474422        1.00000        1.00000    
   0.422070E-03    2355.70        2355.78        2355.78       0.474416       0.474416        1.00000        1.00000    
   0.430596E-03    2400.90        2400.99        2400.99       0.474411       0.474411        1.00000        1.00000    
   0.439295E-03    2446.96        2447.06        2447.05       0.474405       0.474406        1.00000        1.00000    
   0.448169E-03    2493.88        2493.98        2493.97       0.474400       0.474401        1.00000        1.00000    
   0.457222E-03    2541.68        2541.79        2541.78       0.474395       0.474395        1.00000        1.00000    
   0.466459E-03    2590.38        2590.49        2590.49       0.474389       0.474390        1.00000        1.00000    
   0.475882E-03    2639.99        2640.11        2640.10       0.474384       0.474385        1.00000        1.00000    
   0.485496E-03    2690.53        2690.65        2690.65       0.474378       0.474379        1.00000        1.00000    
   0.495303E-03    2742.01        2742.14        2742.13       0.474373       0.474373        1.00000        1.00000    
   0.505309E-03    2794.45        2794.59        2794.58       0.474367       0.474368        1.00000        1.00000    
   0.515517E-03    2847.87        2848.02        2848.01       0.474361       0.474362        1.00000        1.00000    
   0.525931E-03    2902.28        2902.44        2902.43       0.474356       0.474357        1.00000        1.00000    
   0.536556E-03    2957.70        2957.87        2957.86       0.474350       0.474351        1.00000        1.00000    
   0.547395E-03    3014.15        3014.34        3014.32       0.474344       0.474345        1.00000        1.00000    
   0.558453E-03    3071.65        3071.84        3071.83       0.474339       0.474340        1.00000        1.00000    
   0.569734E-03    3130.21        3130.42        3130.40       0.474333       0.474334        1.00000        1.00000    
   0.581244E-03    3189.85        3190.07        3190.05       0.474327       0.474328        1.00000        1.00000    
   0.592986E-03    3250.59        3250.82        3250.81       0.474322       0.474323        1.00000        1.00000    
   0.604965E-03    3312.45        3312.70        3312.68       0.474316       0.474317        1.00000        1.00000    
   0.617186E-03    3375.45        3375.71        3375.69       0.474310       0.474312        1.00000        1.00000    
   0.629654E-03    3439.60        3439.88        3439.86       0.474305       0.474306        1.00000        1.00000    
   0.642374E-03    3504.93        3505.22        3505.20       0.474300       0.474301        1.00000        1.00000    
   0.655350E-03    3571.45        3571.76        3571.74       0.474294       0.474296        1.00000        1.00000    
   0.668589E-03    3639.18        3639.51        3639.49       0.474289       0.474290        1.00000        1.00000    
   0.682096E-03    3708.15        3708.50        3708.48       0.474284       0.474285        1.00000        1.00000    
   0.695875E-03    3778.37        3778.74        3778.72       0.474279       0.474280        1.00000        1.00000    
   0.709933E-03    3849.87        3850.26        3850.23       0.474274       0.474275        1.00000        1.00000    
   0.724274E-03    3922.66        3923.07        3923.04       0.474269       0.474270        1.00000        1.00000    
   0.738906E-03    3996.76        3997.20        3997.17       0.474264       0.474266        1.00000        1.00000    
   0.753832E-03    4072.20        4072.66        4072.63       0.474259       0.474261        1.00000        1.00000    
   0.769061E-03    4148.99        4149.49        4149.45       0.474255       0.474257        1.00000        1.00000    
   0.784597E-03    4227.16        4227.69        4227.65       0.474250       0.474252        1.00000        1.00000    
   0.800447E-03    4306.73        4307.29        4307.25       0.474246       0.474248        1.00000        1.00000    
   0.816617E-03    4387.72        4388.31        4388.27       0.474242       0.474244        1.00000        1.00000    
   0.833114E-03    4470.16        4470.78        4470.73       0.474237       0.474240        1.00000        1.00000    
   0.849944E-03    4554.05        4554.71        4554.66       0.474233       0.474236        1.00000        1.00000    
   0.867114E-03    4639.43        4640.12        4640.08       0.474229       0.474232        1.00000        1.00000    
   0.884631E-03    4726.32        4727.05        4727.00       0.474226       0.474228        1.00000        1.00000    
   0.902501E-03    4814.74        4815.51        4815.46       0.474222       0.474225        1.00000        1.00000    
   0.920733E-03    4904.71        4905.53        4905.47       0.474218       0.474221        1.00000        1.00000    
   0.939333E-03    4996.25        4997.12        4997.06       0.474215       0.474217        1.00000        1.00000    
   0.958309E-03    5089.39        5090.31        5090.24       0.474211       0.474214        1.00000        1.00000    
   0.977668E-03    5184.15        5185.12        5185.05       0.474207       0.474211        1.00000        1.00000    
   0.997418E-03    5280.55        5281.58        5281.50       0.474204       0.474207        1.00000        1.00000    
   0.101757E-02    5378.61        5379.70        5379.62       0.474201       0.474204        1.00000        1.00000    
   0.103812E-02    5478.36        5479.52        5479.43       0.474197       0.474201        1.00000        1.00000    
   0.105910E-02    5579.83        5581.04        5580.95       0.474194       0.474198        1.00000        1.00000    
   0.108049E-02    5683.02        5684.31        5684.21       0.474191       0.474194        1.00000        1.00000    
   0.110232E-02    5787.97        5789.33        5789.23       0.474187       0.474191        1.00000        1.00000    
   0.112459E-02    5894.69        5896.13        5896.02       0.474184       0.474188        1.00000        1.00000    
   0.114730E-02    6003.22        6004.74        6004.62       0.474180       0.474185        1.00000        1.00000    
   0.117048E-02    6113.57        6115.17        6115.05       0.474177       0.474182        1.00000        1.00000    
   0.119413E-02    6225.76        6227.45        6227.33       0.474174       0.474178        1.00000        1.00000    
   0.121825E-02    6339.82        6341.61        6341.48       0.474170       0.474175        1.00000        1.00000    
   0.124286E-02    6455.77        6457.66        6457.52       0.474167       0.474172        1.00000        1.00000    
   0.126797E-02    6573.63        6575.62        6575.47       0.474163       0.474169        1.00000        1.00000    
   0.129358E-02    6693.43        6695.53        6695.37       0.474160       0.474165        1.00000        1.00000    
   0.131971E-02    6815.18        6817.39        6817.22       0.474156       0.474162        1.00000        1.00000    
   0.134637E-02    6938.90        6941.24        6941.06       0.474153       0.474159        1.00000        1.00000    
   0.137357E-02    7064.62        7067.08        7066.89       0.474149       0.474155        1.00000        1.00000    
   0.140132E-02    7192.36        7194.96        7194.76       0.474145       0.474152        1.00000        1.00000    
   0.142963E-02    7322.14        7324.88        7324.66       0.474142       0.474149        1.00000        1.00000    
   0.145851E-02    7453.98        7456.86        7456.63       0.474139       0.474146        1.00000        1.00000    
   0.148797E-02    7587.90        7590.93        7590.69       0.474136       0.474143        1.00000        1.00000    
   0.151803E-02    7723.91        7727.11        7726.85       0.474133       0.474140        1.00000        1.00000    
   0.154870E-02    7862.05        7865.41        7865.14       0.474130       0.474138        1.00000        1.00000    
   0.157998E-02    8002.31        8005.85        8005.57       0.474127       0.474135        1.00000        1.00000    
   0.161190E-02    8144.74        8148.46        8148.16       0.474123       0.474132        1.00000        1.00000    
   0.164446E-02    8289.33        8293.25        8292.92       0.474120       0.474129        1.00000        1.00000    
   0.167768E-02    8436.11        8440.23        8439.89       0.474116       0.474125        1.00000        1.00000    
   0.171158E-02    8585.09        8589.42        8589.06       0.474112       0.474122        1.00000        1.00000    
   0.174615E-02    8736.30        8740.84        8740.46       0.474108       0.474118        1.00000        1.00000    
   0.178143E-02    8889.73        8894.51        8894.10       0.474104       0.474114        1.00000        1.00000    
   0.181741E-02    9045.42        9050.43        9050.00       0.474100       0.474111        1.00000        1.00000    
   0.185413E-02    9203.37        9208.63        9208.17       0.474096       0.474107        1.00000        1.00000    
   0.189158E-02    9363.59        9369.11        9368.63       0.474092       0.474104        1.00000        1.00000    
   0.192980E-02    9526.10        9531.89        9531.38       0.474088       0.474100        1.00000        1.00000    
   0.196878E-02    9690.90        9696.97        9696.43       0.474084       0.474096        1.00000        1.00000    
   0.200855E-02    9858.01        9864.38        9863.80       0.474079       0.474093        1.00000        1.00000    
   0.204913E-02    10027.4        10034.1        10033.5       0.474075       0.474089        1.00000        1.00000    
   0.209052E-02    10199.2        10206.2        10205.5       0.474071       0.474085        1.00000        1.00000    
   0.213276E-02    10373.3        10380.6        10379.9       0.474066       0.474082        1.00000        1.00000    
   0.217584E-02    10549.7        10557.3        10556.6       0.474062       0.474078        1.00000        1.00000    
   0.221979E-02    10728.4        10736.4        10735.7       0.474058       0.474074        1.00000        1.00000    
   0.226464E-02    10909.5        10917.9        10917.1       0.474053       0.474070        1.00000        1.00000    
   0.231039E-02    11093.0        11101.7        11100.9       0.474049       0.474066        1.00000        1.00000    
   0.235706E-02    11278.8        11287.9        11287.0       0.474044       0.474063        1.00000        1.00000    
   0.240467E-02    11466.9        11476.5        11475.5       0.474039       0.474059        1.00000        1.00000    
   0.245325E-02    11657.4        11667.4        11666.4       0.474035       0.474055        1.00000        1.00000    
   0.250281E-02    11850.2        11860.6        11859.6       0.474030       0.474051        1.00000        1.00000    
   0.255337E-02    12045.3        12056.2        12055.1       0.474025       0.474047        1.00000        1.00000    
   0.260495E-02    12242.8        12254.2        12253.0       0.474020       0.474043        1.00000        1.00000    
   0.265758E-02    12442.6        12454.4        12453.2       0.474016       0.474039        1.00000        1.00000    
   0.271126E-02    12644.7        12657.1        12655.7       0.474011       0.474035        1.00000        1.00000    
   0.276603E-02    12849.1        12862.0        12860.5       0.474006       0.474031        1.00000        1.00000    
   0.282191E-02    13055.7        13069.2        13067.7       0.474001       0.474027        1.00000        1.00000    
   0.287892E-02    13264.7        13278.7        13277.1       0.473996       0.474023        1.00000        1.00000    
   0.293708E-02    13475.9        13490.4        13488.7       0.473991       0.474020        1.00000        1.00000    
   0.299641E-02    13689.3        13704.4        13702.7       0.473986       0.474016        1.00000        1.00000    
   0.305694E-02    13904.9        13920.7        13918.8       0.473980       0.474012        1.00000        1.00000    
   0.311870E-02    14122.6        14139.1        14137.1       0.473975       0.474008        1.00000        1.00000    
   0.318170E-02    14342.6        14359.7        14357.6       0.473970       0.474004        1.00000        1.00000    
   0.324597E-02    14564.6        14582.4        14580.2       0.473965       0.474000        1.00000        1.00000    
   0.331155E-02    14788.8        14807.2        14804.9       0.473959       0.473996        1.00000        1.00000    
   0.337844E-02    15015.0        15034.2        15031.7       0.473954       0.473992        1.00000        1.00000    
   0.344669E-02    15243.2        15263.1        15260.5       0.473948       0.473988        1.00000        1.00000    
   0.351632E-02    15473.4        15494.1        15491.3       0.473943       0.473985        1.00000        1.00000    
   0.358735E-02    15705.5        15727.0        15724.1       0.473937       0.473981        1.00000        1.00000    
   0.365982E-02    15939.5        15961.8        15958.7       0.473932       0.473977        1.00000        1.00000    
   0.373376E-02    16175.4        16198.5        16195.3       0.473926       0.473973        1.00000        1.00000    
   0.380918E-02    16413.0        16437.1        16433.6       0.473920       0.473969        1.00000        1.00000    
   0.388613E-02    16652.4        16677.3        16673.7       0.473914       0.473965        1.00000        1.00000    
   0.396464E-02    16893.5        16919.3        16915.4       0.473909       0.473962        1.00000        1.00000    
   0.404473E-02    17136.2        17162.9        17158.9       0.473903       0.473958        1.00000        1.00000    
   0.412644E-02    17380.4        17408.1        17403.8       0.473897       0.473954        1.00000        1.00000    
   0.420980E-02    17626.1        17654.9        17650.3       0.473891       0.473951        1.00000        1.00000    
   0.429484E-02    17873.2        17903.0        17898.2       0.473884       0.473947        1.00000        1.00000    
   0.438160E-02    18121.7        18152.6        18147.5       0.473878       0.473943        1.00000        1.00000    
   0.447012E-02    18371.4        18403.4        18398.0       0.473872       0.473940        1.00000        1.00000    
   0.456042E-02    18622.3        18655.4        18649.7       0.473866       0.473936        1.00000        1.00000    
   0.465255E-02    18874.3        18908.6        18902.6       0.473859       0.473933        1.00000        1.00000    
   0.474653E-02    19127.3        19162.7        19156.4       0.473853       0.473929        1.00000        1.00000    
   0.484242E-02    19381.2        19417.8        19411.1       0.473846       0.473926        1.00000        1.00000    
   0.494024E-02    19635.8        19673.7        19666.6       0.473840       0.473923        1.00000        1.00000    
   0.504004E-02    19891.2        19930.3        19922.9       0.473833       0.473920        1.00000        1.00000    
   0.514186E-02    20147.2        20187.6        20179.8       0.473826       0.473917        1.00000        1.00000    
   0.524573E-02    20403.7        20445.5        20437.2       0.473819       0.473913        1.00000        1.00000    
   0.535170E-02    20660.6        20703.8        20695.1       0.473812       0.473910        1.00000        1.00000    
   0.545981E-02    20917.9        20962.5        20953.3       0.473804       0.473906        1.00000        1.00000    
   0.557011E-02    21175.2        21221.4        21211.7       0.473796       0.473903        1.00000        1.00000    
   0.568263E-02    21432.6        21480.3        21470.1       0.473788       0.473899        1.00000        1.00000    
   0.579743E-02    21689.7        21739.1        21728.3       0.473780       0.473896        1.00000        1.00000    
   0.591455E-02    21946.6        21997.5        21986.2       0.473772       0.473893        1.00000        1.00000    
   0.603403E-02    22202.8        22255.5        22243.5       0.473764       0.473890        1.00000        1.00000    
   0.615592E-02    22458.5        22512.8        22500.1       0.473756       0.473887        1.00000        1.00000    
   0.628028E-02    22713.2        22769.3        22755.9       0.473748       0.473885        1.00000        1.00000    
   0.640715E-02    22967.1        23024.8        23010.8       0.473740       0.473882        1.00000        1.00000    
   0.653658E-02    23219.7        23279.3        23264.5       0.473732       0.473880        1.00000        1.00000    
   0.666863E-02    23471.1        23532.5        23516.9       0.473723       0.473877        1.00000        1.00000    
   0.680335E-02    23721.0        23784.3        23767.9       0.473715       0.473875        1.00000        1.00000    
   0.694078E-02    23969.3        24034.4        24017.2       0.473706       0.473873        1.00000        1.00000    
   0.708100E-02    24215.7        24282.8        24264.6       0.473697       0.473871        1.00000        1.00000    
   0.722404E-02    24460.2        24529.3        24510.1       0.473688       0.473870        1.00000        1.00000    
   0.736998E-02    24702.5        24773.5        24753.4       0.473679       0.473869        1.00000        1.00000    
   0.751886E-02    24942.3        25015.4        24994.2       0.473670       0.473867        1.00000        1.00000    
   0.767075E-02    25179.6        25254.8        25232.4       0.473661       0.473867        1.00000        1.00000    
   0.782571E-02    25414.0        25491.3        25467.8       0.473652       0.473866        1.00000        1.00000    
   0.798380E-02    25645.3        25724.7        25700.1       0.473642       0.473866        1.00000        1.00000    
   0.814509E-02    25873.3        25954.9        25929.0       0.473633       0.473866        1.00000        1.00000    
   0.830963E-02    26097.8        26181.6        26154.3       0.473624       0.473866        1.00000        1.00000    
   0.847750E-02    26318.5        26404.5        26375.9       0.473614       0.473867        1.00000        1.00000    
   0.864875E-02    26535.1        26623.4        26593.3       0.473604       0.473868        1.00000        1.00000    
   0.882347E-02    26747.5        26838.1        26806.5       0.473594       0.473869        1.00000        1.00000    
   0.900171E-02    26955.3        27048.2        27015.0       0.473584       0.473870        1.00000        1.00000    
   0.918356E-02    27158.2        27253.5        27218.6       0.473574       0.473872        1.00000        1.00000    
   0.936908E-02    27356.1        27453.8        27417.1       0.473564       0.473875        1.00000        1.00000    
   0.955835E-02    27548.6        27648.7        27610.2       0.473554       0.473877        1.00000        1.00000    
   0.975144E-02    27735.4        27837.9        27797.6       0.473543       0.473880        1.00000        1.00000    
   0.994843E-02    27916.3        28021.3        27979.0       0.473532       0.473884        1.00000        1.00000    
   0.101494E-01    28090.9        28198.4        28154.0       0.473521       0.473888        1.00000        1.00000    
   0.103544E-01    28259.0        28369.0        28322.5       0.473510       0.473892        1.00000        1.00000    
   0.105636E-01    28420.3        28532.8        28484.1       0.473499       0.473897        1.00000        1.00000    
   0.107770E-01    28574.5        28689.6        28638.5       0.473488       0.473903        1.00000        1.00000    
   0.109947E-01    28721.2        28838.9        28785.4       0.473477       0.473909        1.00000        1.00000    
   0.112168E-01    28860.2        28980.4        28924.4       0.473465       0.473915        1.00000        1.00000    
   0.114434E-01    28991.1        29113.9        29055.3       0.473453       0.473923        1.00000        1.00000    
   0.116746E-01    29113.7        29239.0        29177.7       0.473442       0.473930        1.00000        1.00000    
   0.119104E-01    29227.5        29355.4        29291.3       0.473430       0.473939        1.00000        1.00000    
   0.121510E-01    29332.3        29462.8        29395.8       0.473417       0.473948        1.00000        1.00000    
   0.123965E-01    29427.8        29560.9        29490.8       0.473405       0.473958        1.00000        1.00000    
   0.126469E-01    29513.6        29649.3        29576.0       0.473393       0.473969        1.00000        1.00000    
   0.129024E-01    29589.4        29727.7        29651.2       0.473380       0.473980        1.00000        1.00000    
   0.131631E-01    29654.9        29795.8        29715.9       0.473368       0.473993        1.00000        1.00000    
   0.134290E-01    29709.8        29853.2        29769.9       0.473355       0.474006        1.00000        1.00000    
   0.137003E-01    29753.8        29899.7        29812.8       0.473341       0.474020        1.00000        1.00000    
   0.139770E-01    29786.6        29935.0        29844.3       0.473328       0.474034        1.00000        1.00000    
   0.142594E-01    29807.8        29958.7        29864.2       0.473315       0.474050        1.00000        1.00000    
   0.145474E-01    29817.1        29970.5        29872.1       0.473301       0.474067        1.00000        1.00000    
   0.148413E-01    29814.4        29970.2        29867.8       0.473287       0.474084        1.00000        1.00000    
   0.151411E-01    29799.3        29957.4        29850.9       0.473273       0.474103        1.00000        1.00000    
   0.154470E-01    29771.5        29932.0        29821.2       0.473259       0.474123        1.00000        1.00000    
   0.157590E-01    29730.8        29893.6        29778.4       0.473244       0.474144        1.00000        1.00000    
   0.160774E-01    29677.0        29842.0        29722.3       0.473230       0.474166        1.00000        1.00000    
   0.164022E-01    29609.8        29777.0        29652.8       0.473215       0.474189        1.00000        1.00000    
   0.167335E-01    29529.0        29698.4        29569.5       0.473200       0.474213        1.00000        1.00000    
   0.170716E-01    29434.5        29605.9        29472.3       0.473184       0.474239        1.00000        1.00000    
   0.174164E-01    29326.1        29499.5        29361.0       0.473169       0.474266        1.00000        1.00000    
   0.177683E-01    29203.6        29379.0        29235.6       0.473153       0.474294        1.00000        1.00000    
   0.181272E-01    29066.9        29244.2        29095.8       0.473137       0.474323        1.00000        1.00000    
   0.184934E-01    28916.1        29095.1        28941.7       0.473121       0.474353        1.00000        1.00000    
   0.188670E-01    28750.9        28931.7        28773.1       0.473105       0.474385        1.00000        1.00000    
   0.192481E-01    28571.5        28753.8        28590.1       0.473088       0.474419        1.00000        1.00000    
   0.196370E-01    28377.7        28561.5        28392.7       0.473071       0.474453        1.00000        1.00000    
   0.200337E-01    28169.8        28354.9        28180.9       0.473054       0.474490        1.00000        1.00000    
   0.204384E-01    27947.6        28134.1        27954.8       0.473037       0.474527        1.00000        1.00000    
   0.208513E-01    27711.5        27899.1        27714.6       0.473019       0.474566        1.00000        1.00000    
   0.212725E-01    27461.5        27650.2        27460.6       0.473002       0.474606        1.00000        1.00000    
   0.217022E-01    27197.9        27387.6        27192.8       0.472984       0.474648        1.00000        1.00000    
   0.221406E-01    26921.0        27111.5        26911.6       0.472966       0.474691        1.00000        1.00000    
   0.225879E-01    26631.0        26822.2        26617.3       0.472947       0.474735        1.00000        1.00000    
   0.230442E-01    26328.5        26520.2        26310.4       0.472929       0.474781        1.00000        1.00000    
   0.235097E-01    26013.7        26205.9        25991.2       0.472910       0.474828        1.00000        1.00000    
   0.239847E-01    25687.2        25879.6        25660.3       0.472891       0.474876        1.00000        1.00000    
   0.244692E-01    25349.4        25542.0        25318.2       0.472872       0.474925        1.00000        1.00000    
   0.249635E-01    25001.1        25193.7        24965.5       0.472853       0.474975        1.00000        1.00000    
   0.254678E-01    24642.8        24835.2        24602.9       0.472833       0.475026        1.00000        1.00000    
   0.259823E-01    24275.2        24467.4        24231.1       0.472814       0.475078        1.00000        1.00000    
   0.265072E-01    23899.0        24090.8        23850.8       0.472795       0.475131        1.00000        1.00000    
   0.270426E-01    23515.0        23706.2        23462.8       0.472775       0.475184        1.00000        1.00000    
   0.275889E-01    23124.2        23314.8        23068.1       0.472756       0.475237        1.00000        1.00000    
   0.281463E-01    22727.6        22917.3        22667.8       0.472736       0.475291        1.00000        1.00000    
   0.287149E-01    22326.1        22514.8        22262.8       0.472717       0.475344        1.00000        1.00000    
   0.292949E-01    21920.6        22108.2        21854.0       0.472698       0.475397        1.00000        1.00000    
   0.298867E-01    21512.1        21698.4        21442.4       0.472679       0.475449        1.00000        1.00000    
   0.304905E-01    21101.7        21286.6        21029.2       0.472661       0.475501        1.00000        1.00000    
   0.311064E-01    20690.4        20873.8        20615.4       0.472643       0.475551        1.00000        1.00000    
   0.317348E-01    20279.1        20460.9        20202.0       0.472625       0.475599        1.00000        1.00000    
   0.323759E-01    19868.9        20048.9        19789.8       0.472608       0.475645        1.00000        1.00000    
   0.330299E-01    19460.7        19638.8        19380.0       0.472591       0.475689        1.00000        1.00000    
   0.336972E-01    19055.4        19231.6        18973.6       0.472575       0.475730        1.00000        1.00000    
   0.343779E-01    18654.3        18828.4        18571.6       0.472560       0.475768        1.00000        1.00000    
   0.350724E-01    18258.0        18430.0        18174.9       0.472546       0.475801        1.00000        1.00000    
   0.357809E-01    17867.6        18037.2        17784.4       0.472532       0.475831        1.00000        1.00000    
   0.365038E-01    17484.1        17651.5        17401.3       0.472520       0.475855        1.00000        1.00000    
   0.372412E-01    17109.2        17274.1        17027.1       0.472509       0.475874        1.00000        1.00000    
   0.379935E-01    16744.1        16906.6        16663.2       0.472499       0.475888        1.00000        1.00000    
   0.387610E-01    16390.2        16550.2        16310.9       0.472491       0.475895        1.00000        1.00000    
   0.395440E-01    16048.6        16206.0        15971.3       0.472484       0.475894        1.00000        1.00000    
   0.403429E-01    15719.9        15874.8        15645.0       0.472478       0.475887        1.00000        1.00000    
   0.411579E-01    15404.4        15556.8        15332.4       0.472475       0.475871        1.00000        1.00000    
   0.419893E-01    15102.5        15252.2        15033.7       0.472473       0.475848        1.00000        1.00000    
   0.428375E-01    14814.2        14961.4        14749.0       0.472472       0.475817        1.00000        1.00000    
   0.437029E-01    14539.8        14684.4        14478.5       0.472474       0.475777        1.00000        1.00000    
   0.445858E-01    14278.8        14420.9        14221.9       0.472477       0.475729        1.00000        1.00000    
   0.454865E-01    14030.3        14170.0        13978.0       0.472482       0.475673        1.00000        1.00000    
   0.464053E-01    13793.5        13930.6        13746.1       0.472489       0.475610        1.00000        1.00000    
   0.473428E-01    13567.5        13702.2        13525.2       0.472497       0.475540        1.00000        1.00000    
   0.482992E-01    13351.6        13483.8        13314.6       0.472507       0.475463        1.00000        1.00000    
   0.492749E-01    13145.2        13274.9        13113.7       0.472518       0.475379        1.00000        1.00000    
   0.502703E-01    12948.1        13075.5        12922.1       0.472530       0.475291        1.00000        1.00000    
   0.512858E-01    12760.0        12885.1        12739.7       0.472543       0.475199        1.00000        1.00000    
   0.523219E-01    12580.8        12703.6        12566.2       0.472556       0.475104        1.00000        1.00000    
   0.533789E-01    12410.2        12530.8        12401.1       0.472570       0.475007        1.00000        1.00000    
   0.544572E-01    12246.7        12365.1        12243.0       0.472585       0.474910        1.00000        1.00000    
   0.555573E-01    12087.6        12203.9        12089.1       0.472599       0.474814        1.00000        1.00000    
   0.566796E-01    11930.4        12044.6        11936.9       0.472613       0.474720        1.00000        1.00000    
   0.578246E-01    11772.6        11884.9        11783.7       0.472626       0.474631        1.00000        1.00000    
   0.589927E-01    11612.1        11722.4        11627.4       0.472637       0.474548        1.00000        1.00000    
   0.601845E-01    11446.5        11554.9        11465.4       0.472648       0.474472        1.00000        1.00000    
   0.614003E-01    11273.9        11380.5        11295.9       0.472656       0.474406        1.00000        1.00000    
   0.626407E-01    11092.3        11197.1        11116.9       0.472663       0.474350        1.00000        1.00000    
   0.639061E-01    10900.2        11003.0        10926.4       0.472667       0.474307        1.00000        1.00000    
   0.651971E-01    10695.8        10796.8        10723.1       0.472669       0.474277        1.00000        1.00000    
   0.665142E-01    10478.3        10577.5        10506.0       0.472668       0.474261        1.00000        1.00000    
   0.678578E-01    10247.6        10344.9        10274.7       0.472664       0.474260        1.00000        1.00000    
   0.692287E-01    10003.4        10098.8        10029.4       0.472657       0.474275        1.00000        1.00000    
   0.706272E-01    9745.78        9839.37        9769.95       0.472646       0.474306        1.00000        1.00000    
   0.720539E-01    9475.10        9566.79        9496.78       0.472633       0.474354        1.00000        1.00000    
   0.735095E-01    9192.87        9282.63        9211.51       0.472616       0.474417        1.00000        1.00000    
   0.749945E-01    8901.72        8989.51        8916.87       0.472596       0.474496        1.00000        1.00000    
   0.765095E-01    8604.16        8689.97        8615.54       0.472574       0.474587        1.00000        1.00000    
   0.780551E-01    8302.59        8386.38        8310.00       0.472549       0.474690        1.00000        1.00000    
   0.796319E-01    7999.23        8080.97        8002.59       0.472523       0.474803        1.00000        1.00000    
   0.812406E-01    7696.99        7776.66        7696.37       0.472495       0.474923        1.00000        1.00000    
   0.828817E-01    7399.29        7476.88        7394.90       0.472467       0.475045        1.00000        1.00000    
   0.845561E-01    7109.12        7184.61        7101.32       0.472440       0.475166        1.00000        1.00000    
   0.862642E-01    6829.02        6902.39        6818.27       0.472413       0.475280        1.00000        1.00000    
   0.880068E-01    6561.13        6632.39        6547.97       0.472389       0.475384        1.00000        1.00000    
   0.897847E-01    6307.76        6376.91        6292.80       0.472369       0.475472        1.00000        1.00000    
   0.915985E-01    6071.29        6138.36        6055.18       0.472352       0.475541        1.00000        1.00000    
   0.934489E-01    5853.71        5918.74        5837.12       0.472340       0.475586        1.00000        1.00000    
   0.953367E-01    5656.66        5719.72        5640.29       0.472333       0.475603        1.00000        1.00000    
   0.972626E-01    5481.46        5542.61        5466.04       0.472334       0.475587        1.00000        1.00000    
   0.992274E-01    5327.43        5386.76        5313.60       0.472341       0.475539        1.00000        1.00000    
   0.101232        5192.21        5249.79        5180.50       0.472354       0.475462        1.00000        1.00000    
   0.103277        5073.65        5129.57        5064.47       0.472371       0.475360        1.00000        1.00000    
   0.105363        4969.87        5024.22        4963.52       0.472393       0.475238        1.00000        1.00000    
   0.107492        4879.10        4931.96        4875.80       0.472419       0.475099        1.00000        1.00000    
   0.109663        4797.85        4849.30        4797.70       0.472446       0.474951        1.00000        1.00000    
   0.111879        4721.06        4771.16        4723.96       0.472474       0.474803        1.00000        1.00000    
   0.114139        4643.91        4692.70        4649.60       0.472500       0.474662        1.00000        1.00000    
   0.116445        4561.90        4609.42        4569.93       0.472522       0.474539        1.00000        1.00000    
   0.118797        4470.92        4517.19        4480.68       0.472540       0.474443        1.00000        1.00000    
   0.121197        4368.55        4413.60        4379.34       0.472551       0.474378        1.00000        1.00000    
   0.123645        4254.02        4297.84        4265.13       0.472555       0.474347        1.00000        1.00000    
   0.126143        4126.85        4169.44        4137.56       0.472552       0.474351        1.00000        1.00000    
   0.128691        3986.85        4028.21        3996.50       0.472541       0.474394        1.00000        1.00000    
   0.131291        3834.28        3874.40        3842.24       0.472523       0.474475        1.00000        1.00000    
   0.133943        3672.52        3711.37        3678.34       0.472498       0.474591        1.00000        1.00000    
   0.136649        3507.36        3544.94        3510.89       0.472468       0.474728        1.00000        1.00000    
   0.139409        3343.96        3380.27        3345.26       0.472437       0.474873        1.00000        1.00000    
   0.142226        3186.62        3221.66        3185.95       0.472407       0.475014        1.00000        1.00000    
   0.145099        3038.87        3072.65        3036.64       0.472381       0.475137        1.00000        1.00000    
   0.148030        2903.14        2935.70        2899.83       0.472359       0.475235        1.00000        1.00000    
   0.151020        2781.01        2812.40        2777.11       0.472345       0.475298        1.00000        1.00000    
   0.154071        2673.73        2703.99        2669.72       0.472339       0.475322        1.00000        1.00000    
   0.157184        2582.33        2611.54        2578.72       0.472342       0.475300        1.00000        1.00000    
   0.160359        2507.60        2535.83        2504.90       0.472355       0.475226        1.00000        1.00000    
   0.163598        2446.91        2474.23        2445.54       0.472378       0.475107        1.00000        1.00000    
   0.166903        2394.63        2421.10        2394.78       0.472405       0.474964        1.00000        1.00000    
   0.170275        2345.57        2371.21        2347.20       0.472434       0.474817        1.00000        1.00000    
   0.173715        2294.92        2319.77        2297.82       0.472459       0.474686        1.00000        1.00000    
   0.177224        2238.41        2262.49        2242.15       0.472476       0.474592        1.00000        1.00000    
   0.180804        2174.31        2197.63        2178.41       0.472485       0.474543        1.00000        1.00000    
   0.184457        2103.21        2125.77        2107.24       0.472485       0.474537        1.00000        1.00000    
   0.188183        2025.85        2047.67        2029.47       0.472478       0.474568        1.00000        1.00000    
   0.191985        1943.05        1964.10        1945.97       0.472463       0.474635        1.00000        1.00000    
   0.195863        1855.75        1876.03        1857.78       0.472442       0.474732        1.00000        1.00000    
   0.199820        1766.96        1786.47        1768.02       0.472418       0.474847        1.00000        1.00000    
   0.203856        1681.20        1699.94        1681.39       0.472394       0.474962        1.00000        1.00000    
   0.207974        1602.25        1620.26        1601.80       0.472374       0.475055        1.00000        1.00000    
   0.212176        1533.18        1550.49        1532.43       0.472363       0.475105        1.00000        1.00000    
   0.216462        1476.38        1493.05        1475.72       0.472364       0.475095        1.00000        1.00000    
   0.220835        1430.45        1446.53        1430.25       0.472377       0.475026        1.00000        1.00000    
   0.225296        1390.92        1406.44        1391.33       0.472397       0.474925        1.00000        1.00000    
   0.229847        1353.71        1368.69        1354.74       0.472418       0.474817        1.00000        1.00000    
   0.234490        1315.15        1329.62        1316.66       0.472435       0.474729        1.00000        1.00000    
   0.239227        1272.13        1286.09        1273.83       0.472443       0.474686        1.00000        1.00000    
   0.244060        1224.48        1237.93        1226.08       0.472440       0.474693        1.00000        1.00000    
   0.248990        1174.53        1187.47        1175.86       0.472432       0.474733        1.00000        1.00000    
   0.254020        1124.43        1136.89        1125.44       0.472420       0.474789        1.00000        1.00000    
   0.259152        1076.03        1088.01        1076.75       0.472408       0.474843        1.00000        1.00000    
   0.264387        1030.84        1042.36        1031.37       0.472400       0.474879        1.00000        1.00000    
   0.269728        989.188        1000.25        989.648       0.472397       0.474891        1.00000        1.00000    
   0.275177        950.445        961.076        950.911       0.472397       0.474886        1.00000        1.00000    
   0.280736        914.037        924.254        914.549       0.472400       0.474871        1.00000        1.00000    
   0.286407        879.462        889.282        880.028       0.472403       0.474852        1.00000        1.00000    
   0.292193        846.283        855.725        846.887       0.472406       0.474836        1.00000        1.00000    
   0.298096        814.240        823.322        814.856       0.472407       0.474827        1.00000        1.00000    
   0.304118        783.216        791.952        783.826       0.472408       0.474822        1.00000        1.00000    
   0.310261        753.112        761.515        753.708       0.472407       0.474820        1.00000        1.00000    
   0.316529        723.844        731.922        724.420       0.472407       0.474819        1.00000        1.00000    
   0.322923        695.336        703.099        695.895       0.472407       0.474817        1.00000        1.00000    
   0.329447        667.589        675.044        668.133       0.472407       0.474815        1.00000        1.00000    
   0.336102        640.658        647.814        641.186       0.472407       0.474814        1.00000        1.00000    
   0.342892        614.591        621.457        615.101       0.472406       0.474813        1.00000        1.00000    
   0.349819        589.425        596.013        589.911       0.472406       0.474815        1.00000        1.00000    
   0.356885        565.189        571.511        565.645       0.472404       0.474819        1.00000        1.00000    
   0.364095        541.904        547.970        542.326       0.472402       0.474826        1.00000        1.00000    
   0.371450        519.582        525.404        519.970       0.472401       0.474834        1.00000        1.00000    
   0.378954        498.231        503.818        498.590       0.472399       0.474840        1.00000        1.00000    
   0.386609        477.851        483.212        478.189       0.472398       0.474844        1.00000        1.00000    
   0.394419        458.434        463.578        458.762       0.472398       0.474842        1.00000        1.00000    
   0.402387        439.908        444.844        440.237       0.472399       0.474835        1.00000        1.00000    
   0.410516        422.153        426.887        422.487       0.472400       0.474826        1.00000        1.00000    
   0.418809        405.058        409.598        405.397       0.472402       0.474816        1.00000        1.00000    
   0.427269        388.528        392.881        388.867       0.472404       0.474807        1.00000        1.00000    
   0.435901        372.483        376.655        372.815       0.472404       0.474803        1.00000        1.00000    
   0.444706        356.909        360.908        357.228       0.472404       0.474803        1.00000        1.00000    
   0.453690        341.850        345.682        342.151       0.472403       0.474806        1.00000        1.00000    
   0.462855        327.342        331.013        327.625       0.472402       0.474810        1.00000        1.00000    
   0.472206        313.413        316.930        313.678       0.472401       0.474815        1.00000        1.00000    
   0.481745        300.083        303.452        300.332       0.472400       0.474819        1.00000        1.00000    
   0.491477        287.340        290.567        287.576       0.472399       0.474821        1.00000        1.00000    
   0.501405        275.146        278.236        275.371       0.472399       0.474822        1.00000        1.00000    
   0.511534        263.464        266.424        263.681       0.472398       0.474821        1.00000        1.00000    
   0.521868        252.263        255.098        252.471       0.472398       0.474821        1.00000        1.00000    
   0.532411        241.513        244.227        241.713       0.472398       0.474820        1.00000        1.00000    
   0.543166        231.191        233.790        231.384       0.472398       0.474819        1.00000        1.00000    
   0.554139        221.284        223.771        221.469       0.472398       0.474818        1.00000        1.00000    
   0.565333        211.776        214.157        211.955       0.472398       0.474818        1.00000        1.00000    
   0.576753        202.654        204.933        202.826       0.472398       0.474817        1.00000        1.00000    
   0.588404        193.904        196.085        194.069       0.472398       0.474817        1.00000        1.00000    
   0.600291        185.512        187.599        185.670       0.472398       0.474816        1.00000        1.00000    
   0.612418        177.465        179.461        177.617       0.472398       0.474816        1.00000        1.00000    
   0.624789        169.749        171.659        169.895       0.472398       0.474816        1.00000        1.00000    
   0.637411        162.352        164.178        162.492       0.472398       0.474815        1.00000        1.00000    
   0.650288        155.262        157.008        155.395       0.472398       0.474815        1.00000        1.00000    
   0.663424        148.465        150.136        148.593       0.472398       0.474814        1.00000        1.00000    
   0.676826        141.952        143.550        142.075       0.472398       0.474814        1.00000        1.00000    
   0.690499        135.712        137.239        135.829       0.472397       0.474814        1.00000        1.00000    
   0.704448        129.732        131.192        129.845       0.472397       0.474814        1.00000        1.00000    
   0.718679        124.005        125.400        124.112       0.472397       0.474813        1.00000        1.00000    
   0.733197        118.518        119.852        118.621       0.472397       0.474813        1.00000        1.00000    
   0.748009        113.264        114.539        113.363       0.472397       0.474813        1.00000        1.00000    
   0.763119        108.232        109.450        108.327       0.472397       0.474813        1.00000        1.00000    
   0.778536        103.414        104.578        103.504       0.472397       0.474813        1.00000        1.00000    
   0.794263        98.8013        99.9136        98.8878       0.472397       0.474813        1.00000        1.00000    
   0.810308        94.3856        95.4482        94.4684       0.472397       0.474812        1.00000        1.00000    
   0.826677        90.1591        91.1742        90.2383       0.472397       0.474812        1.00000        1.00000    
   0.843378        86.1143        87.0839        86.1899       0.472397       0.474812        1.00000        1.00000    
   0.860415        82.2438        83.1699        82.3161       0.472397       0.474812        1.00000        1.00000    
   0.877797        78.5406        79.4251        78.6098       0.472397       0.474812        1.00000        1.00000    
   0.895529        74.9979        75.8425        75.0640       0.472397       0.474812        1.00000        1.00000    
   0.913620        71.6089        72.4155        71.6721       0.472397       0.474812        1.00000        1.00000    
   0.932076        68.3674        69.1374        68.4277       0.472397       0.474811        1.00000        1.00000    
   0.950906        65.2669        66.0021        65.3247       0.472396       0.474811        1.00000        1.00000    
   0.970115        62.3018        63.0036        62.3569       0.472396       0.474811        1.00000        1.00000    
   0.989713        59.4663        60.1362        59.5190       0.472396       0.474811        1.00000        1.00000    
    1.00971        56.7552        57.3946        56.8055       0.472396       0.474811        1.00000        1.00000    
    1.03010        54.1633        54.7735        54.2114       0.472396       0.474811        1.00000        1.00000    
    1.05091        51.6856        52.2680        51.7316       0.472396       0.474811        1.00000        1.00000    
    1.07214        49.3175        49.8732        49.3614       0.472396       0.474811        1.00000        1.00000    
    1.09380        47.0543        47.5845        47.0961       0.472396       0.474811        1.00000        1.00000    
    1.11590        44.8915        45.3973        44.9314       0.472396       0.474811        1.00000        1.00000    
    1.13844        42.8248        43.3073        42.8629       0.472396       0.474810        1.00000        1.00000    
    1.16144        40.8500        41.3104        40.8865       0.472396       0.474810        1.00000        1.00000    
    1.18490        38.9634        39.4025        38.9981       0.472396       0.474810        1.00000        1.00000    
    1.20884        37.1610        37.5798        37.1942       0.472396       0.474810        1.00000        1.00000    
    1.23326        35.4393        35.8387        35.4710       0.472396       0.474810        1.00000        1.00000    
    1.25817        33.7949        34.1758        33.8251       0.472396       0.474810        1.00000        1.00000    
    1.28359        32.2244        32.5876        32.2532       0.472396       0.474810        1.00000        1.00000    
    1.30952        30.7247        31.0710        30.7522       0.472396       0.474810        1.00000        1.00000    
    1.33597        29.2927        29.6229        29.3190       0.472396       0.474810        1.00000        1.00000    
    1.36296        27.9255        28.2403        27.9505       0.472396       0.474810        1.00000        1.00000    
    1.39049        26.6203        26.9203        26.6441       0.472396       0.474810        1.00000        1.00000    
    1.41858        25.3742        25.6602        25.3970       0.472396       0.474810        1.00000        1.00000    
    1.44724        24.1848        24.4575        24.2065       0.472396       0.474810        1.00000        1.00000    
    1.47648        23.0496        23.3094        23.0703       0.472396       0.474810        1.00000        1.00000    
    1.50630        21.9661        22.2138        21.9859       0.472396       0.474810        1.00000        1.00000    
    1.53673        20.9322        21.1682        20.9510       0.472396       0.474810        1.00000        1.00000    
    1.56778        19.9456        20.1704        19.9635       0.472396       0.474809        1.00000        1.00000    
    1.59945        19.0042        19.2184        19.0213       0.472396       0.474809        1.00000        1.00000    
    1.63176        18.1060        18.3102        18.1223       0.472396       0.474809        1.00000        1.00000    
    1.66472        17.2492        17.4437        17.2647       0.472396       0.474809        1.00000        1.00000    
    1.69835        16.4319        16.6171        16.4467       0.472396       0.474809        1.00000        1.00000    
    1.73266        15.6523        15.8288        15.6664       0.472396       0.474809        1.00000        1.00000    
    1.76766        14.9088        15.0768        14.9222       0.472396       0.474809        1.00000        1.00000    
    1.80337        14.1996        14.3597        14.2124       0.472396       0.474809        1.00000        1.00000    
    1.83980        13.5234        13.6759        13.5356       0.472396       0.474809        1.00000        1.00000    
    1.87697        12.8786        13.0238        12.8902       0.472396       0.474809        1.00000        1.00000    
    1.91489        12.2638        12.4021        12.2748       0.472396       0.474809        1.00000        1.00000    
    1.95357        11.6776        11.8093        11.6881       0.472396       0.474809        1.00000        1.00000    
    1.99304        11.1188        11.2442        11.1288       0.472396       0.474809        1.00000        1.00000    
    2.03330        10.5861        10.7054        10.5956       0.472396       0.474809        1.00000        1.00000    
    2.07437        10.0783        10.1919        10.0873       0.472396       0.474809        1.00000        1.00000    
    2.11628        9.59426        9.70244        9.60290       0.472396       0.474809        1.00000        1.00000    
    2.15903        9.13297        9.23595        9.14120       0.472396       0.474809        1.00000        1.00000    
    2.20265        8.69336        8.79139        8.70119       0.472396       0.474809        1.00000        1.00000    
    2.24714        8.27444        8.36775        8.28189       0.472395       0.474809        1.00000        1.00000    
    2.29254        7.87526        7.96407        7.88236       0.472395       0.474809        1.00000        1.00000    
    2.33885        7.49492        7.57943        7.50167       0.472395       0.474809        1.00000        1.00000    
    2.38610        7.13254        7.21297        7.13897       0.472395       0.474809        1.00000        1.00000    
    2.43430        6.78731        6.86385        6.79342       0.472395       0.474809        1.00000        1.00000    
    2.48348        6.45843        6.53126        6.46425       0.472395       0.474809        1.00000        1.00000    
    2.53365        6.14515        6.21445        6.15069       0.472395       0.474809        1.00000        1.00000    
    2.58483        5.84675        5.91269        5.85202       0.472395       0.474809        1.00000        1.00000    
    2.63705        5.56255        5.62528        5.56756       0.472395       0.474809        1.00000        1.00000    
    2.69032        5.29188        5.35156        5.29664       0.472395       0.474809        1.00000        1.00000    
    2.74466        5.03412        5.09089        5.03865       0.472395       0.474809        1.00000        1.00000    
    2.80011        4.78866        4.84266        4.79297       0.472395       0.474809        1.00000        1.00000    
    2.85668        4.55493        4.60630        4.55903       0.472395       0.474809        1.00000        1.00000    
    2.91439        4.33240        4.38125        4.33629       0.472395       0.474809        1.00000        1.00000    
    2.97326        4.12052        4.16699        4.12422       0.472395       0.474809        1.00000        1.00000    
    3.03332        3.91881        3.96300        3.92233       0.472395       0.474809        1.00000        1.00000    
    3.09460        3.72678        3.76881        3.73013       0.472395       0.474809        1.00000        1.00000    
    3.15712        3.54399        3.58396        3.54718       0.472395       0.474809        1.00000        1.00000    
    3.22090        3.37000        3.40801        3.37303       0.472395       0.474809        1.00000        1.00000    
    3.28596        3.20440        3.24054        3.20728       0.472395       0.474809        1.00000        1.00000    
    3.35234        3.04679        3.08115        3.04952       0.472395       0.474809        1.00000        1.00000    
    3.42006        2.89679        2.92946        2.89939       0.472395       0.474809        1.00000        1.00000    
    3.48916        2.75404        2.78510        2.75651       0.472395       0.474809        1.00000        1.00000    
    3.55964        2.61820        2.64773        2.62055       0.472395       0.474809        1.00000        1.00000    
    3.63155        2.48895        2.51702        2.49118       0.472395       0.474810        1.00000        1.00000    
    3.70491        2.36596        2.39265        2.36808       0.472395       0.474810        1.00000        1.00000    
    3.77976        2.24895        2.27431        2.25096       0.472395       0.474810        1.00000        1.00000    
    3.85611        2.13762        2.16174        2.13954       0.472395       0.474810        1.00000        1.00000    
    3.93401        2.03172        2.05464        2.03354       0.472395       0.474810        1.00000        1.00000    
    4.01348        1.93098        1.95276        1.93270       0.472395       0.474810        1.00000        1.00000    
    4.09456        1.83515        1.85585        1.83679       0.472395       0.474810        1.00000        1.00000    
    4.17727        1.74399        1.76367        1.74555       0.472395       0.474810        1.00000        1.00000    
    4.26166        1.65730        1.67599        1.65878       0.472395       0.474810        1.00000        1.00000    
    4.34775        1.57484        1.59261        1.57625       0.472395       0.474810        1.00000        1.00000    
    4.43558        1.49642        1.51330        1.49776       0.472395       0.474810        1.00000        1.00000    
    4.52519        1.42185        1.43789        1.42311       0.472395       0.474811        1.00000        1.00000    
    4.61660        1.35093        1.36617        1.35213       0.472395       0.474811        1.00000        1.00000    
    4.70987        1.28350        1.29798        1.28464       0.472395       0.474811        1.00000        1.00000    
    4.80501        1.21938        1.23313        1.22046       0.472395       0.474811        1.00000        1.00000    
    4.90208        1.15841        1.17148        1.15944       0.472395       0.474811        1.00000        1.00000    
    5.00111        1.10045        1.11286        1.10142       0.472395       0.474811        1.00000        1.00000    
    5.10214        1.04534        1.05714        1.04627       0.472395       0.474811        1.00000        1.00000    
    5.20521       0.992959        1.00416       0.993837       0.472395       0.474811        1.00000        1.00000    
    5.31036       0.943160       0.953801       0.943993       0.472395       0.474812        1.00000        1.00000    
    5.41763       0.895823       0.905931       0.896613       0.472394       0.474812        1.00000        1.00000    
    5.52708       0.850828       0.860428       0.851578       0.472394       0.474812        1.00000        1.00000    
    5.63873       0.808062       0.817179       0.808772       0.472394       0.474812        1.00000        1.00000    
    5.75264       0.767414       0.776073       0.768088       0.472394       0.474812        1.00000        1.00000    
    5.86885       0.728783       0.737007       0.729422       0.472394       0.474813        1.00000        1.00000    
    5.98741       0.692070       0.699879       0.692676       0.472394       0.474813        1.00000        1.00000    
    6.10836       0.657181       0.664597       0.657755       0.472394       0.474813        1.00000        1.00000    
    6.23176       0.624027       0.631069       0.624572       0.472394       0.474813        1.00000        1.00000    
    6.35765       0.592523       0.599210       0.593039       0.472394       0.474813        1.00000        1.00000    
    6.48609       0.562589       0.568938       0.563078       0.472394       0.474814        1.00000        1.00000    
    6.61711       0.534146       0.540175       0.534610       0.472394       0.474814        1.00000        1.00000    
    6.75079       0.507123       0.512847       0.507562       0.472394       0.474814        1.00000        1.00000    
    6.88716       0.481449       0.486883       0.481865       0.472394       0.474815        1.00000        1.00000    
    7.02629       0.457059       0.462217       0.457453       0.472394       0.474815        1.00000        1.00000    
    7.16823       0.433888       0.438785       0.434261       0.472394       0.474815        1.00000        1.00000    
    7.31304       0.411877       0.416526       0.412230       0.472394       0.474816        1.00000        1.00000    
    7.46077       0.390969       0.395382       0.391303       0.472393       0.474816        1.00000        1.00000    
    7.61149       0.371109       0.375298       0.371425       0.472393       0.474816        1.00000        1.00000    
    7.76525       0.352245       0.356222       0.352545       0.472393       0.474817        1.00000        1.00000    
    7.92212       0.334329       0.338103       0.334612       0.472393       0.474817        1.00000        1.00000    
    8.08217       0.317312       0.320895       0.317581       0.472393       0.474817        1.00000        1.00000    
    8.24543       0.301152       0.304552       0.301406       0.472393       0.474818        1.00000        1.00000    
    8.41200       0.285805       0.289032       0.286045       0.472393       0.474818        1.00000        1.00000    
    8.58193       0.271230       0.274293       0.271457       0.472393       0.474819        1.00000        1.00000    
    8.75530       0.257391       0.260297       0.257605       0.472393       0.474819        1.00000        1.00000    
    8.93217       0.244249       0.247007       0.244452       0.472392       0.474820        1.00000        1.00000    
    9.11261       0.231770       0.234388       0.231962       0.472392       0.474820        1.00000        1.00000    
    9.29670       0.219922       0.222406       0.220103       0.472392       0.474821        1.00000        1.00000    
    9.48451       0.208673       0.211030       0.208844       0.472392       0.474821        1.00000        1.00000    
    9.67610       0.197992       0.200229       0.198154       0.472392       0.474822        1.00000        1.00000    
    9.87158       0.187852       0.189975       0.188005       0.472392       0.474823        1.00000        1.00000    
    10.0710       0.178226       0.180240       0.178370       0.472392       0.474823        1.00000        1.00000    
    10.2744       0.169088       0.170998       0.169224       0.472391       0.474824        1.00000        1.00000    
    10.4820       0.160413       0.162225       0.160541       0.472391       0.474825        1.00000        1.00000    
    10.6938       0.152178       0.153898       0.152299       0.472391       0.474825        1.00000        1.00000    
    10.9098       0.144361       0.145993       0.144475       0.472391       0.474826        1.00000        1.00000    
    11.1302       0.136942       0.138490       0.137050       0.472391       0.474827        1.00000        1.00000    
    11.3550       0.129900       0.131369       0.130001       0.472391       0.474828        1.00000        1.00000    
    11.5844       0.123216       0.124609       0.123312       0.472390       0.474829        1.00000        1.00000    
    11.8184       0.116873       0.118194       0.116963       0.472390       0.474829        1.00000        1.00000    
    12.0572       0.110853       0.112106       0.110937       0.472390       0.474830        1.00000        1.00000    
    12.3007       0.105140       0.106329       0.105219       0.472390       0.474831        1.00000        1.00000    
    12.5492       0.997179E-01   0.100846       0.997927E-01   0.472389       0.474832        1.00000        1.00000    
    12.8027       0.945729E-01   0.956427E-01   0.946432E-01   0.472389       0.474833        1.00000        1.00000    
    13.0614       0.896907E-01   0.907054E-01   0.897567E-01   0.472389       0.474835        1.00000        1.00000    
    13.3252       0.850581E-01   0.860205E-01   0.851200E-01   0.472389       0.474836        1.00000        1.00000    
    13.5944       0.806623E-01   0.815751E-01   0.807205E-01   0.472388       0.474837        1.00000        1.00000    
    13.8691       0.764915E-01   0.773572E-01   0.765461E-01   0.472388       0.474838        1.00000        1.00000    
    14.1492       0.725343E-01   0.733553E-01   0.725854E-01   0.472388       0.474839        1.00000        1.00000    
    14.4351       0.687798E-01   0.695585E-01   0.688277E-01   0.472387       0.474841        1.00000        1.00000    
    14.7267       0.652178E-01   0.659562E-01   0.652626E-01   0.472387       0.474842        1.00000        1.00000    
    15.0242       0.618385E-01   0.625388E-01   0.618804E-01   0.472387       0.474844        1.00000        1.00000    
    15.3277       0.586326E-01   0.592967E-01   0.586718E-01   0.472386       0.474845        1.00000        1.00000    
    15.6373       0.555914E-01   0.562211E-01   0.556279E-01   0.472386       0.474847        1.00000        1.00000    
    15.9532       0.527064E-01   0.533036E-01   0.527405E-01   0.472385       0.474848        1.00000        1.00000    
    16.2755       0.499698E-01   0.505361E-01   0.500016E-01   0.472385       0.474850        1.00000        1.00000    
    16.6043       0.473739E-01   0.479109E-01   0.474035E-01   0.472385       0.474852        1.00000        1.00000    
    16.9397       0.449117E-01   0.454209E-01   0.449392E-01   0.472384       0.474854        1.00000        1.00000    
    17.2819       0.425762E-01   0.430591E-01   0.426018E-01   0.472384       0.474856        1.00000        1.00000    
    17.6310       0.403611E-01   0.408190E-01   0.403849E-01   0.472383       0.474858        1.00000        1.00000    
    17.9872       0.382603E-01   0.386944E-01   0.382823E-01   0.472383       0.474860        1.00000        1.00000    
    18.3505       0.362677E-01   0.366793E-01   0.362881E-01   0.472382       0.474862        1.00000        1.00000    
    18.7212       0.343781E-01   0.347683E-01   0.343969E-01   0.472382       0.474864        1.00000        1.00000    
    19.0994       0.325860E-01   0.329560E-01   0.326033E-01   0.472381       0.474867        1.00000        1.00000    
    19.4853       0.308865E-01   0.312374E-01   0.309025E-01   0.472380       0.474869        1.00000        1.00000    
    19.8789       0.292749E-01   0.296075E-01   0.292896E-01   0.472380       0.474872        1.00000        1.00000    
    20.2805       0.277467E-01   0.280620E-01   0.277601E-01   0.472379       0.474874        1.00000        1.00000    
    20.6902       0.262975E-01   0.265965E-01   0.263098E-01   0.472378       0.474877        1.00000        1.00000    
    21.1081       0.249234E-01   0.252068E-01   0.249345E-01   0.472378       0.474880        1.00000        1.00000    
    21.5346       0.236205E-01   0.238892E-01   0.236306E-01   0.472377       0.474883        1.00000        1.00000    
    21.9696       0.223850E-01   0.226398E-01   0.223942E-01   0.472376       0.474886        1.00000        1.00000    
    22.4134       0.212137E-01   0.214552E-01   0.212219E-01   0.472375       0.474889        1.00000        1.00000    
    22.8662       0.201031E-01   0.203321E-01   0.201105E-01   0.472375       0.474893        1.00000        1.00000    
    23.3281       0.190502E-01   0.192673E-01   0.190568E-01   0.472374       0.474896        1.00000        1.00000    
    23.7994       0.180520E-01   0.182578E-01   0.180578E-01   0.472373       0.474900        1.00000        1.00000    
    24.2802       0.171056E-01   0.173007E-01   0.171107E-01   0.472372       0.474904        1.00000        1.00000    
    24.7707       0.162085E-01   0.163934E-01   0.162129E-01   0.472371       0.474908        1.00000        1.00000    
    25.2710       0.153580E-01   0.155333E-01   0.153617E-01   0.472370       0.474912        1.00000        1.00000    
    25.7816       0.145518E-01   0.147180E-01   0.145549E-01   0.472369       0.474916        1.00000        1.00000    
    26.3024       0.137875E-01   0.139451E-01   0.137901E-01   0.472368       0.474921        1.00000        1.00000    
    26.8337       0.130631E-01   0.132124E-01   0.130651E-01   0.472367       0.474925        1.00000        1.00000    
    27.3758       0.123764E-01   0.125180E-01   0.123780E-01   0.472365       0.474930        1.00000        1.00000    
    27.9288       0.117255E-01   0.118597E-01   0.117266E-01   0.472364       0.474935        1.00000        1.00000    
    28.4930       0.111086E-01   0.112358E-01   0.111093E-01   0.472363       0.474941        1.00000        1.00000    
    29.0686       0.105239E-01   0.106444E-01   0.105241E-01   0.472361       0.474946        1.00000        1.00000    
    29.6558       0.996965E-02   0.100840E-01   0.996955E-02   0.472360       0.474952        1.00000        1.00000    
    30.2549       0.944440E-02   0.955276E-02   0.944395E-02   0.472359       0.474958        1.00000        1.00000    
    30.8661       0.894660E-02   0.904933E-02   0.894582E-02   0.472357       0.474964        1.00000        1.00000    
    31.4897       0.847483E-02   0.857221E-02   0.847374E-02   0.472356       0.474970        1.00000        1.00000    
    32.1258       0.802774E-02   0.812005E-02   0.802637E-02   0.472354       0.474977        1.00000        1.00000    
    32.7748       0.760405E-02   0.769156E-02   0.760241E-02   0.472352       0.474984        1.00000        1.00000    
    33.4369       0.720254E-02   0.728550E-02   0.720066E-02   0.472350       0.474991        1.00000        1.00000    
    34.1123       0.682207E-02   0.690071E-02   0.681995E-02   0.472349       0.474999        1.00000        1.00000    
    34.8014       0.646153E-02   0.653608E-02   0.645920E-02   0.472347       0.475007        1.00000        1.00000    
    35.5045       0.611989E-02   0.619057E-02   0.611737E-02   0.472345       0.475015        1.00000        1.00000    
    36.2217       0.579618E-02   0.586318E-02   0.579348E-02   0.472342       0.475023        1.00000        1.00000    
    36.9535       0.548945E-02   0.555297E-02   0.548659E-02   0.472340       0.475032        1.00000        1.00000    
    37.7000       0.519883E-02   0.525905E-02   0.519581E-02   0.472338       0.475042        1.00000        1.00000    
    38.4616       0.492347E-02   0.498056E-02   0.492031E-02   0.472336       0.475051        1.00000        1.00000    
    39.2386       0.466258E-02   0.471670E-02   0.465929E-02   0.472333       0.475061        1.00000        1.00000    
    40.0312       0.441540E-02   0.446671E-02   0.441199E-02   0.472331       0.475072        1.00000        1.00000    
    40.8399       0.418122E-02   0.422987E-02   0.417771E-02   0.472328       0.475082        1.00000        1.00000    
    41.6649       0.395936E-02   0.400549E-02   0.395575E-02   0.472325       0.475094        1.00000        1.00000    
    42.5066       0.374918E-02   0.379292E-02   0.374549E-02   0.472322       0.475105        1.00000        1.00000    
    43.3653       0.355007E-02   0.359154E-02   0.354630E-02   0.472319       0.475118        1.00000        1.00000    
    44.2413       0.336145E-02   0.340077E-02   0.335760E-02   0.472316       0.475130        1.00000        1.00000    
    45.1350       0.318277E-02   0.322005E-02   0.317886E-02   0.472313       0.475143        1.00000        1.00000    
    46.0469       0.301351E-02   0.304886E-02   0.300954E-02   0.472310       0.475157        1.00000        1.00000    
    46.9770       0.285317E-02   0.288670E-02   0.284916E-02   0.472306       0.475172        1.00000        1.00000    
    47.9261       0.270130E-02   0.273310E-02   0.269725E-02   0.472303       0.475186        1.00000        1.00000    
    48.8942       0.255745E-02   0.258760E-02   0.255336E-02   0.472299       0.475202        1.00000        1.00000    
    49.8820       0.242119E-02   0.244979E-02   0.241707E-02   0.472295       0.475218        1.00000        1.00000    
    50.8896       0.229213E-02   0.231926E-02   0.228799E-02   0.472291       0.475235        1.00000        1.00000    
    51.9177       0.216989E-02   0.219562E-02   0.216573E-02   0.472286       0.475252        1.00000        1.00000    
    52.9665       0.205412E-02   0.207853E-02   0.204995E-02   0.472282       0.475270        1.00000        1.00000    
    54.0365       0.194448E-02   0.196763E-02   0.194029E-02   0.472277       0.475289        1.00000        1.00000    
    55.1281       0.184063E-02   0.186259E-02   0.183644E-02   0.472273       0.475309        1.00000        1.00000    
    56.2417       0.174228E-02   0.176312E-02   0.173809E-02   0.472268       0.475329        1.00000        1.00000    
    57.3779       0.164915E-02   0.166891E-02   0.164495E-02   0.472262       0.475351        1.00000        1.00000    
    58.5370       0.156095E-02   0.157970E-02   0.155676E-02   0.472257       0.475373        1.00000        1.00000    
    59.7195       0.147742E-02   0.149521E-02   0.147324E-02   0.472251       0.475396        1.00000        1.00000    
    60.9260       0.139832E-02   0.141521E-02   0.139415E-02   0.472245       0.475420        1.00000        1.00000    
    62.1568       0.132342E-02   0.133945E-02   0.131927E-02   0.472239       0.475445        1.00000        1.00000    
    63.4124       0.125250E-02   0.126771E-02   0.124836E-02   0.472233       0.475471        1.00000        1.00000    
    64.6934       0.118534E-02   0.119977E-02   0.118122E-02   0.472226       0.475498        1.00000        1.00000    
    66.0003       0.112175E-02   0.113545E-02   0.111765E-02   0.472220       0.475526        1.00000        1.00000    
    67.3336       0.106154E-02   0.107454E-02   0.105746E-02   0.472212       0.475555        1.00000        1.00000    
    68.6938       0.100453E-02   0.101687E-02   0.100048E-02   0.472205       0.475586        1.00000        1.00000    
    70.0816       0.950549E-03   0.962271E-03   0.946528E-03   0.472197       0.475617        1.00000        1.00000    
    71.4973       0.899444E-03   0.910574E-03   0.895451E-03   0.472189       0.475650        1.00000        1.00000    
    72.9416       0.851058E-03   0.861628E-03   0.847096E-03   0.472181       0.475685        1.00000        1.00000    
    74.4151       0.805249E-03   0.815287E-03   0.801319E-03   0.472172       0.475720        1.00000        1.00000    
    75.9184       0.761881E-03   0.771415E-03   0.757984E-03   0.472163       0.475757        1.00000        1.00000    
    77.4521       0.720825E-03   0.729881E-03   0.716961E-03   0.472154       0.475796        1.00000        1.00000    
    79.0167       0.681957E-03   0.690561E-03   0.678129E-03   0.472144       0.475836        1.00000        1.00000    
    80.6129       0.645163E-03   0.653338E-03   0.641372E-03   0.472134       0.475878        1.00000        1.00000    
    82.2415       0.610333E-03   0.618101E-03   0.606579E-03   0.472123       0.475921        1.00000        1.00000    
    83.9028       0.577362E-03   0.584744E-03   0.573647E-03   0.472112       0.475967        1.00000        1.00000    
    85.5978       0.546153E-03   0.553169E-03   0.542476E-03   0.472101       0.476014        1.00000        1.00000    
    87.3269       0.516611E-03   0.523280E-03   0.512974E-03   0.472089       0.476062        1.00000        1.00000    
    89.0911       0.488649E-03   0.494989E-03   0.485052E-03   0.472076       0.476113        1.00000        1.00000    
    90.8908       0.462182E-03   0.468211E-03   0.458626E-03   0.472064       0.476166        1.00000        1.00000    
    92.7270       0.437131E-03   0.442864E-03   0.433617E-03   0.472050       0.476221        1.00000        1.00000    
    94.6001       0.413422E-03   0.418875E-03   0.409949E-03   0.472036       0.476278        1.00000        1.00000    
    96.5112       0.390982E-03   0.396169E-03   0.387551E-03   0.472022       0.476338        1.00000        1.00000    
    98.4608       0.369745E-03   0.374680E-03   0.366357E-03   0.472007       0.476400        1.00000        1.00000    
    100.450       0.349646E-03   0.354342E-03   0.346301E-03   0.471991       0.476464        1.00000        1.00000    
    102.479       0.330625E-03   0.335094E-03   0.327323E-03   0.471975       0.476531        1.00000        1.00000    
    104.549       0.312625E-03   0.316879E-03   0.309366E-03   0.471958       0.476600        1.00000        1.00000    
    106.661       0.295592E-03   0.299641E-03   0.292376E-03   0.471941       0.476673        1.00000        1.00000    
    108.816       0.279473E-03   0.283329E-03   0.276300E-03   0.471922       0.476748        1.00000        1.00000    
    111.014       0.264220E-03   0.267893E-03   0.261091E-03   0.471903       0.476826        1.00000        1.00000    
    113.257       0.249788E-03   0.253286E-03   0.246703E-03   0.471884       0.476908        1.00000        1.00000    
    115.545       0.236132E-03   0.239464E-03   0.233090E-03   0.471863       0.476992        1.00000        1.00000    
    117.879       0.223211E-03   0.226386E-03   0.220213E-03   0.471842       0.477080        1.00000        1.00000    
    120.260       0.210985E-03   0.214012E-03   0.208031E-03   0.471820       0.477171        1.00000        1.00000    
    122.690       0.199419E-03   0.202304E-03   0.196508E-03   0.471797       0.477266        1.00000        1.00000    
    125.168       0.188476E-03   0.191226E-03   0.185609E-03   0.471773       0.477365        1.00000        1.00000    
    127.697       0.178123E-03   0.180746E-03   0.175299E-03   0.471748       0.477467        1.00000        1.00000    
    130.277       0.168329E-03   0.170831E-03   0.165549E-03   0.471723       0.477574        1.00000        1.00000    
    132.908       0.159064E-03   0.161451E-03   0.156327E-03   0.471696       0.477685        1.00000        1.00000    
    135.593       0.150300E-03   0.152577E-03   0.147606E-03   0.471668       0.477800        1.00000        1.00000    
    138.332       0.142009E-03   0.144183E-03   0.139358E-03   0.471639       0.477919        1.00000        1.00000    
    141.127       0.134167E-03   0.136243E-03   0.131559E-03   0.471609       0.478044        1.00000        1.00000    
    143.978       0.126750E-03   0.128731E-03   0.124184E-03   0.471578       0.478173        1.00000        1.00000    
    146.886       0.119734E-03   0.121627E-03   0.117211E-03   0.471546       0.478307        1.00000        1.00000    
    149.854       0.113099E-03   0.114907E-03   0.110618E-03   0.471513       0.478446        1.00000        1.00000    
    152.881       0.106823E-03   0.108551E-03   0.104384E-03   0.471478       0.478591        1.00000        1.00000    
    155.969       0.100889E-03   0.102540E-03   0.984912E-04   0.471442       0.478741        1.00000        1.00000    
    159.120       0.952765E-04   0.968550E-04   0.929204E-04   0.471404       0.478897        1.00000        1.00000    
    162.334       0.899694E-04   0.914787E-04   0.876545E-04   0.471366       0.479059        1.00000        1.00000    
    165.614       0.849510E-04   0.863945E-04   0.826772E-04   0.471325       0.479227        1.00000        1.00000    
    168.960       0.802059E-04   0.815867E-04   0.779728E-04   0.471284       0.479402        1.00000        1.00000    
    172.373       0.757194E-04   0.770406E-04   0.735267E-04   0.471240       0.479583        1.00000        1.00000    
    175.855       0.714776E-04   0.727420E-04   0.693251E-04   0.471196       0.479771        1.00000        1.00000    
    179.407       0.674674E-04   0.686777E-04   0.653548E-04   0.471149       0.479966        1.00000        1.00000    
    183.032       0.636762E-04   0.648351E-04   0.616034E-04   0.471101       0.480169        1.00000        1.00000    
    186.729       0.600925E-04   0.612023E-04   0.580589E-04   0.471051       0.480379        1.00000        1.00000    
    190.501       0.567049E-04   0.577679E-04   0.547104E-04   0.470999       0.480597        1.00000        1.00000    
    194.350       0.535029E-04   0.545214E-04   0.515472E-04   0.470945       0.480823        1.00000        1.00000    
    198.276       0.504766E-04   0.514526E-04   0.485594E-04   0.470890       0.481058        1.00000        1.00000    
    202.281       0.476164E-04   0.485519E-04   0.457374E-04   0.470832       0.481301        1.00000        1.00000    
    206.368       0.449135E-04   0.458103E-04   0.430724E-04   0.470773       0.481553        1.00000        1.00000    
    210.536       0.423594E-04   0.432193E-04   0.405558E-04   0.470711       0.481815        1.00000        1.00000    
    214.790       0.399459E-04   0.407706E-04   0.381796E-04   0.470647       0.482085        1.00000        1.00000    
    219.129       0.376656E-04   0.384567E-04   0.359363E-04   0.470581       0.482366        1.00000        1.00000    
    223.555       0.355113E-04   0.362703E-04   0.338186E-04   0.470513       0.482657        1.00000        1.00000    
    228.071       0.334761E-04   0.342044E-04   0.318197E-04   0.470442       0.482958        1.00000        1.00000    
    232.679       0.315536E-04   0.322526E-04   0.299332E-04   0.470369       0.483270        1.00000        1.00000    
    237.379       0.297378E-04   0.304087E-04   0.281530E-04   0.470294       0.483592        1.00000        1.00000    
    242.175       0.280228E-04   0.286669E-04   0.264734E-04   0.470216       0.483927        1.00000        1.00000    
    247.067       0.264032E-04   0.270216E-04   0.248888E-04   0.470135       0.484272        1.00000        1.00000    
    252.058       0.248738E-04   0.254677E-04   0.233941E-04   0.470052       0.484630        1.00000        1.00000    
    257.150       0.234298E-04   0.240001E-04   0.219844E-04   0.469966       0.485000        1.00000        1.00000    
    262.345       0.220665E-04   0.226143E-04   0.206551E-04   0.469877       0.485382        1.00000        1.00000    
    267.644       0.207795E-04   0.213058E-04   0.194018E-04   0.469786       0.485778        1.00000        1.00000    
    273.051       0.195647E-04   0.200703E-04   0.182203E-04   0.469691       0.486186        1.00000        1.00000    
    278.567       0.184182E-04   0.189039E-04   0.171068E-04   0.469594       0.486608        1.00000        1.00000    
    284.195       0.173362E-04   0.178030E-04   0.160574E-04   0.469494       0.487044        1.00000        1.00000    
    289.936       0.163153E-04   0.167638E-04   0.150688E-04   0.469390       0.487494        1.00000        1.00000    
    295.793       0.153521E-04   0.157831E-04   0.141375E-04   0.469284       0.487958        1.00000        1.00000    
    301.768       0.144435E-04   0.148577E-04   0.132604E-04   0.469174       0.488437        1.00000        1.00000    
    307.864       0.135865E-04   0.139845E-04   0.124345E-04   0.469062       0.488931        1.00000        1.00000    
    314.084       0.127783E-04   0.131608E-04   0.116570E-04   0.468946       0.489440        1.00000        1.00000    
    320.428       0.120161E-04   0.123837E-04   0.109253E-04   0.468827       0.489964        1.00000        1.00000    
    326.902       0.112976E-04   0.116509E-04   0.102368E-04   0.468704       0.490504        1.00000        1.00000    
    333.505       0.106202E-04   0.109598E-04   0.958901E-05   0.468578       0.491060        1.00000        1.00000    
    340.243       0.998185E-05   0.103081E-04   0.897981E-05   0.468449       0.491632        1.00000        1.00000    
    347.116       0.938025E-05   0.969374E-05   0.840699E-05   0.468317       0.492220        1.00000        1.00000    
    354.128       0.881342E-05   0.911463E-05   0.786853E-05   0.468181       0.492824        1.00000        1.00000    
    361.282       0.827944E-05   0.856884E-05   0.736250E-05   0.468042       0.493445        1.00000        1.00000    
    368.581       0.777651E-05   0.805452E-05   0.688708E-05   0.467899       0.494083        1.00000        1.00000    
    376.026       0.730290E-05   0.756996E-05   0.644056E-05   0.467753       0.494737        1.00000        1.00000    
    383.623       0.685699E-05   0.711349E-05   0.602129E-05   0.467604       0.495407        1.00000        1.00000    
    391.372       0.643724E-05   0.668357E-05   0.562773E-05   0.467451       0.496095        1.00000        1.00000    
    399.279       0.604219E-05   0.627873E-05   0.525842E-05   0.467295       0.496799        1.00000        1.00000    
    407.344       0.567046E-05   0.589757E-05   0.491197E-05   0.467136       0.497519        1.00000        1.00000    
    415.573       0.532076E-05   0.553877E-05   0.458708E-05   0.466973       0.498257        1.00000        1.00000    
    423.968       0.499185E-05   0.520109E-05   0.428250E-05   0.466807       0.499010        1.00000        1.00000    
    432.533       0.468255E-05   0.488335E-05   0.399704E-05   0.466638       0.499780        1.00000        1.00000    
    441.271       0.439176E-05   0.458442E-05   0.372961E-05   0.466465       0.500566        1.00000        1.00000    
    450.185       0.411843E-05   0.430325E-05   0.347915E-05   0.466290       0.501367        1.00000        1.00000    
    459.279       0.386157E-05   0.403883E-05   0.324466E-05   0.466111       0.502185        1.00000        1.00000    
    468.558       0.362025E-05   0.379023E-05   0.302520E-05   0.465929       0.503017        1.00000        1.00000    
    478.023       0.339356E-05   0.355654E-05   0.281988E-05   0.465745       0.503865        1.00000        1.00000    
    487.680       0.318068E-05   0.333690E-05   0.262784E-05   0.465557       0.504727        1.00000        1.00000    
    497.532       0.298081E-05   0.313053E-05   0.244830E-05   0.465367       0.505604        1.00000        1.00000    
    507.582       0.279320E-05   0.293666E-05   0.228049E-05   0.465173       0.506495        1.00000        1.00000    
    517.837       0.261712E-05   0.275456E-05   0.212369E-05   0.464977       0.507400        1.00000        1.00000    
    528.297       0.245192E-05   0.258356E-05   0.197723E-05   0.464779       0.508319        1.00000        1.00000    
    538.970       0.229695E-05   0.242301E-05   0.184048E-05   0.464577       0.509251        1.00000        1.00000    
    549.857       0.215160E-05   0.227231E-05   0.171283E-05   0.464373       0.510196        1.00000        1.00000    
    560.966       0.201531E-05   0.213086E-05   0.159372E-05   0.464166       0.511154        1.00000        1.00000    
    572.298       0.188753E-05   0.199813E-05   0.148262E-05   0.463957       0.512124        1.00000        1.00000    
    583.859       0.176776E-05   0.187360E-05   0.137902E-05   0.463746       0.513106        1.00000        1.00000    
    595.653       0.165551E-05   0.175679E-05   0.128243E-05   0.463532       0.514099        1.00000        1.00000    
    607.687       0.155034E-05   0.164723E-05   0.119239E-05   0.463316       0.515107        1.00000        1.00000    
    619.962       0.145180E-05   0.154449E-05   0.110845E-05   0.463097       0.516129        1.00000        1.00000    
    632.487       0.135951E-05   0.144817E-05   0.103022E-05   0.462874       0.517167        1.00000        1.00000    
    645.264       0.127307E-05   0.135789E-05   0.957315E-06   0.462648       0.518222        1.00000        1.00000    
    658.299       0.119212E-05   0.127325E-05   0.889399E-06   0.462419       0.519294        1.00000        1.00000    
    671.597       0.111632E-05   0.119392E-05   0.826179E-06   0.462187       0.520379        1.00000        1.00000    
    685.165       0.104533E-05   0.111953E-05   0.767372E-06   0.461953       0.521475        1.00000        1.00000    
    699.006       0.978860E-06   0.104979E-05   0.712706E-06   0.461719       0.522578        1.00000        1.00000    
