Om0= 0.2600000     Ob0= 0.4400000E-01 Ode0= 0.740     H0= 0.72000     red=  47.0    
w0= -1.000000     wa=  0.000000     c_s^2(DE)=  1.00    
 0.4957925E-03 =sigma8 at R=8Mpc/h & sigma(R)= 0.1995296E-05 at Rsmooth=   130.     Mpc/h
 #   k/h      Ptotm(k)   Pcdm(k)   Pbaryon(k)   f_cdm   f_baryon  D_c D_b
   0.100000E-03   0.430792       0.430530       0.430529        1.02670        1.02670       0.269224E-01   0.269224E-01
   0.102020E-03   0.439141       0.438875       0.438873        1.02669        1.02670       0.269225E-01   0.269225E-01
   0.104081E-03   0.447652       0.447381       0.447379        1.02669        1.02670       0.269227E-01   0.269226E-01
   0.106184E-03   0.456328       0.456052       0.456050        1.02669        1.02669       0.269228E-01   0.269227E-01
   0.108329E-03   0.465172       0.464891       0.464888        1.02669        1.02669       0.269229E-01   0.269228E-01
   0.110517E-03   0.474188       0.473901       0.473898        1.02669        1.02669       0.269230E-01   0.269230E-01
   0.112750E-03   0.483378       0.483085       0.483083        1.02669        1.02669       0.269232E-01   0.269231E-01
   0.115027E-03   0.492746       0.492448       0.492445        1.02669        1.02669       0.269233E-01   0.269232E-01
   0.117351E-03   0.502295       0.501992       0.501989        1.02669        1.02669       0.269234E-01   0.269234E-01
   0.119722E-03   0.512030       0.511721       0.511718        1.02668        1.02669       0.269236E-01   0.269235E-01
   0.122140E-03   0.521953       0.521638       0.521635        1.02668        1.02669       0.269237E-01   0.269237E-01
   0.124608E-03   0.532068       0.531747       0.531744        1.02668        1.02668       0.269239E-01   0.269238E-01
   0.127125E-03   0.542379       0.542052       0.542049        1.02668        1.02668       0.269241E-01   0.269240E-01
   0.129693E-03   0.552890       0.552557       0.552553        1.02668        1.02668       0.269242E-01   0.269242E-01
   0.132313E-03   0.563604       0.563265       0.563261        1.02668        1.02668       0.269244E-01   0.269243E-01
   0.134986E-03   0.574526       0.574181       0.574176        1.02668        1.02668       0.269246E-01   0.269245E-01
   0.137713E-03   0.585659       0.585307       0.585303        1.02667        1.02668       0.269248E-01   0.269247E-01
   0.140495E-03   0.597008       0.596650       0.596645        1.02667        1.02668       0.269250E-01   0.269249E-01
   0.143333E-03   0.608576       0.608212       0.608207        1.02667        1.02667       0.269252E-01   0.269251E-01
   0.146228E-03   0.620369       0.619998       0.619992        1.02667        1.02667       0.269255E-01   0.269253E-01
   0.149182E-03   0.632390       0.632012       0.632006        1.02667        1.02667       0.269257E-01   0.269256E-01
   0.152196E-03   0.644643       0.644258       0.644252        1.02666        1.02667       0.269259E-01   0.269258E-01
   0.155271E-03   0.657134       0.656742       0.656736        1.02666        1.02667       0.269262E-01   0.269261E-01
   0.158407E-03   0.669867       0.669467       0.669461        1.02666        1.02666       0.269264E-01   0.269263E-01
   0.161607E-03   0.682846       0.682439       0.682432        1.02666        1.02666       0.269267E-01   0.269266E-01
   0.164872E-03   0.696076       0.695662       0.695654        1.02665        1.02666       0.269270E-01   0.269269E-01
   0.168203E-03   0.709562       0.709140       0.709132        1.02665        1.02666       0.269273E-01   0.269271E-01
   0.171601E-03   0.723309       0.722880       0.722871        1.02665        1.02665       0.269276E-01   0.269274E-01
   0.175067E-03   0.737322       0.736885       0.736876        1.02665        1.02665       0.269279E-01   0.269278E-01
   0.178604E-03   0.751606       0.751162       0.751152        1.02664        1.02665       0.269282E-01   0.269281E-01
   0.182212E-03   0.766167       0.765715       0.765705        1.02664        1.02665       0.269286E-01   0.269284E-01
   0.185893E-03   0.781009       0.780549       0.780538        1.02664        1.02664       0.269289E-01   0.269288E-01
   0.189648E-03   0.796138       0.795670       0.795659        1.02663        1.02664       0.269293E-01   0.269291E-01
   0.193479E-03   0.811560       0.811084       0.811072        1.02663        1.02664       0.269297E-01   0.269295E-01
   0.197388E-03   0.827281       0.826796       0.826783        1.02663        1.02663       0.269301E-01   0.269299E-01
   0.201375E-03   0.843305       0.842812       0.842798        1.02662        1.02663       0.269305E-01   0.269303E-01
   0.205443E-03   0.859639       0.859138       0.859123        1.02662        1.02663       0.269309E-01   0.269307E-01
   0.209594E-03   0.876289       0.875779       0.875763        1.02661        1.02662       0.269314E-01   0.269312E-01
   0.213828E-03   0.893261       0.892742       0.892725        1.02661        1.02662       0.269319E-01   0.269316E-01
   0.218147E-03   0.910561       0.910033       0.910016        1.02661        1.02661       0.269323E-01   0.269321E-01
   0.222554E-03   0.928195       0.927658       0.927640        1.02660        1.02661       0.269328E-01   0.269326E-01
   0.227050E-03   0.946170       0.945624       0.945605        1.02660        1.02661       0.269334E-01   0.269331E-01
   0.231637E-03   0.964492       0.963938       0.963917        1.02659        1.02660       0.269339E-01   0.269336E-01
   0.236316E-03   0.983168       0.982605       0.982583        1.02659        1.02660       0.269345E-01   0.269342E-01
   0.241090E-03    1.00221        1.00163        1.00161        1.02658        1.02659       0.269351E-01   0.269348E-01
   0.245960E-03    1.02161        1.02103        1.02100        1.02658        1.02659       0.269357E-01   0.269354E-01
   0.250929E-03    1.04139        1.04080        1.04077        1.02657        1.02658       0.269363E-01   0.269360E-01
   0.255998E-03    1.06155        1.06095        1.06092        1.02656        1.02657       0.269370E-01   0.269366E-01
   0.261170E-03    1.08210        1.08149        1.08146        1.02656        1.02657       0.269376E-01   0.269373E-01
   0.266446E-03    1.10305        1.10243        1.10240        1.02655        1.02656       0.269384E-01   0.269380E-01
   0.271828E-03    1.12440        1.12377        1.12374        1.02654        1.02656       0.269391E-01   0.269387E-01
   0.277319E-03    1.14616        1.14552        1.14549        1.02654        1.02655       0.269399E-01   0.269395E-01
   0.282922E-03    1.16835        1.16770        1.16766        1.02653        1.02654       0.269407E-01   0.269402E-01
   0.288637E-03    1.19096        1.19030        1.19026        1.02652        1.02654       0.269415E-01   0.269410E-01
   0.294468E-03    1.21401        1.21334        1.21330        1.02651        1.02653       0.269423E-01   0.269419E-01
   0.300417E-03    1.23750        1.23682        1.23678        1.02651        1.02652       0.269432E-01   0.269428E-01
   0.306485E-03    1.26144        1.26075        1.26071        1.02650        1.02651       0.269441E-01   0.269437E-01
   0.312677E-03    1.28585        1.28515        1.28510        1.02649        1.02650       0.269451E-01   0.269446E-01
   0.318993E-03    1.31072        1.31002        1.30996        1.02648        1.02650       0.269461E-01   0.269456E-01
   0.325437E-03    1.33608        1.33536        1.33531        1.02647        1.02649       0.269471E-01   0.269466E-01
   0.332012E-03    1.36192        1.36120        1.36114        1.02646        1.02648       0.269482E-01   0.269476E-01
   0.338719E-03    1.38826        1.38753        1.38747        1.02645        1.02647       0.269493E-01   0.269487E-01
   0.345561E-03    1.41511        1.41437        1.41430        1.02644        1.02646       0.269504E-01   0.269498E-01
   0.352542E-03    1.44248        1.44172        1.44165        1.02642        1.02645       0.269516E-01   0.269510E-01
   0.359664E-03    1.47037        1.46961        1.46953        1.02641        1.02644       0.269529E-01   0.269522E-01
   0.366930E-03    1.49880        1.49802        1.49794        1.02640        1.02642       0.269541E-01   0.269534E-01
   0.374342E-03    1.52777        1.52699        1.52690        1.02639        1.02641       0.269555E-01   0.269547E-01
   0.381904E-03    1.55730        1.55651        1.55642        1.02637        1.02640       0.269568E-01   0.269561E-01
   0.389619E-03    1.58740        1.58660        1.58650        1.02636        1.02639       0.269583E-01   0.269575E-01
   0.397490E-03    1.61807        1.61727        1.61716        1.02635        1.02637       0.269597E-01   0.269589E-01
   0.405520E-03    1.64934        1.64852        1.64841        1.02633        1.02636       0.269613E-01   0.269604E-01
   0.413712E-03    1.68120        1.68038        1.68026        1.02631        1.02634       0.269628E-01   0.269619E-01
   0.422070E-03    1.71368        1.71285        1.71273        1.02630        1.02633       0.269645E-01   0.269635E-01
   0.430596E-03    1.74677        1.74594        1.74581        1.02628        1.02631       0.269662E-01   0.269652E-01
   0.439295E-03    1.78051        1.77967        1.77953        1.02626        1.02630       0.269679E-01   0.269669E-01
   0.448169E-03    1.81488        1.81404        1.81389        1.02624        1.02628       0.269697E-01   0.269687E-01
   0.457222E-03    1.84992        1.84907        1.84891        1.02623        1.02626       0.269716E-01   0.269705E-01
   0.466459E-03    1.88563        1.88477        1.88460        1.02621        1.02624       0.269735E-01   0.269724E-01
   0.475882E-03    1.92201        1.92115        1.92098        1.02618        1.02622       0.269755E-01   0.269744E-01
   0.485496E-03    1.95910        1.95824        1.95805        1.02616        1.02620       0.269776E-01   0.269764E-01
   0.495303E-03    1.99689        1.99603        1.99583        1.02614        1.02618       0.269798E-01   0.269785E-01
   0.505309E-03    2.03541        2.03454        2.03433        1.02612        1.02616       0.269820E-01   0.269806E-01
   0.515517E-03    2.07465        2.07379        2.07356        1.02609        1.02614       0.269843E-01   0.269829E-01
   0.525931E-03    2.11465        2.11378        2.11355        1.02607        1.02612       0.269866E-01   0.269852E-01
   0.536556E-03    2.15541        2.15454        2.15429        1.02604        1.02609       0.269891E-01   0.269875E-01
   0.547395E-03    2.19694        2.19608        2.19581        1.02601        1.02607       0.269916E-01   0.269900E-01
   0.558453E-03    2.23927        2.23841        2.23813        1.02599        1.02604       0.269942E-01   0.269925E-01
   0.569734E-03    2.28240        2.28154        2.28124        1.02596        1.02601       0.269969E-01   0.269952E-01
   0.581244E-03    2.32635        2.32550        2.32518        1.02592        1.02598       0.269996E-01   0.269979E-01
   0.592986E-03    2.37113        2.37029        2.36995        1.02589        1.02595       0.270025E-01   0.270006E-01
   0.604965E-03    2.41676        2.41593        2.41557        1.02586        1.02592       0.270054E-01   0.270035E-01
   0.617186E-03    2.46326        2.46243        2.46206        1.02583        1.02589       0.270085E-01   0.270065E-01
   0.629654E-03    2.51063        2.50982        2.50942        1.02579        1.02586       0.270116E-01   0.270095E-01
   0.642374E-03    2.55891        2.55811        2.55768        1.02575        1.02582       0.270148E-01   0.270126E-01
   0.655350E-03    2.60809        2.60731        2.60686        1.02571        1.02579       0.270181E-01   0.270159E-01
   0.668589E-03    2.65820        2.65744        2.65696        1.02567        1.02575       0.270215E-01   0.270192E-01
   0.682096E-03    2.70926        2.70852        2.70801        1.02563        1.02571       0.270251E-01   0.270226E-01
   0.695875E-03    2.76127        2.76056        2.76002        1.02559        1.02567       0.270287E-01   0.270261E-01
   0.709933E-03    2.81427        2.81358        2.81301        1.02554        1.02563       0.270324E-01   0.270298E-01
   0.724274E-03    2.86826        2.86760        2.86699        1.02549        1.02558       0.270362E-01   0.270335E-01
   0.738906E-03    2.92326        2.92263        2.92199        1.02544        1.02554       0.270402E-01   0.270373E-01
   0.753832E-03    2.97930        2.97870        2.97802        1.02539        1.02549       0.270442E-01   0.270412E-01
   0.769061E-03    3.03638        3.03582        3.03510        1.02534        1.02544       0.270484E-01   0.270453E-01
   0.784597E-03    3.09452        3.09401        3.09325        1.02529        1.02539       0.270526E-01   0.270494E-01
   0.800447E-03    3.15375        3.15329        3.15248        1.02523        1.02534       0.270570E-01   0.270537E-01
   0.816617E-03    3.21409        3.21368        3.21281        1.02517        1.02528       0.270615E-01   0.270580E-01
   0.833114E-03    3.27554        3.27519        3.27427        1.02511        1.02523       0.270662E-01   0.270625E-01
   0.849944E-03    3.33814        3.33784        3.33687        1.02504        1.02517       0.270709E-01   0.270671E-01
   0.867114E-03    3.40189        3.40166        3.40063        1.02498        1.02511       0.270758E-01   0.270718E-01
   0.884631E-03    3.46683        3.46667        3.46558        1.02491        1.02504       0.270808E-01   0.270766E-01
   0.902501E-03    3.53296        3.53288        3.53172        1.02484        1.02498       0.270859E-01   0.270816E-01
   0.920733E-03    3.60031        3.60031        3.59908        1.02476        1.02491       0.270911E-01   0.270867E-01
   0.939333E-03    3.66890        3.66899        3.66768        1.02468        1.02484       0.270965E-01   0.270918E-01
   0.958309E-03    3.73874        3.73893        3.73754        1.02460        1.02476       0.271020E-01   0.270972E-01
   0.977668E-03    3.80986        3.81015        3.80868        1.02452        1.02468       0.271076E-01   0.271026E-01
   0.997418E-03    3.88228        3.88269        3.88113        1.02443        1.02460       0.271134E-01   0.271082E-01
   0.101757E-02    3.95602        3.95654        3.95489        1.02434        1.02452       0.271193E-01   0.271139E-01
   0.103812E-02    4.03110        4.03175        4.03000        1.02425        1.02444       0.271254E-01   0.271197E-01
   0.105910E-02    4.10754        4.10832        4.10647        1.02415        1.02435       0.271316E-01   0.271256E-01
   0.108049E-02    4.18535        4.18629        4.18432        1.02405        1.02425       0.271379E-01   0.271317E-01
   0.110232E-02    4.26457        4.26567        4.26358        1.02395        1.02416       0.271443E-01   0.271379E-01
   0.112459E-02    4.34521        4.34648        4.34426        1.02384        1.02406       0.271510E-01   0.271443E-01
   0.114730E-02    4.42730        4.42874        4.42639        1.02372        1.02395       0.271577E-01   0.271508E-01
   0.117048E-02    4.51085        4.51248        4.50999        1.02361        1.02385       0.271646E-01   0.271574E-01
   0.119413E-02    4.59588        4.59772        4.59508        1.02349        1.02373       0.271717E-01   0.271641E-01
   0.121825E-02    4.68242        4.68448        4.68168        1.02336        1.02362       0.271788E-01   0.271710E-01
   0.124286E-02    4.77049        4.77278        4.76981        1.02323        1.02350       0.271862E-01   0.271780E-01
   0.126797E-02    4.86010        4.86265        4.85949        1.02310        1.02338       0.271937E-01   0.271852E-01
   0.129358E-02    4.95129        4.95410        4.95075        1.02296        1.02325       0.272013E-01   0.271925E-01
   0.131971E-02    5.04406        5.04716        5.04361        1.02281        1.02312       0.272091E-01   0.271999E-01
   0.134637E-02    5.13845        5.14185        5.13808        1.02266        1.02298       0.272171E-01   0.272074E-01
   0.137357E-02    5.23446        5.23818        5.23419        1.02251        1.02284       0.272251E-01   0.272151E-01
   0.140132E-02    5.33213        5.33619        5.33196        1.02235        1.02269       0.272334E-01   0.272230E-01
   0.142963E-02    5.43147        5.43589        5.43140        1.02218        1.02254       0.272418E-01   0.272309E-01
   0.145851E-02    5.53251        5.53731        5.53255        1.02201        1.02238       0.272503E-01   0.272390E-01
   0.148797E-02    5.63525        5.64046        5.63541        1.02183        1.02221       0.272590E-01   0.272472E-01
   0.151803E-02    5.73972        5.74537        5.74001        1.02165        1.02205       0.272678E-01   0.272556E-01
   0.154870E-02    5.84595        5.85205        5.84637        1.02145        1.02187       0.272768E-01   0.272640E-01
   0.157998E-02    5.95394        5.96053        5.95451        1.02126        1.02169       0.272859E-01   0.272726E-01
   0.161190E-02    6.06372        6.07082        6.06444        1.02105        1.02151       0.272952E-01   0.272813E-01
   0.164446E-02    6.17531        6.18295        6.17618        1.02084        1.02131       0.273046E-01   0.272902E-01
   0.167768E-02    6.28872        6.29693        6.28976        1.02063        1.02111       0.273141E-01   0.272991E-01
   0.171158E-02    6.40396        6.41279        6.40518        1.02040        1.02091       0.273238E-01   0.273082E-01
   0.174615E-02    6.52106        6.53053        6.52247        1.02017        1.02070       0.273336E-01   0.273174E-01
   0.178143E-02    6.64004        6.65018        6.64163        1.01993        1.02048       0.273436E-01   0.273266E-01
   0.181741E-02    6.76089        6.77176        6.76269        1.01968        1.02026       0.273537E-01   0.273360E-01
   0.185413E-02    6.88365        6.89527        6.88566        1.01943        1.02002       0.273639E-01   0.273455E-01
   0.189158E-02    7.00832        7.02074        7.01055        1.01916        1.01979       0.273742E-01   0.273551E-01
   0.192980E-02    7.13491        7.14817        7.13737        1.01889        1.01954       0.273847E-01   0.273647E-01
   0.196878E-02    7.26344        7.27759        7.26614        1.01861        1.01929       0.273953E-01   0.273745E-01
   0.200855E-02    7.39392        7.40900        7.39686        1.01833        1.01903       0.274059E-01   0.273843E-01
   0.204913E-02    7.52635        7.54241        7.52955        1.01803        1.01876       0.274167E-01   0.273942E-01
   0.209052E-02    7.66075        7.67784        7.66421        1.01772        1.01849       0.274276E-01   0.274041E-01
   0.213276E-02    7.79711        7.81530        7.80085        1.01741        1.01820       0.274386E-01   0.274141E-01
   0.217584E-02    7.93546        7.95479        7.93948        1.01709        1.01792       0.274497E-01   0.274242E-01
   0.221979E-02    8.07579        8.09632        8.08009        1.01676        1.01762       0.274608E-01   0.274343E-01
   0.226464E-02    8.21811        8.23989        8.22270        1.01642        1.01731       0.274720E-01   0.274444E-01
   0.231039E-02    8.36241        8.38552        8.36730        1.01607        1.01700       0.274833E-01   0.274545E-01
   0.235706E-02    8.50870        8.53320        8.51389        1.01571        1.01668       0.274947E-01   0.274647E-01
   0.240467E-02    8.65698        8.68293        8.66247        1.01535        1.01636       0.275061E-01   0.274748E-01
   0.245325E-02    8.80725        8.83471        8.81304        1.01497        1.01602       0.275175E-01   0.274850E-01
   0.250281E-02    8.95950        8.98855        8.96558        1.01459        1.01568       0.275290E-01   0.274951E-01
   0.255337E-02    9.11372        9.14443        9.12010        1.01419        1.01533       0.275406E-01   0.275052E-01
   0.260495E-02    9.26991        9.30236        9.27658        1.01379        1.01498       0.275521E-01   0.275152E-01
   0.265758E-02    9.42805        9.46232        9.43502        1.01338        1.01462       0.275636E-01   0.275252E-01
   0.271126E-02    9.58815        9.62430        9.59539        1.01296        1.01425       0.275752E-01   0.275352E-01
   0.276603E-02    9.75018        9.78830        9.75768        1.01254        1.01388       0.275867E-01   0.275450E-01
   0.282191E-02    9.91412        9.95430        9.92187        1.01210        1.01350       0.275982E-01   0.275548E-01
   0.287892E-02    10.0800        10.1223        10.0879        1.01166        1.01311       0.276097E-01   0.275645E-01
   0.293708E-02    10.2477        10.2922        10.2559        1.01121        1.01272       0.276212E-01   0.275740E-01
   0.299641E-02    10.4173        10.4641        10.4256        1.01075        1.01232       0.276326E-01   0.275835E-01
   0.305694E-02    10.5887        10.6380        10.5972        1.01028        1.01193       0.276439E-01   0.275928E-01
   0.311870E-02    10.7620        10.8137        10.7705        1.00981        1.01152       0.276552E-01   0.276019E-01
   0.318170E-02    10.9370        10.9913        10.9456        1.00934        1.01112       0.276664E-01   0.276108E-01
   0.324597E-02    11.1138        11.1708        11.1224        1.00885        1.01071       0.276775E-01   0.276196E-01
   0.331155E-02    11.2923        11.3520        11.3008        1.00836        1.01030       0.276885E-01   0.276282E-01
   0.337844E-02    11.4725        11.5351        11.4809        1.00787        1.00988       0.276994E-01   0.276366E-01
   0.344669E-02    11.6543        11.7199        11.6625        1.00738        1.00947       0.277102E-01   0.276447E-01
   0.351632E-02    11.8378        11.9064        11.8457        1.00688        1.00906       0.277209E-01   0.276526E-01
   0.358735E-02    12.0229        12.0946        12.0303        1.00637        1.00865       0.277314E-01   0.276603E-01
   0.365982E-02    12.2094        12.2844        12.2164        1.00587        1.00824       0.277418E-01   0.276677E-01
   0.373376E-02    12.3975        12.4757        12.4038        1.00536        1.00783       0.277521E-01   0.276748E-01
   0.380918E-02    12.5870        12.6686        12.5926        1.00486        1.00743       0.277621E-01   0.276816E-01
   0.388613E-02    12.7779        12.8630        12.7826        1.00435        1.00703       0.277721E-01   0.276881E-01
   0.396464E-02    12.9701        13.0588        12.9737        1.00385        1.00664       0.277818E-01   0.276943E-01
   0.404473E-02    13.1636        13.2560        13.1660        1.00335        1.00625       0.277914E-01   0.277002E-01
   0.412644E-02    13.3583        13.4545        13.3593        1.00285        1.00587       0.278008E-01   0.277058E-01
   0.420980E-02    13.5542        13.6542        13.5536        1.00235        1.00550       0.278100E-01   0.277110E-01
   0.429484E-02    13.7513        13.8552        13.7488        1.00186        1.00514       0.278191E-01   0.277158E-01
   0.438160E-02    13.9493        14.0572        13.9448        1.00137        1.00480       0.278279E-01   0.277203E-01
   0.447012E-02    14.1484        14.2603        14.1415        1.00090        1.00446       0.278366E-01   0.277244E-01
   0.456042E-02    14.3484        14.4644        14.3389        1.00042        1.00414       0.278451E-01   0.277281E-01
   0.465255E-02    14.5492        14.6695        14.5367       0.999960        1.00383       0.278534E-01   0.277315E-01
   0.474653E-02    14.7508        14.8753        14.7351       0.999505        1.00354       0.278615E-01   0.277344E-01
   0.484242E-02    14.9530        15.0819        14.9338       0.999059        1.00327       0.278695E-01   0.277370E-01
   0.494024E-02    15.1559        15.2892        15.1327       0.998623        1.00301       0.278772E-01   0.277392E-01
   0.504004E-02    15.3593        15.4971        15.3318       0.998198        1.00277       0.278849E-01   0.277409E-01
   0.514186E-02    15.5632        15.7056        15.5310       0.997784        1.00255       0.278923E-01   0.277423E-01
   0.524573E-02    15.7676        15.9145        15.7302       0.997384        1.00235       0.278996E-01   0.277432E-01
   0.535170E-02    15.9724        16.1238        15.9292       0.996998        1.00218       0.279067E-01   0.277436E-01
   0.545981E-02    16.1775        16.3334        16.1280       0.996625        1.00202       0.279137E-01   0.277437E-01
   0.557011E-02    16.3828        16.5433        16.3264       0.996266        1.00189       0.279205E-01   0.277433E-01
   0.568263E-02    16.5881        16.7532        16.5243       0.995919        1.00179       0.279272E-01   0.277425E-01
   0.579743E-02    16.7933        16.9630        16.7216       0.995583        1.00170       0.279339E-01   0.277412E-01
   0.591455E-02    16.9982        17.1727        16.9180       0.995259        1.00164       0.279404E-01   0.277396E-01
   0.603403E-02    17.2028        17.3822        17.1135       0.994945        1.00160       0.279469E-01   0.277375E-01
   0.615592E-02    17.4068        17.5913        17.3079       0.994641        1.00158       0.279534E-01   0.277351E-01
   0.628028E-02    17.6102        17.7999        17.5010       0.994347        1.00158       0.279598E-01   0.277322E-01
   0.640715E-02    17.8129        18.0079        17.6928       0.994061        1.00161       0.279662E-01   0.277289E-01
   0.653658E-02    18.0148        18.2152        17.8831       0.993784        1.00165       0.279726E-01   0.277252E-01
   0.666863E-02    18.2157        18.4217        18.0716       0.993515        1.00172       0.279790E-01   0.277210E-01
   0.680335E-02    18.4155        18.6273        18.2584       0.993253        1.00181       0.279853E-01   0.277163E-01
   0.694078E-02    18.6142        18.8318        18.4431       0.992997        1.00192       0.279917E-01   0.277112E-01
   0.708100E-02    18.8114        19.0350        18.6256       0.992746        1.00206       0.279980E-01   0.277056E-01
   0.722404E-02    19.0072        19.2369        18.8057       0.992500        1.00221       0.280044E-01   0.276995E-01
   0.736998E-02    19.2013        19.4373        18.9832       0.992256        1.00239       0.280107E-01   0.276928E-01
   0.751886E-02    19.3935        19.6361        19.1579       0.992015        1.00258       0.280171E-01   0.276856E-01
   0.767075E-02    19.5837        19.8330        19.3297       0.991775        1.00280       0.280235E-01   0.276779E-01
   0.782571E-02    19.7717        20.0278        19.4982       0.991535        1.00304       0.280299E-01   0.276695E-01
   0.798380E-02    19.9574        20.2206        19.6633       0.991295        1.00329       0.280363E-01   0.276606E-01
   0.814509E-02    20.1404        20.4110        19.8247       0.991054        1.00357       0.280428E-01   0.276510E-01
   0.830963E-02    20.3207        20.5988        19.9823       0.990811        1.00387       0.280494E-01   0.276408E-01
   0.847750E-02    20.4980        20.7840        20.1357       0.990568        1.00419       0.280559E-01   0.276299E-01
   0.864875E-02    20.6721        20.9662        20.2847       0.990324        1.00453       0.280626E-01   0.276184E-01
   0.882347E-02    20.8428        21.1453        20.4291       0.990078        1.00490       0.280693E-01   0.276061E-01
   0.900171E-02    21.0100        21.3211        20.5686       0.989831        1.00530       0.280760E-01   0.275931E-01
   0.918356E-02    21.1733        21.4934        20.7029       0.989582        1.00572       0.280829E-01   0.275793E-01
   0.936908E-02    21.3327        21.6620        20.8319       0.989332        1.00617       0.280898E-01   0.275647E-01
   0.955835E-02    21.4878        21.8266        20.9551       0.989079        1.00665       0.280967E-01   0.275493E-01
   0.975144E-02    21.6385        21.9871        21.0724       0.988824        1.00715       0.281038E-01   0.275330E-01
   0.994843E-02    21.7845        22.1432        21.1834       0.988567        1.00769       0.281110E-01   0.275158E-01
   0.101494E-01    21.9256        22.2947        21.2879       0.988308        1.00826       0.281183E-01   0.274977E-01
   0.103544E-01    22.0617        22.4414        21.3857       0.988048        1.00887       0.281257E-01   0.274787E-01
   0.105636E-01    22.1924        22.5831        21.4763       0.987787        1.00951       0.281332E-01   0.274586E-01
   0.107770E-01    22.3175        22.7194        21.5596       0.987526        1.01020       0.281408E-01   0.274375E-01
   0.109947E-01    22.4369        22.8503        21.6352       0.987264        1.01092       0.281486E-01   0.274154E-01
   0.112168E-01    22.5502        22.9754        21.7029       0.987001        1.01168       0.281566E-01   0.273922E-01
   0.114434E-01    22.6572        23.0946        21.7624       0.986735        1.01249       0.281647E-01   0.273678E-01
   0.116746E-01    22.7577        23.2074        21.8133       0.986465        1.01334       0.281729E-01   0.273423E-01
   0.119104E-01    22.8513        23.3139        21.8554       0.986191        1.01424       0.281814E-01   0.273156E-01
   0.121510E-01    22.9379        23.4135        21.8884       0.985912        1.01518       0.281901E-01   0.272876E-01
   0.123965E-01    23.0172        23.5062        21.9120       0.985627        1.01616       0.281989E-01   0.272582E-01
   0.126469E-01    23.0889        23.5917        21.9259       0.985336        1.01720       0.282080E-01   0.272276E-01
   0.129024E-01    23.1527        23.6697        21.9299       0.985040        1.01829       0.282173E-01   0.271955E-01
   0.131631E-01    23.2084        23.7400        21.9236       0.984737        1.01943       0.282269E-01   0.271620E-01
   0.134290E-01    23.2558        23.8022        21.9069       0.984428        1.02062       0.282367E-01   0.271270E-01
   0.137003E-01    23.2946        23.8563        21.8795       0.984112        1.02188       0.282467E-01   0.270905E-01
   0.139770E-01    23.3245        23.9019        21.8410       0.983788        1.02319       0.282570E-01   0.270524E-01
   0.142594E-01    23.3453        23.9388        21.7913       0.983456        1.02457       0.282677E-01   0.270126E-01
   0.145474E-01    23.3567        23.9667        21.7302       0.983116        1.02601       0.282786E-01   0.269711E-01
   0.148413E-01    23.3587        23.9855        21.6575       0.982767        1.02751       0.282898E-01   0.269279E-01
   0.151411E-01    23.3508        23.9948        21.5729       0.982408        1.02909       0.283013E-01   0.268829E-01
   0.154470E-01    23.3330        23.9945        21.4763       0.982040        1.03073       0.283132E-01   0.268360E-01
   0.157590E-01    23.3050        23.9844        21.3676       0.981662        1.03245       0.283254E-01   0.267872E-01
   0.160774E-01    23.2666        23.9642        21.2467       0.981273        1.03425       0.283379E-01   0.267365E-01
   0.164022E-01    23.2177        23.9338        21.1133       0.980873        1.03613       0.283508E-01   0.266837E-01
   0.167335E-01    23.1581        23.8930        20.9676       0.980462        1.03809       0.283641E-01   0.266288E-01
   0.170716E-01    23.0876        23.8416        20.8093       0.980039        1.04013       0.283778E-01   0.265719E-01
   0.174164E-01    23.0062        23.7795        20.6386       0.979605        1.04226       0.283918E-01   0.265127E-01
   0.177683E-01    22.9138        23.7064        20.4554       0.979159        1.04449       0.284063E-01   0.264514E-01
   0.181272E-01    22.8101        23.6224        20.2598       0.978700        1.04680       0.284212E-01   0.263877E-01
   0.184934E-01    22.6953        23.5273        20.0519       0.978228        1.04922       0.284365E-01   0.263218E-01
   0.188670E-01    22.5692        23.4211        19.8318       0.977744        1.05173       0.284522E-01   0.262535E-01
   0.192481E-01    22.4317        23.3036        19.5998       0.977246        1.05435       0.284684E-01   0.261829E-01
   0.196370E-01    22.2830        23.1748        19.3560       0.976736        1.05707       0.284851E-01   0.261099E-01
   0.200337E-01    22.1229        23.0347        19.1008       0.976211        1.05990       0.285021E-01   0.260344E-01
   0.204384E-01    21.9516        22.8835        18.8344       0.975673        1.06284       0.285197E-01   0.259566E-01
   0.208513E-01    21.7693        22.7210        18.5572       0.975122        1.06589       0.285377E-01   0.258763E-01
   0.212725E-01    21.5759        22.5474        18.2697       0.974556        1.06905       0.285561E-01   0.257935E-01
   0.217022E-01    21.3718        22.3628        17.9723       0.973977        1.07233       0.285750E-01   0.257084E-01
   0.221406E-01    21.1571        22.1673        17.6655       0.973384        1.07572       0.285943E-01   0.256209E-01
   0.225879E-01    20.9321        21.9611        17.3500       0.972777        1.07923       0.286141E-01   0.255310E-01
   0.230442E-01    20.6971        21.7445        17.0264       0.972158        1.08286       0.286343E-01   0.254389E-01
   0.235097E-01    20.4523        21.5177        16.6954       0.971527        1.08660       0.286549E-01   0.253446E-01
   0.239847E-01    20.1983        21.2810        16.3576       0.970884        1.09046       0.286759E-01   0.252481E-01
   0.244692E-01    19.9353        21.0347        16.0139       0.970231        1.09444       0.286973E-01   0.251497E-01
   0.249635E-01    19.6639        20.7792        15.6652       0.969567        1.09852       0.287189E-01   0.250495E-01
   0.254678E-01    19.3846        20.5149        15.3124       0.968894        1.10270       0.287409E-01   0.249476E-01
   0.259823E-01    19.0978        20.2424        14.9563       0.968214        1.10699       0.287632E-01   0.248442E-01
   0.265072E-01    18.8042        19.9619        14.5979       0.967526        1.11136       0.287856E-01   0.247397E-01
   0.270426E-01    18.5043        19.6742        14.2381       0.966834        1.11583       0.288083E-01   0.246341E-01
   0.275889E-01    18.1990        19.3798        13.8782       0.966139        1.12036       0.288310E-01   0.245279E-01
   0.281463E-01    17.8889        19.0795        13.5192       0.965443        1.12494       0.288537E-01   0.244214E-01
   0.287149E-01    17.5749        18.7739        13.1623       0.964749        1.12957       0.288764E-01   0.243151E-01
   0.292949E-01    17.2577        18.4636        12.8084       0.964059        1.13423       0.288990E-01   0.242092E-01
   0.298867E-01    16.9380        18.1494        12.4585       0.963376        1.13889       0.289213E-01   0.241044E-01
   0.304905E-01    16.6167        17.8321        12.1139       0.962703        1.14354       0.289433E-01   0.240010E-01
   0.311064E-01    16.2946        17.5122        11.7756       0.962044        1.14813       0.289648E-01   0.238999E-01
   0.317348E-01    15.9724        17.1906        11.4446       0.961402        1.15265       0.289857E-01   0.238015E-01
   0.323759E-01    15.6510        16.8680        11.1218       0.960781        1.15706       0.290059E-01   0.237065E-01
   0.330299E-01    15.3310        16.5450        10.8081       0.960185        1.16134       0.290252E-01   0.236155E-01
   0.336972E-01    15.0133        16.2225        10.5044       0.959617        1.16543       0.290436E-01   0.235294E-01
   0.343779E-01    14.6987        15.9011        10.2116       0.959084        1.16931       0.290608E-01   0.234489E-01
   0.350724E-01    14.3879        15.5816        9.93055       0.958589        1.17291       0.290767E-01   0.233749E-01
   0.357809E-01    14.0816        15.2647        9.66183       0.958138        1.17621       0.290910E-01   0.233083E-01
   0.365038E-01    13.7807        14.9513        9.40630       0.957735        1.17916       0.291037E-01   0.232498E-01
   0.372412E-01    13.4865        14.6425        9.16498       0.957387        1.18170       0.291146E-01   0.232004E-01
   0.379935E-01    13.1999        14.3397        8.93877       0.957100        1.18378       0.291234E-01   0.231611E-01
   0.387610E-01    12.9221        14.0437        8.72848       0.956878        1.18535       0.291299E-01   0.231329E-01
   0.395440E-01    12.6538        13.7555        8.53480       0.956730        1.18636       0.291340E-01   0.231167E-01
   0.403429E-01    12.3957        13.4757        8.35798       0.956658        1.18678       0.291355E-01   0.231133E-01
   0.411579E-01    12.1480        13.2047        8.19789       0.956665        1.18657       0.291343E-01   0.231231E-01
   0.419893E-01    11.9108        12.9427        8.05444       0.956756        1.18572       0.291303E-01   0.231465E-01
   0.428375E-01    11.6844        12.6899        7.92755       0.956932        1.18421       0.291235E-01   0.231840E-01
   0.437029E-01    11.4688        12.4466        7.81718       0.957196        1.18202       0.291137E-01   0.232361E-01
   0.445858E-01    11.2637        12.2126        7.72268       0.957549        1.17916       0.291009E-01   0.233027E-01
   0.454865E-01    11.0685        11.9872        7.64279       0.957987        1.17567       0.290854E-01   0.233832E-01
   0.464053E-01    10.8825        11.7700        7.57637       0.958507        1.17158       0.290671E-01   0.234769E-01
   0.473428E-01    10.7049        11.5604        7.52235       0.959104        1.16694       0.290463E-01   0.235833E-01
   0.482992E-01    10.5353        11.3579        7.47976       0.959777        1.16178       0.290231E-01   0.237017E-01
   0.492749E-01    10.3731        11.1624        7.44749       0.960518        1.15618       0.289977E-01   0.238310E-01
   0.502703E-01    10.2183        10.9740        7.42430       0.961318        1.15022       0.289704E-01   0.239696E-01
   0.512858E-01    10.0705        10.7927        7.40900       0.962170        1.14397       0.289415E-01   0.241157E-01
   0.523219E-01    9.92972        10.6186        7.40043       0.963063        1.13753       0.289114E-01   0.242676E-01
   0.533789E-01    9.79565        10.4517        7.39740       0.963989        1.13098       0.288805E-01   0.244236E-01
   0.544572E-01    9.66712        10.2911        7.39775       0.964934        1.12441       0.288491E-01   0.245814E-01
   0.555573E-01    9.54207        10.1350        7.39829       0.965881        1.11794       0.288179E-01   0.247382E-01
   0.566796E-01    9.41849        9.98159        7.39581       0.966810        1.11169       0.287874E-01   0.248913E-01
   0.578246E-01    9.29447        9.82930        7.38709       0.967706        1.10575       0.287583E-01   0.250377E-01
   0.589927E-01    9.16819        9.67656        7.36896       0.968548        1.10024       0.287311E-01   0.251746E-01
   0.601845E-01    9.03796        9.52188        7.33844       0.969321        1.09525       0.287063E-01   0.252992E-01
   0.614003E-01    8.90215        9.36387        7.29281       0.970007        1.09086       0.286845E-01   0.254089E-01
   0.626407E-01    8.75927        9.20123        7.22952       0.970591        1.08717       0.286662E-01   0.255014E-01
   0.639061E-01    8.60796        9.03278        7.14622       0.971055        1.08424       0.286520E-01   0.255740E-01
   0.651971E-01    8.44701        8.85746        7.04086       0.971383        1.08217       0.286422E-01   0.256243E-01
   0.665142E-01    8.27572        8.67463        6.91242       0.971564        1.08102       0.286374E-01   0.256506E-01
   0.678578E-01    8.09389        8.48400        6.76081       0.971590        1.08082       0.286376E-01   0.256516E-01
   0.692287E-01    7.90143        8.28541        6.58635       0.971455        1.08162       0.286432E-01   0.256263E-01
   0.706272E-01    7.69838        8.07878        6.38969       0.971152        1.08347       0.286543E-01   0.255737E-01
   0.720539E-01    7.48497        7.86417        6.17194       0.970675        1.08641       0.286710E-01   0.254931E-01
   0.735095E-01    7.26241        7.64247        5.93595       0.970028        1.09044       0.286934E-01   0.253852E-01
   0.749945E-01    7.03277        7.41527        5.68602       0.969226        1.09550       0.287207E-01   0.252521E-01
   0.765095E-01    6.79804        7.18414        5.42628       0.968286        1.10153       0.287527E-01   0.250963E-01
   0.780551E-01    6.56011        6.95052        5.16059       0.967223        1.10848       0.287887E-01   0.249201E-01
   0.796319E-01    6.32072        6.71579        4.89254       0.966053        1.11630       0.288282E-01   0.247259E-01
   0.812406E-01    6.08219        6.48175        4.62687       0.964806        1.12480       0.288702E-01   0.245189E-01
   0.828817E-01    5.84722        6.25049        4.36907       0.963527        1.13370       0.289132E-01   0.243068E-01
   0.845561E-01    5.61816        6.02388        4.12358       0.962259        1.14267       0.289559E-01   0.240973E-01
   0.862642E-01    5.39703        5.80353        3.89384       0.961046        1.15142       0.289966E-01   0.238975E-01
   0.880068E-01    5.18553        5.59084        3.68246       0.959932        1.15960       0.290338E-01   0.237146E-01
   0.897847E-01    4.98548        5.38742        3.49179       0.958962        1.16685       0.290660E-01   0.235560E-01
   0.915985E-01    4.79877        5.19506        3.32395       0.958180        1.17276       0.290917E-01   0.234295E-01
   0.934489E-01    4.62695        5.01528        3.18057       0.957632        1.17694       0.291094E-01   0.233428E-01
   0.953367E-01    4.47135        4.84933        3.06302       0.957364        1.17897       0.291175E-01   0.233037E-01
   0.972626E-01    4.33300        4.69822        2.97248       0.957418        1.17847       0.291145E-01   0.233197E-01
   0.992274E-01    4.21136        4.56169        2.90738       0.957800        1.17541       0.291004E-01   0.233914E-01
   0.101232        4.10457        4.43837        2.86385       0.958476        1.17015       0.290764E-01   0.235120E-01
   0.103277        4.01094        4.32702        2.83858       0.959410        1.16304       0.290438E-01   0.236746E-01
   0.105363        3.92898        4.22652        2.82869       0.960568        1.15444       0.290040E-01   0.238725E-01
   0.107492        3.85729        4.13582        2.83157       0.961912        1.14474       0.289582E-01   0.240985E-01
   0.109663        3.79312        4.05263        2.84285       0.963379        1.13441       0.289087E-01   0.243422E-01
   0.111879        3.73247        3.97354        2.85630       0.964875        1.12410       0.288587E-01   0.245895E-01
   0.114139        3.67154        3.89536        2.86553       0.966306        1.11440       0.288113E-01   0.248253E-01
   0.116445        3.60676        3.81515        2.86406       0.967577        1.10591       0.287695E-01   0.250344E-01
   0.118797        3.53490        3.73024        2.84563       0.968594        1.09918       0.287365E-01   0.252010E-01
   0.121197        3.45405        3.63901        2.80645       0.969296        1.09456       0.287141E-01   0.253148E-01
   0.123645        3.36358        3.54086        2.74545       0.969658        1.09219       0.287031E-01   0.253712E-01
   0.126143        3.26312        3.43535        2.66227       0.969655        1.09221       0.287043E-01   0.253661E-01
   0.128691        3.15252        3.32222        2.55727       0.969263        1.09478       0.287182E-01   0.252958E-01
   0.131291        3.03197        3.20149        2.43179       0.968462        1.10005       0.287458E-01   0.251577E-01
   0.133943        2.90414        3.07516        2.29195       0.967304        1.10773       0.287850E-01   0.249618E-01
   0.136649        2.77363        2.94682        2.14719       0.965918        1.11701       0.288318E-01   0.247301E-01
   0.139409        2.64449        2.81968        2.00546       0.964433        1.12709       0.288818E-01   0.244846E-01
   0.142226        2.52013        2.69648        1.87296       0.962977        1.13712       0.289307E-01   0.242463E-01
   0.145099        2.40335        2.57949        1.75427       0.961679        1.14622       0.289741E-01   0.240354E-01
   0.148030        2.29606        2.47041        1.65190       0.960636        1.15366       0.290087E-01   0.238674E-01
   0.151020        2.19951        2.37046        1.56690       0.959920        1.15886       0.290321E-01   0.237533E-01
   0.154071        2.11470        2.28063        1.50008       0.959603        1.16124       0.290419E-01   0.237041E-01
   0.157184        2.04243        2.20175        1.45225       0.959753        1.16024       0.290359E-01   0.237312E-01
   0.160359        1.98335        2.13440        1.42431       0.960438        1.15536       0.290120E-01   0.238455E-01
   0.163598        1.93536        2.07689        1.41298       0.961589        1.14715       0.289725E-01   0.240371E-01
   0.166903        1.89402        2.02555        1.41103       0.963007        1.13710       0.289245E-01   0.242737E-01
   0.170275        1.85522        1.97701        1.41137       0.964484        1.12672       0.288748E-01   0.245214E-01
   0.173715        1.81518        1.92820        1.40699       0.965813        1.11746       0.288306E-01   0.247450E-01
   0.177224        1.77050        1.87640        1.39114       0.966790        1.11072       0.287985E-01   0.249088E-01
   0.180804        1.71982        1.82046        1.36112       0.967324        1.10706       0.287815E-01   0.249965E-01
   0.184457        1.66361        1.76059        1.31829       0.967436        1.10629       0.287786E-01   0.250120E-01
   0.188183        1.60245        1.69710        1.26443       0.967155        1.10820       0.287888E-01   0.249606E-01
   0.191985        1.53698        1.63036        1.20153       0.966508        1.11261       0.288111E-01   0.248484E-01
   0.195863        1.46795        1.56083        1.13178       0.965527        1.11933       0.288441E-01   0.246822E-01
   0.199820        1.39775        1.49043        1.05982       0.964335        1.12756       0.288840E-01   0.244835E-01
   0.203856        1.32993        1.42215       0.991784       0.963141        1.13587       0.289238E-01   0.242870E-01
   0.207974        1.26750        1.35855       0.932458       0.962158        1.14276       0.289565E-01   0.241274E-01
   0.212176        1.21288        1.30170       0.885491       0.961598        1.14670       0.289748E-01   0.240382E-01
   0.216462        1.16795        1.25325       0.853665       0.961662        1.14623       0.289722E-01   0.240514E-01
   0.220835        1.13162        1.21230       0.835009       0.962324        1.14155       0.289495E-01   0.241624E-01
   0.225296        1.10035        1.17593       0.823590       0.963328        1.13450       0.289155E-01   0.243299E-01
   0.229847        1.07091        1.14149       0.813877       0.964409        1.12697       0.288791E-01   0.245105E-01
   0.234490        1.04042        1.10662       0.800655       0.965300        1.12080       0.288493E-01   0.246596E-01
   0.239227        1.00639        1.06931       0.779253       0.965743        1.11773       0.288348E-01   0.247334E-01
   0.244060       0.968705        1.02942       0.749436       0.965691        1.11806       0.288369E-01   0.247234E-01
   0.248990       0.929198       0.988383       0.714891       0.965305        1.12069       0.288503E-01   0.246571E-01
   0.254020       0.889576       0.947514       0.679069       0.964755        1.12445       0.288692E-01   0.245639E-01
   0.259152       0.851300       0.907942       0.644877       0.964212        1.12819       0.288877E-01   0.244726E-01
   0.264387       0.815557       0.870596       0.614609       0.963840        1.13076       0.289001E-01   0.244113E-01
   0.269728       0.782606       0.835699       0.588636       0.963693        1.13178       0.289048E-01   0.243884E-01
   0.275177       0.751958       0.802910       0.565840       0.963713        1.13164       0.289038E-01   0.243937E-01
   0.280736       0.723157       0.771904       0.545211       0.963836        1.13077       0.288992E-01   0.244162E-01
   0.286407       0.695805       0.742395       0.525878       0.964002        1.12963       0.288934E-01   0.244452E-01
   0.292193       0.669559       0.714136       0.507099       0.964148        1.12861       0.288884E-01   0.244700E-01
   0.298096       0.644211       0.686940       0.488563       0.964249        1.12791       0.288852E-01   0.244861E-01
   0.304118       0.619669       0.660682       0.470319       0.964313        1.12747       0.288833E-01   0.244955E-01
   0.310261       0.595856       0.635250       0.452425       0.964350        1.12721       0.288824E-01   0.245003E-01
   0.316529       0.572703       0.610546       0.434930       0.964371        1.12706       0.288820E-01   0.245027E-01
   0.322923       0.550152       0.586487       0.417874       0.964386        1.12696       0.288816E-01   0.245048E-01
   0.329447       0.528201       0.563069       0.401275       0.964396        1.12688       0.288812E-01   0.245070E-01
   0.336102       0.506895       0.540347       0.385129       0.964398        1.12687       0.288809E-01   0.245082E-01
   0.342892       0.486272       0.518371       0.369431       0.964385        1.12696       0.288812E-01   0.245072E-01
   0.349819       0.466363       0.497178       0.354175       0.964352        1.12718       0.288821E-01   0.245028E-01
   0.356885       0.447189       0.476799       0.339360       0.964296        1.12757       0.288839E-01   0.244939E-01
   0.364095       0.428768       0.457240       0.325038       0.964221        1.12809       0.288864E-01   0.244815E-01
   0.371450       0.411108       0.438492       0.311307       0.964144        1.12861       0.288891E-01   0.244684E-01
   0.378954       0.394217       0.420541       0.298246       0.964082        1.12904       0.288913E-01   0.244577E-01
   0.386609       0.378093       0.403371       0.285920       0.964054        1.12923       0.288924E-01   0.244524E-01
   0.394419       0.362731       0.386965       0.274373       0.964074        1.12909       0.288918E-01   0.244555E-01
   0.402387       0.348074       0.371270       0.263532       0.964141        1.12862       0.288896E-01   0.244666E-01
   0.410516       0.334027       0.356206       0.253227       0.964233        1.12798       0.288865E-01   0.244821E-01
   0.418809       0.320502       0.341703       0.243306       0.964329        1.12732       0.288832E-01   0.244983E-01
   0.427269       0.307423       0.327696       0.233638       0.964408        1.12678       0.288805E-01   0.245116E-01
   0.435901       0.294728       0.314133       0.224116       0.964446        1.12651       0.288792E-01   0.245183E-01
   0.444706       0.282406       0.301002       0.214737       0.964442        1.12654       0.288793E-01   0.245178E-01
   0.453690       0.270491       0.288326       0.205582       0.964408        1.12677       0.288804E-01   0.245123E-01
   0.462855       0.259013       0.276123       0.196723       0.964358        1.12711       0.288821E-01   0.245041E-01
   0.472206       0.247992       0.264407       0.188218       0.964306        1.12747       0.288838E-01   0.244957E-01
   0.481745       0.237445       0.253186       0.180115       0.964267        1.12774       0.288852E-01   0.244892E-01
   0.491477       0.227363       0.242448       0.172413       0.964245        1.12789       0.288859E-01   0.244855E-01
   0.501405       0.217714       0.232165       0.165076       0.964235        1.12795       0.288862E-01   0.244840E-01
   0.511534       0.208472       0.222309       0.158068       0.964236        1.12795       0.288862E-01   0.244840E-01
   0.521868       0.199609       0.212855       0.151360       0.964241        1.12791       0.288861E-01   0.244849E-01
   0.532411       0.191103       0.203781       0.144923       0.964247        1.12787       0.288859E-01   0.244860E-01
   0.543166       0.182936       0.195070       0.138741       0.964253        1.12783       0.288857E-01   0.244870E-01
   0.554139       0.175097       0.186709       0.132805       0.964258        1.12779       0.288855E-01   0.244878E-01
   0.565333       0.167575       0.178685       0.127107       0.964262        1.12776       0.288854E-01   0.244886E-01
   0.576753       0.160357       0.170987       0.121639       0.964266        1.12773       0.288853E-01   0.244892E-01
   0.588404       0.153434       0.163604       0.116393       0.964269        1.12771       0.288852E-01   0.244898E-01
   0.600291       0.146793       0.156522       0.111361       0.964272        1.12768       0.288851E-01   0.244904E-01
   0.612418       0.140426       0.149732       0.106536       0.964275        1.12766       0.288850E-01   0.244910E-01
   0.624789       0.134321       0.143221       0.101908       0.964278        1.12764       0.288849E-01   0.244914E-01
   0.637411       0.128468       0.136979       0.974709E-01   0.964280        1.12763       0.288848E-01   0.244919E-01
   0.650288       0.122857       0.130996       0.932170E-01   0.964282        1.12761       0.288847E-01   0.244923E-01
   0.663424       0.117480       0.125262       0.891394E-01   0.964284        1.12760       0.288847E-01   0.244926E-01
   0.676826       0.112326       0.119766       0.852312E-01   0.964285        1.12759       0.288846E-01   0.244929E-01
   0.690499       0.107388       0.114501       0.814860E-01   0.964287        1.12758       0.288846E-01   0.244932E-01
   0.704448       0.102657       0.109456       0.778974E-01   0.964288        1.12757       0.288845E-01   0.244934E-01
   0.718679       0.981246E-01   0.104623       0.744595E-01   0.964289        1.12756       0.288845E-01   0.244936E-01
   0.733197       0.937834E-01   0.999942E-01   0.711663E-01   0.964290        1.12755       0.288845E-01   0.244938E-01
   0.748009       0.896257E-01   0.955609E-01   0.680121E-01   0.964290        1.12755       0.288844E-01   0.244939E-01
   0.763119       0.856441E-01   0.913155E-01   0.649915E-01   0.964291        1.12754       0.288844E-01   0.244941E-01
   0.778536       0.818317E-01   0.872505E-01   0.620991E-01   0.964292        1.12754       0.288844E-01   0.244942E-01
   0.794263       0.781818E-01   0.833587E-01   0.593299E-01   0.964292        1.12753       0.288844E-01   0.244943E-01
   0.810308       0.746877E-01   0.796331E-01   0.566789E-01   0.964293        1.12753       0.288844E-01   0.244944E-01
   0.826677       0.713433E-01   0.760672E-01   0.541414E-01   0.964293        1.12752       0.288844E-01   0.244945E-01
   0.843378       0.681427E-01   0.726546E-01   0.517129E-01   0.964293        1.12752       0.288843E-01   0.244947E-01
   0.860415       0.650801E-01   0.693890E-01   0.493891E-01   0.964294        1.12752       0.288843E-01   0.244948E-01
   0.877797       0.621498E-01   0.662646E-01   0.471657E-01   0.964294        1.12751       0.288843E-01   0.244949E-01
   0.895529       0.593465E-01   0.632756E-01   0.450386E-01   0.964295        1.12751       0.288843E-01   0.244950E-01
   0.913620       0.566648E-01   0.604164E-01   0.430038E-01   0.964295        1.12751       0.288843E-01   0.244951E-01
   0.932076       0.540998E-01   0.576814E-01   0.410575E-01   0.964295        1.12750       0.288843E-01   0.244951E-01
   0.950906       0.516464E-01   0.550656E-01   0.391959E-01   0.964296        1.12750       0.288843E-01   0.244952E-01
   0.970115       0.493001E-01   0.525639E-01   0.374155E-01   0.964296        1.12750       0.288842E-01   0.244953E-01
   0.989713       0.470564E-01   0.501716E-01   0.357129E-01   0.964296        1.12749       0.288842E-01   0.244954E-01
    1.00971       0.449111E-01   0.478842E-01   0.340850E-01   0.964297        1.12749       0.288842E-01   0.244955E-01
    1.03010       0.428601E-01   0.456974E-01   0.325286E-01   0.964297        1.12749       0.288842E-01   0.244956E-01
    1.05091       0.408996E-01   0.436070E-01   0.310408E-01   0.964297        1.12748       0.288842E-01   0.244957E-01
    1.07214       0.390257E-01   0.416090E-01   0.296188E-01   0.964298        1.12748       0.288842E-01   0.244957E-01
    1.09380       0.372348E-01   0.396995E-01   0.282598E-01   0.964298        1.12748       0.288842E-01   0.244958E-01
    1.11590       0.355233E-01   0.378747E-01   0.269610E-01   0.964298        1.12747       0.288842E-01   0.244959E-01
    1.13844       0.338879E-01   0.361310E-01   0.257200E-01   0.964299        1.12747       0.288842E-01   0.244960E-01
    1.16144       0.323253E-01   0.344650E-01   0.245342E-01   0.964299        1.12747       0.288841E-01   0.244960E-01
    1.18490       0.308324E-01   0.328732E-01   0.234012E-01   0.964299        1.12746       0.288841E-01   0.244961E-01
    1.20884       0.294061E-01   0.313525E-01   0.223189E-01   0.964300        1.12746       0.288841E-01   0.244962E-01
    1.23326       0.280438E-01   0.298999E-01   0.212850E-01   0.964300        1.12746       0.288841E-01   0.244963E-01
    1.25817       0.267425E-01   0.285125E-01   0.202974E-01   0.964300        1.12746       0.288841E-01   0.244963E-01
    1.28359       0.254998E-01   0.271875E-01   0.193543E-01   0.964301        1.12745       0.288841E-01   0.244964E-01
    1.30952       0.243131E-01   0.259222E-01   0.184537E-01   0.964301        1.12745       0.288841E-01   0.244965E-01
    1.33597       0.231799E-01   0.247141E-01   0.175937E-01   0.964301        1.12745       0.288841E-01   0.244965E-01
    1.36296       0.220980E-01   0.235606E-01   0.167727E-01   0.964301        1.12745       0.288841E-01   0.244966E-01
    1.39049       0.210652E-01   0.224593E-01   0.159888E-01   0.964302        1.12744       0.288840E-01   0.244967E-01
    1.41858       0.200792E-01   0.214080E-01   0.152405E-01   0.964302        1.12744       0.288840E-01   0.244967E-01
    1.44724       0.191380E-01   0.204045E-01   0.145262E-01   0.964302        1.12744       0.288840E-01   0.244968E-01
    1.47648       0.182396E-01   0.194467E-01   0.138444E-01   0.964302        1.12744       0.288840E-01   0.244968E-01
    1.50630       0.173823E-01   0.185326E-01   0.131937E-01   0.964303        1.12743       0.288840E-01   0.244969E-01
    1.53673       0.165641E-01   0.176603E-01   0.125727E-01   0.964303        1.12743       0.288840E-01   0.244970E-01
    1.56778       0.157834E-01   0.168279E-01   0.119802E-01   0.964303        1.12743       0.288840E-01   0.244970E-01
    1.59945       0.150385E-01   0.160336E-01   0.114148E-01   0.964303        1.12743       0.288840E-01   0.244971E-01
    1.63176       0.143277E-01   0.152759E-01   0.108754E-01   0.964304        1.12743       0.288840E-01   0.244971E-01
    1.66472       0.136497E-01   0.145530E-01   0.103608E-01   0.964304        1.12742       0.288840E-01   0.244972E-01
    1.69835       0.130030E-01   0.138634E-01   0.986988E-02   0.964304        1.12742       0.288840E-01   0.244972E-01
    1.73266       0.123860E-01   0.132057E-01   0.940165E-02   0.964304        1.12742       0.288840E-01   0.244973E-01
    1.76766       0.117977E-01   0.125783E-01   0.895508E-02   0.964304        1.12742       0.288840E-01   0.244973E-01
    1.80337       0.112365E-01   0.119801E-01   0.852918E-02   0.964305        1.12742       0.288839E-01   0.244974E-01
    1.83980       0.107014E-01   0.114096E-01   0.812304E-02   0.964305        1.12741       0.288839E-01   0.244974E-01
    1.87697       0.101912E-01   0.108655E-01   0.773576E-02   0.964305        1.12741       0.288839E-01   0.244975E-01
    1.91489       0.970467E-02   0.103468E-01   0.736649E-02   0.964305        1.12741       0.288839E-01   0.244975E-01
    1.95357       0.924081E-02   0.985227E-02   0.701442E-02   0.964305        1.12741       0.288839E-01   0.244976E-01
    1.99304       0.879859E-02   0.938078E-02   0.667877E-02   0.964305        1.12741       0.288839E-01   0.244976E-01
    2.03330       0.837703E-02   0.893132E-02   0.635879E-02   0.964306        1.12740       0.288839E-01   0.244977E-01
    2.07437       0.797520E-02   0.850290E-02   0.605379E-02   0.964306        1.12740       0.288839E-01   0.244977E-01
    2.11628       0.759220E-02   0.809455E-02   0.576308E-02   0.964306        1.12740       0.288839E-01   0.244978E-01
    2.15903       0.722717E-02   0.770536E-02   0.548601E-02   0.964306        1.12740       0.288839E-01   0.244978E-01
    2.20265       0.687930E-02   0.733447E-02   0.522197E-02   0.964306        1.12740       0.288839E-01   0.244978E-01
    2.24714       0.654780E-02   0.698103E-02   0.497035E-02   0.964306        1.12739       0.288839E-01   0.244979E-01
    2.29254       0.623192E-02   0.664425E-02   0.473058E-02   0.964307        1.12739       0.288839E-01   0.244979E-01
    2.33885       0.593094E-02   0.632336E-02   0.450212E-02   0.964307        1.12739       0.288839E-01   0.244980E-01
    2.38610       0.564418E-02   0.601762E-02   0.428446E-02   0.964307        1.12739       0.288839E-01   0.244980E-01
    2.43430       0.537099E-02   0.572636E-02   0.407709E-02   0.964307        1.12739       0.288839E-01   0.244980E-01
    2.48348       0.511074E-02   0.544888E-02   0.387955E-02   0.964307        1.12739       0.288839E-01   0.244981E-01
    2.53365       0.486284E-02   0.518458E-02   0.369138E-02   0.964307        1.12738       0.288839E-01   0.244981E-01
    2.58483       0.462671E-02   0.493282E-02   0.351214E-02   0.964307        1.12738       0.288839E-01   0.244981E-01
    2.63705       0.440181E-02   0.469304E-02   0.334143E-02   0.964308        1.12738       0.288839E-01   0.244982E-01
    2.69032       0.418762E-02   0.446468E-02   0.317884E-02   0.964308        1.12738       0.288839E-01   0.244982E-01
    2.74466       0.398365E-02   0.424721E-02   0.302401E-02   0.964308        1.12738       0.288839E-01   0.244982E-01
    2.80011       0.378941E-02   0.404012E-02   0.287657E-02   0.964308        1.12738       0.288839E-01   0.244983E-01
    2.85668       0.360446E-02   0.384293E-02   0.273618E-02   0.964308        1.12737       0.288839E-01   0.244983E-01
    2.91439       0.342836E-02   0.365518E-02   0.260250E-02   0.964308        1.12737       0.288839E-01   0.244983E-01
    2.97326       0.326070E-02   0.347642E-02   0.247523E-02   0.964308        1.12737       0.288839E-01   0.244983E-01
    3.03332       0.310108E-02   0.330624E-02   0.235406E-02   0.964308        1.12737       0.288839E-01   0.244984E-01
    3.09460       0.294912E-02   0.314423E-02   0.223872E-02   0.964308        1.12737       0.288839E-01   0.244984E-01
    3.15712       0.280448E-02   0.299002E-02   0.212892E-02   0.964309        1.12737       0.288839E-01   0.244984E-01
    3.22090       0.266679E-02   0.284322E-02   0.202440E-02   0.964309        1.12736       0.288839E-01   0.244984E-01
    3.28596       0.253575E-02   0.270351E-02   0.192493E-02   0.964309        1.12736       0.288839E-01   0.244985E-01
    3.35234       0.241102E-02   0.257053E-02   0.183025E-02   0.964309        1.12736       0.288839E-01   0.244985E-01
    3.42006       0.229233E-02   0.244398E-02   0.174014E-02   0.964309        1.12736       0.288839E-01   0.244985E-01
    3.48916       0.217937E-02   0.232355E-02   0.165440E-02   0.964309        1.12736       0.288839E-01   0.244985E-01
    3.55964       0.207187E-02   0.220894E-02   0.157280E-02   0.964309        1.12736       0.288839E-01   0.244985E-01
    3.63155       0.196959E-02   0.209989E-02   0.149515E-02   0.964309        1.12736       0.288839E-01   0.244986E-01
    3.70491       0.187227E-02   0.199613E-02   0.142127E-02   0.964309        1.12735       0.288839E-01   0.244986E-01
    3.77976       0.177967E-02   0.189741E-02   0.135098E-02   0.964309        1.12735       0.288839E-01   0.244986E-01
    3.85611       0.169158E-02   0.180349E-02   0.128411E-02   0.964309        1.12735       0.288839E-01   0.244986E-01
    3.93401       0.160777E-02   0.171414E-02   0.122049E-02   0.964309        1.12735       0.288839E-01   0.244986E-01
    4.01348       0.152805E-02   0.162914E-02   0.115997E-02   0.964309        1.12735       0.288839E-01   0.244986E-01
    4.09456       0.145222E-02   0.154829E-02   0.110241E-02   0.964309        1.12735       0.288839E-01   0.244986E-01
    4.17727       0.138009E-02   0.147139E-02   0.104765E-02   0.964309        1.12735       0.288839E-01   0.244986E-01
    4.26166       0.131148E-02   0.139825E-02   0.995571E-03   0.964309        1.12734       0.288839E-01   0.244986E-01
    4.34775       0.124623E-02   0.132868E-02   0.946038E-03   0.964309        1.12734       0.288839E-01   0.244987E-01
    4.43558       0.118418E-02   0.126252E-02   0.898930E-03   0.964309        1.12734       0.288839E-01   0.244987E-01
    4.52519       0.112516E-02   0.119960E-02   0.854130E-03   0.964309        1.12734       0.288839E-01   0.244987E-01
    4.61660       0.106905E-02   0.113977E-02   0.811528E-03   0.964309        1.12734       0.288839E-01   0.244987E-01
    4.70987       0.101568E-02   0.108288E-02   0.771019E-03   0.964309        1.12734       0.288840E-01   0.244987E-01
    4.80501       0.964943E-03   0.102878E-02   0.732500E-03   0.964309        1.12734       0.288840E-01   0.244987E-01
    4.90208       0.916700E-03   0.977348E-03   0.695877E-03   0.964309        1.12733       0.288840E-01   0.244987E-01
    5.00111       0.870832E-03   0.928447E-03   0.661057E-03   0.964309        1.12733       0.288840E-01   0.244987E-01
    5.10214       0.827226E-03   0.881956E-03   0.627954E-03   0.964309        1.12733       0.288840E-01   0.244986E-01
    5.20521       0.785772E-03   0.837759E-03   0.596484E-03   0.964309        1.12733       0.288840E-01   0.244986E-01
    5.31036       0.746365E-03   0.795745E-03   0.566568E-03   0.964309        1.12733       0.288840E-01   0.244986E-01
    5.41763       0.708905E-03   0.755808E-03   0.538131E-03   0.964308        1.12733       0.288841E-01   0.244986E-01
    5.52708       0.673299E-03   0.717846E-03   0.511101E-03   0.964308        1.12732       0.288841E-01   0.244986E-01
    5.63873       0.639457E-03   0.681765E-03   0.485410E-03   0.964308        1.12732       0.288841E-01   0.244986E-01
    5.75264       0.607291E-03   0.647472E-03   0.460991E-03   0.964308        1.12732       0.288841E-01   0.244986E-01
    5.86885       0.576721E-03   0.614880E-03   0.437784E-03   0.964308        1.12732       0.288841E-01   0.244986E-01
    5.98741       0.547669E-03   0.583905E-03   0.415729E-03   0.964308        1.12732       0.288842E-01   0.244985E-01
    6.10836       0.520060E-03   0.554470E-03   0.394770E-03   0.964308        1.12732       0.288842E-01   0.244985E-01
    6.23176       0.493824E-03   0.526499E-03   0.374853E-03   0.964307        1.12732       0.288842E-01   0.244985E-01
    6.35765       0.468894E-03   0.499920E-03   0.355927E-03   0.964307        1.12731       0.288842E-01   0.244985E-01
    6.48609       0.445206E-03   0.474665E-03   0.337944E-03   0.964307        1.12731       0.288843E-01   0.244984E-01
    6.61711       0.422699E-03   0.450669E-03   0.320857E-03   0.964307        1.12731       0.288843E-01   0.244984E-01
    6.75079       0.401314E-03   0.427870E-03   0.304623E-03   0.964306        1.12731       0.288843E-01   0.244984E-01
    6.88716       0.380998E-03   0.406209E-03   0.289200E-03   0.964306        1.12731       0.288843E-01   0.244983E-01
    7.02629       0.361697E-03   0.385631E-03   0.274547E-03   0.964306        1.12731       0.288844E-01   0.244983E-01
    7.16823       0.343361E-03   0.366083E-03   0.260627E-03   0.964306        1.12730       0.288844E-01   0.244982E-01
    7.31304       0.325943E-03   0.347512E-03   0.247405E-03   0.964305        1.12730       0.288844E-01   0.244982E-01
    7.46077       0.309397E-03   0.329872E-03   0.234844E-03   0.964305        1.12730       0.288845E-01   0.244981E-01
    7.61149       0.293681E-03   0.313117E-03   0.222913E-03   0.964305        1.12730       0.288845E-01   0.244981E-01
    7.76525       0.278754E-03   0.297202E-03   0.211581E-03   0.964304        1.12730       0.288846E-01   0.244980E-01
    7.92212       0.264576E-03   0.282086E-03   0.200818E-03   0.964304        1.12730       0.288846E-01   0.244980E-01
    8.08217       0.251110E-03   0.267730E-03   0.190595E-03   0.964303        1.12729       0.288846E-01   0.244979E-01
    8.24543       0.238322E-03   0.254096E-03   0.180887E-03   0.964303        1.12729       0.288847E-01   0.244978E-01
    8.41200       0.226177E-03   0.241147E-03   0.171667E-03   0.964303        1.12729       0.288847E-01   0.244978E-01
    8.58193       0.214644E-03   0.228851E-03   0.162911E-03   0.964302        1.12729       0.288848E-01   0.244977E-01
    8.75530       0.203692E-03   0.217175E-03   0.154597E-03   0.964302        1.12729       0.288848E-01   0.244976E-01
    8.93217       0.193292E-03   0.206087E-03   0.146702E-03   0.964301        1.12728       0.288849E-01   0.244975E-01
    9.11261       0.183418E-03   0.195559E-03   0.139206E-03   0.964301        1.12728       0.288849E-01   0.244974E-01
    9.29670       0.174042E-03   0.185563E-03   0.132088E-03   0.964300        1.12728       0.288850E-01   0.244973E-01
    9.48451       0.165140E-03   0.176072E-03   0.125330E-03   0.964299        1.12728       0.288851E-01   0.244972E-01
    9.67610       0.156688E-03   0.167061E-03   0.118914E-03   0.964299        1.12727       0.288851E-01   0.244971E-01
    9.87158       0.148664E-03   0.158506E-03   0.112823E-03   0.964298        1.12727       0.288852E-01   0.244970E-01
    10.0710       0.141046E-03   0.150385E-03   0.107040E-03   0.964297        1.12727       0.288853E-01   0.244969E-01
    10.2744       0.133814E-03   0.142675E-03   0.101550E-03   0.964297        1.12727       0.288853E-01   0.244968E-01
    10.4820       0.126949E-03   0.135356E-03   0.963384E-04   0.964296        1.12727       0.288854E-01   0.244967E-01
    10.6938       0.120433E-03   0.128408E-03   0.913915E-04   0.964295        1.12726       0.288855E-01   0.244965E-01
    10.9098       0.114247E-03   0.121813E-03   0.866958E-04   0.964294        1.12726       0.288856E-01   0.244964E-01
    11.1302       0.108376E-03   0.115554E-03   0.822388E-04   0.964294        1.12726       0.288857E-01   0.244962E-01
    11.3550       0.102803E-03   0.109612E-03   0.780084E-04   0.964293        1.12725       0.288858E-01   0.244961E-01
    11.5844       0.975143E-04   0.103973E-03   0.739934E-04   0.964292        1.12725       0.288859E-01   0.244959E-01
    11.8184       0.924945E-04   0.986213E-04   0.701827E-04   0.964291        1.12725       0.288860E-01   0.244958E-01
    12.0572       0.877305E-04   0.935421E-04   0.665662E-04   0.964290        1.12725       0.288861E-01   0.244956E-01
    12.3007       0.832093E-04   0.887218E-04   0.631342E-04   0.964289        1.12724       0.288862E-01   0.244954E-01
    12.5492       0.789188E-04   0.841475E-04   0.598772E-04   0.964288        1.12724       0.288863E-01   0.244952E-01
    12.8027       0.748473E-04   0.798066E-04   0.567865E-04   0.964286        1.12724       0.288864E-01   0.244950E-01
    13.0614       0.709837E-04   0.756874E-04   0.538537E-04   0.964285        1.12723       0.288865E-01   0.244948E-01
    13.3252       0.673177E-04   0.717788E-04   0.510708E-04   0.964284        1.12723       0.288867E-01   0.244946E-01
    13.5944       0.638391E-04   0.680701E-04   0.484302E-04   0.964283        1.12723       0.288868E-01   0.244944E-01
    13.8691       0.605385E-04   0.645511E-04   0.459248E-04   0.964281        1.12722       0.288869E-01   0.244941E-01
    14.1492       0.574069E-04   0.612123E-04   0.435476E-04   0.964280        1.12722       0.288871E-01   0.244939E-01
    14.4351       0.544358E-04   0.580446E-04   0.412923E-04   0.964278        1.12722       0.288872E-01   0.244936E-01
    14.7267       0.516169E-04   0.550392E-04   0.391526E-04   0.964277        1.12721       0.288874E-01   0.244934E-01
    15.0242       0.489427E-04   0.521880E-04   0.371227E-04   0.964275        1.12721       0.288875E-01   0.244931E-01
    15.3277       0.464057E-04   0.494831E-04   0.351970E-04   0.964273        1.12720       0.288877E-01   0.244928E-01
    15.6373       0.439989E-04   0.469171E-04   0.333701E-04   0.964271        1.12720       0.288879E-01   0.244925E-01
    15.9532       0.417159E-04   0.444830E-04   0.316372E-04   0.964270        1.12719       0.288881E-01   0.244921E-01
    16.2755       0.395502E-04   0.421740E-04   0.299934E-04   0.964268        1.12719       0.288883E-01   0.244918E-01
    16.6043       0.374959E-04   0.399837E-04   0.284341E-04   0.964266        1.12718       0.288885E-01   0.244915E-01
    16.9397       0.355474E-04   0.379062E-04   0.269551E-04   0.964263        1.12718       0.288887E-01   0.244911E-01
    17.2819       0.336992E-04   0.359357E-04   0.255524E-04   0.964261        1.12717       0.288889E-01   0.244907E-01
    17.6310       0.319462E-04   0.340667E-04   0.242219E-04   0.964259        1.12717       0.288891E-01   0.244903E-01
    17.9872       0.302836E-04   0.322941E-04   0.229600E-04   0.964257        1.12716       0.288893E-01   0.244899E-01
    18.3505       0.287068E-04   0.306129E-04   0.217632E-04   0.964254        1.12716       0.288896E-01   0.244895E-01
    18.7212       0.272114E-04   0.290185E-04   0.206282E-04   0.964251        1.12715       0.288898E-01   0.244890E-01
    19.0994       0.257931E-04   0.275064E-04   0.195519E-04   0.964249        1.12715       0.288901E-01   0.244885E-01
    19.4853       0.244482E-04   0.260724E-04   0.185311E-04   0.964246        1.12714       0.288904E-01   0.244881E-01
    19.8789       0.231728E-04   0.247126E-04   0.175632E-04   0.964243        1.12713       0.288907E-01   0.244875E-01
    20.2805       0.219634E-04   0.234231E-04   0.166453E-04   0.964240        1.12713       0.288910E-01   0.244870E-01
    20.6902       0.208165E-04   0.222003E-04   0.157750E-04   0.964237        1.12712       0.288913E-01   0.244865E-01
    21.1081       0.197290E-04   0.210408E-04   0.149497E-04   0.964233        1.12711       0.288916E-01   0.244859E-01
    21.5346       0.186979E-04   0.199414E-04   0.141672E-04   0.964230        1.12710       0.288920E-01   0.244853E-01
    21.9696       0.177202E-04   0.188989E-04   0.134253E-04   0.964226        1.12710       0.288923E-01   0.244846E-01
    22.4134       0.167932E-04   0.179105E-04   0.127218E-04   0.964222        1.12709       0.288927E-01   0.244840E-01
    22.8662       0.159143E-04   0.169734E-04   0.120549E-04   0.964218        1.12708       0.288931E-01   0.244833E-01
    23.3281       0.150810E-04   0.160849E-04   0.114226E-04   0.964214        1.12707       0.288935E-01   0.244826E-01
    23.7994       0.142910E-04   0.152426E-04   0.108231E-04   0.964210        1.12706       0.288939E-01   0.244819E-01
    24.2802       0.135420E-04   0.144440E-04   0.102548E-04   0.964206        1.12705       0.288943E-01   0.244811E-01
    24.7707       0.128320E-04   0.136870E-04   0.971611E-05   0.964201        1.12704       0.288947E-01   0.244803E-01
    25.2710       0.121589E-04   0.129693E-04   0.920541E-05   0.964196        1.12703       0.288952E-01   0.244794E-01
    25.7816       0.115208E-04   0.122889E-04   0.872131E-05   0.964191        1.12702       0.288957E-01   0.244786E-01
    26.3024       0.109160E-04   0.116440E-04   0.826242E-05   0.964186        1.12701       0.288962E-01   0.244777E-01
    26.8337       0.103426E-04   0.110326E-04   0.782745E-05   0.964181        1.12700       0.288967E-01   0.244767E-01
    27.3758       0.979917E-05   0.104532E-04   0.741516E-05   0.964175        1.12699       0.288973E-01   0.244757E-01
    27.9288       0.928403E-05   0.990388E-05   0.702438E-05   0.964169        1.12697       0.288979E-01   0.244747E-01
    28.4930       0.879577E-05   0.938324E-05   0.665399E-05   0.964163        1.12696       0.288985E-01   0.244736E-01
    29.0686       0.833298E-05   0.888977E-05   0.630294E-05   0.964157        1.12695       0.288991E-01   0.244725E-01
    29.6558       0.789435E-05   0.842206E-05   0.597024E-05   0.964150        1.12693       0.288997E-01   0.244714E-01
    30.2549       0.747863E-05   0.797878E-05   0.565493E-05   0.964143        1.12692       0.289004E-01   0.244702E-01
    30.8661       0.708464E-05   0.755865E-05   0.535610E-05   0.964136        1.12690       0.289011E-01   0.244689E-01
    31.4897       0.671124E-05   0.716049E-05   0.507291E-05   0.964128        1.12689       0.289018E-01   0.244676E-01
    32.1258       0.635738E-05   0.678315E-05   0.480455E-05   0.964120        1.12687       0.289026E-01   0.244662E-01
    32.7748       0.602203E-05   0.642556E-05   0.455025E-05   0.964112        1.12685       0.289034E-01   0.244648E-01
    33.4369       0.570424E-05   0.608668E-05   0.430926E-05   0.964104        1.12684       0.289042E-01   0.244633E-01
    34.1123       0.540309E-05   0.576554E-05   0.408092E-05   0.964095        1.12682       0.289050E-01   0.244618E-01
    34.8014       0.511772E-05   0.546123E-05   0.386455E-05   0.964086        1.12680       0.289059E-01   0.244602E-01
    35.5045       0.484731E-05   0.517287E-05   0.365953E-05   0.964076        1.12678       0.289068E-01   0.244585E-01
    36.2217       0.459108E-05   0.489963E-05   0.346528E-05   0.964066        1.12676       0.289078E-01   0.244568E-01
    36.9535       0.434830E-05   0.464072E-05   0.328123E-05   0.964056        1.12674       0.289088E-01   0.244550E-01
    37.7000       0.411826E-05   0.439540E-05   0.310685E-05   0.964045        1.12672       0.289098E-01   0.244531E-01
    38.4616       0.390029E-05   0.416296E-05   0.294164E-05   0.964034        1.12669       0.289109E-01   0.244511E-01
    39.2386       0.369378E-05   0.394272E-05   0.278512E-05   0.964022        1.12667       0.289121E-01   0.244491E-01
    40.0312       0.349812E-05   0.373406E-05   0.263684E-05   0.964010        1.12665       0.289132E-01   0.244470E-01
    40.8399       0.331275E-05   0.353637E-05   0.249637E-05   0.963998        1.12662       0.289145E-01   0.244447E-01
    41.6649       0.313713E-05   0.334907E-05   0.236330E-05   0.963984        1.12659       0.289157E-01   0.244424E-01
    42.5066       0.297075E-05   0.317162E-05   0.223724E-05   0.963971        1.12656       0.289170E-01   0.244400E-01
    43.3653       0.281313E-05   0.300352E-05   0.211783E-05   0.963956        1.12654       0.289184E-01   0.244375E-01
    44.2413       0.266381E-05   0.284426E-05   0.200471E-05   0.963942        1.12651       0.289199E-01   0.244349E-01
    45.1350       0.252236E-05   0.269340E-05   0.189757E-05   0.963926        1.12647       0.289214E-01   0.244322E-01
    46.0469       0.238836E-05   0.255048E-05   0.179608E-05   0.963910        1.12644       0.289229E-01   0.244294E-01
    46.9770       0.226143E-05   0.241510E-05   0.169996E-05   0.963893        1.12641       0.289245E-01   0.244265E-01
    47.9261       0.214120E-05   0.228685E-05   0.160892E-05   0.963876        1.12637       0.289262E-01   0.244234E-01
    48.8942       0.202731E-05   0.216537E-05   0.152269E-05   0.963858        1.12634       0.289280E-01   0.244203E-01
    49.8820       0.191943E-05   0.205031E-05   0.144103E-05   0.963839        1.12630       0.289298E-01   0.244169E-01
    50.8896       0.181726E-05   0.194131E-05   0.136368E-05   0.963819        1.12626       0.289317E-01   0.244135E-01
    51.9177       0.172048E-05   0.183808E-05   0.129044E-05   0.963799        1.12622       0.289336E-01   0.244099E-01
    52.9665       0.162881E-05   0.174030E-05   0.122107E-05   0.963778        1.12618       0.289357E-01   0.244062E-01
    54.0365       0.154199E-05   0.164769E-05   0.115539E-05   0.963756        1.12613       0.289378E-01   0.244023E-01
    55.1281       0.145977E-05   0.155997E-05   0.109319E-05   0.963733        1.12609       0.289400E-01   0.243983E-01
    56.2417       0.138190E-05   0.147689E-05   0.103428E-05   0.963709        1.12604       0.289424E-01   0.243940E-01
    57.3779       0.130815E-05   0.139821E-05   0.978510E-06   0.963684        1.12599       0.289448E-01   0.243897E-01
    58.5370       0.123830E-05   0.132370E-05   0.925699E-06   0.963658        1.12594       0.289473E-01   0.243851E-01
    59.7195       0.117216E-05   0.125313E-05   0.875695E-06   0.963631        1.12588       0.289499E-01   0.243803E-01
    60.9260       0.110952E-05   0.118630E-05   0.828350E-06   0.963603        1.12583       0.289526E-01   0.243754E-01
    62.1568       0.105021E-05   0.112301E-05   0.783525E-06   0.963574        1.12577       0.289554E-01   0.243702E-01
    63.4124       0.994038E-06   0.106308E-05   0.741086E-06   0.963543        1.12571       0.289583E-01   0.243649E-01
    64.6934       0.940849E-06   0.100632E-05   0.700908E-06   0.963512        1.12564       0.289614E-01   0.243593E-01
    66.0003       0.890484E-06   0.952580E-06   0.662871E-06   0.963479        1.12558       0.289646E-01   0.243535E-01
    67.3336       0.842794E-06   0.901688E-06   0.626863E-06   0.963445        1.12551       0.289679E-01   0.243475E-01
    68.6938       0.797638E-06   0.853499E-06   0.592776E-06   0.963409        1.12544       0.289713E-01   0.243412E-01
    70.0816       0.754881E-06   0.807868E-06   0.560509E-06   0.963372        1.12537       0.289749E-01   0.243346E-01
    71.4973       0.714398E-06   0.764662E-06   0.529965E-06   0.963334        1.12529       0.289786E-01   0.243278E-01
    72.9416       0.676068E-06   0.723752E-06   0.501054E-06   0.963293        1.12521       0.289825E-01   0.243207E-01
    74.4151       0.639778E-06   0.685017E-06   0.473689E-06   0.963252        1.12513       0.289865E-01   0.243133E-01
    75.9184       0.605420E-06   0.648342E-06   0.447789E-06   0.963208        1.12504       0.289907E-01   0.243056E-01
    77.4521       0.572891E-06   0.613619E-06   0.423276E-06   0.963163        1.12496       0.289950E-01   0.242976E-01
    79.0167       0.542095E-06   0.580743E-06   0.400076E-06   0.963116        1.12486       0.289995E-01   0.242893E-01
    80.6129       0.512941E-06   0.549618E-06   0.378120E-06   0.963068        1.12477       0.290042E-01   0.242806E-01
    82.2415       0.485341E-06   0.520151E-06   0.357342E-06   0.963017        1.12467       0.290091E-01   0.242716E-01
    83.9028       0.459212E-06   0.492253E-06   0.337679E-06   0.962964        1.12456       0.290142E-01   0.242622E-01
    85.5978       0.434478E-06   0.465842E-06   0.319073E-06   0.962909        1.12446       0.290195E-01   0.242524E-01
    87.3269       0.411065E-06   0.440840E-06   0.301467E-06   0.962852        1.12435       0.290251E-01   0.242422E-01
    89.0911       0.388901E-06   0.417170E-06   0.284809E-06   0.962793        1.12423       0.290308E-01   0.242316E-01
    90.8908       0.367922E-06   0.394764E-06   0.269047E-06   0.962731        1.12411       0.290368E-01   0.242206E-01
    92.7270       0.348063E-06   0.373553E-06   0.254134E-06   0.962667        1.12399       0.290429E-01   0.242091E-01
    94.6001       0.329266E-06   0.353475E-06   0.240026E-06   0.962600        1.12386       0.290494E-01   0.241972E-01
    96.5112       0.311475E-06   0.334468E-06   0.226679E-06   0.962531        1.12372       0.290561E-01   0.241847E-01
    98.4608       0.294635E-06   0.316478E-06   0.214052E-06   0.962458        1.12358       0.290631E-01   0.241718E-01
    100.450       0.278697E-06   0.299448E-06   0.202109E-06   0.962383        1.12344       0.290703E-01   0.241583E-01
    102.479       0.263612E-06   0.283329E-06   0.190811E-06   0.962305        1.12329       0.290778E-01   0.241442E-01
    104.549       0.249336E-06   0.268072E-06   0.180125E-06   0.962224        1.12313       0.290857E-01   0.241296E-01
    106.661       0.235824E-06   0.253631E-06   0.170018E-06   0.962140        1.12297       0.290938E-01   0.241144E-01
    108.816       0.223037E-06   0.239963E-06   0.160459E-06   0.962052        1.12280       0.291023E-01   0.240986E-01
    111.014       0.210936E-06   0.227027E-06   0.151419E-06   0.961961        1.12263       0.291111E-01   0.240821E-01
    113.257       0.199484E-06   0.214783E-06   0.142871E-06   0.961866        1.12245       0.291202E-01   0.240650E-01
    115.545       0.188647E-06   0.203195E-06   0.134787E-06   0.961768        1.12226       0.291297E-01   0.240471E-01
    117.879       0.178391E-06   0.192228E-06   0.127144E-06   0.961665        1.12206       0.291396E-01   0.240285E-01
    120.260       0.168687E-06   0.181849E-06   0.119917E-06   0.961559        1.12186       0.291499E-01   0.240092E-01
    122.690       0.159505E-06   0.172026E-06   0.113085E-06   0.961448        1.12165       0.291605E-01   0.239890E-01
    125.168       0.150816E-06   0.162731E-06   0.106626E-06   0.961333        1.12144       0.291716E-01   0.239681E-01
    127.697       0.142594E-06   0.153934E-06   0.100521E-06   0.961214        1.12122       0.291831E-01   0.239462E-01
    130.277       0.134816E-06   0.145609E-06   0.947493E-07   0.961090        1.12098       0.291951E-01   0.239235E-01
    132.908       0.127456E-06   0.137731E-06   0.892946E-07   0.960961        1.12074       0.292075E-01   0.238999E-01
    135.593       0.120492E-06   0.130276E-06   0.841395E-07   0.960827        1.12050       0.292205E-01   0.238753E-01
    138.332       0.113904E-06   0.123222E-06   0.792677E-07   0.960688        1.12024       0.292339E-01   0.238497E-01
    141.127       0.107671E-06   0.116547E-06   0.746643E-07   0.960544        1.11997       0.292478E-01   0.238230E-01
    143.978       0.101774E-06   0.110230E-06   0.703147E-07   0.960394        1.11970       0.292623E-01   0.237953E-01
    146.886       0.961962E-07   0.104254E-06   0.662053E-07   0.960238        1.11941       0.292773E-01   0.237664E-01
    149.854       0.909192E-07   0.985988E-07   0.623233E-07   0.960077        1.11912       0.292929E-01   0.237363E-01
    152.881       0.859273E-07   0.932481E-07   0.586564E-07   0.959909        1.11882       0.293091E-01   0.237050E-01
    155.969       0.812053E-07   0.881855E-07   0.551930E-07   0.959734        1.11850       0.293259E-01   0.236725E-01
    159.120       0.767387E-07   0.833955E-07   0.519222E-07   0.959553        1.11818       0.293434E-01   0.236386E-01
    162.334       0.725138E-07   0.788637E-07   0.488337E-07   0.959365        1.11785       0.293615E-01   0.236033E-01
    165.614       0.685178E-07   0.745760E-07   0.459175E-07   0.959171        1.11750       0.293803E-01   0.235666E-01
    168.960       0.647382E-07   0.705195E-07   0.431644E-07   0.958968        1.11715       0.293998E-01   0.235284E-01
    172.373       0.611636E-07   0.666818E-07   0.405657E-07   0.958758        1.11678       0.294201E-01   0.234886E-01
    175.855       0.577829E-07   0.630511E-07   0.381129E-07   0.958541        1.11640       0.294411E-01   0.234472E-01
    179.407       0.545856E-07   0.596164E-07   0.357983E-07   0.958315        1.11601       0.294629E-01   0.234041E-01
    183.032       0.515621E-07   0.563672E-07   0.336143E-07   0.958081        1.11561       0.294855E-01   0.233593E-01
    186.729       0.487028E-07   0.532934E-07   0.315539E-07   0.957838        1.11520       0.295089E-01   0.233127E-01
    190.501       0.459991E-07   0.503857E-07   0.296103E-07   0.957586        1.11478       0.295332E-01   0.232641E-01
    194.350       0.434425E-07   0.476352E-07   0.277774E-07   0.957325        1.11435       0.295584E-01   0.232136E-01
    198.276       0.410252E-07   0.450334E-07   0.260490E-07   0.957054        1.11390       0.295845E-01   0.231611E-01
    202.281       0.387396E-07   0.425723E-07   0.244195E-07   0.956773        1.11345       0.296115E-01   0.231064E-01
    206.368       0.365787E-07   0.402444E-07   0.228836E-07   0.956483        1.11298       0.296395E-01   0.230496E-01
    210.536       0.345357E-07   0.380426E-07   0.214361E-07   0.956182        1.11250       0.296685E-01   0.229904E-01
    214.790       0.326043E-07   0.359600E-07   0.200722E-07   0.955870        1.11201       0.296986E-01   0.229288E-01
    219.129       0.307785E-07   0.339902E-07   0.187875E-07   0.955547        1.11151       0.297297E-01   0.228648E-01
    223.555       0.290526E-07   0.321272E-07   0.175775E-07   0.955213        1.11100       0.297619E-01   0.227982E-01
    228.071       0.274212E-07   0.303652E-07   0.164383E-07   0.954867        1.11049       0.297953E-01   0.227290E-01
    232.679       0.258793E-07   0.286988E-07   0.153659E-07   0.954508        1.10996       0.298297E-01   0.226570E-01
    237.379       0.244219E-07   0.271228E-07   0.143567E-07   0.954138        1.10943       0.298654E-01   0.225821E-01
    242.175       0.230446E-07   0.256324E-07   0.134072E-07   0.953755        1.10888       0.299023E-01   0.225042E-01
    247.067       0.217430E-07   0.242230E-07   0.125142E-07   0.953358        1.10834       0.299405E-01   0.224233E-01
    252.058       0.205130E-07   0.228902E-07   0.116746E-07   0.952949        1.10778       0.299799E-01   0.223392E-01
    257.150       0.193508E-07   0.216298E-07   0.108854E-07   0.952525        1.10723       0.300206E-01   0.222517E-01
    262.345       0.182526E-07   0.204380E-07   0.101438E-07   0.952088        1.10667       0.300627E-01   0.221609E-01
    267.644       0.172151E-07   0.193111E-07   0.944733E-08   0.951636        1.10611       0.301061E-01   0.220665E-01
    273.051       0.162350E-07   0.182455E-07   0.879337E-08   0.951169        1.10555       0.301510E-01   0.219685E-01
    278.567       0.153090E-07   0.172380E-07   0.817958E-08   0.950688        1.10500       0.301972E-01   0.218666E-01
    284.195       0.144344E-07   0.162854E-07   0.760375E-08   0.950191        1.10445       0.302449E-01   0.217608E-01
    289.936       0.136083E-07   0.153847E-07   0.706377E-08   0.949678        1.10391       0.302941E-01   0.216511E-01
    295.793       0.128281E-07   0.145332E-07   0.655763E-08   0.949149        1.10338       0.303448E-01   0.215371E-01
    301.768       0.120913E-07   0.137282E-07   0.608344E-08   0.948605        1.10286       0.303971E-01   0.214189E-01
    307.864       0.113956E-07   0.129672E-07   0.563941E-08   0.948044        1.10237       0.304509E-01   0.212962E-01
    314.084       0.107387E-07   0.122478E-07   0.522383E-08   0.947466        1.10190       0.305062E-01   0.211690E-01
    320.428       0.101185E-07   0.115677E-07   0.483511E-08   0.946871        1.10146       0.305631E-01   0.210371E-01
    326.902       0.953300E-08   0.109249E-07   0.447172E-08   0.946259        1.10105       0.306217E-01   0.209005E-01
    333.505       0.898035E-08   0.103172E-07   0.413221E-08   0.945629        1.10067       0.306818E-01   0.207589E-01
    340.243       0.845874E-08   0.974288E-08   0.381521E-08   0.944983        1.10035       0.307436E-01   0.206123E-01
    347.116       0.796649E-08   0.920004E-08   0.351944E-08   0.944318        1.10007       0.308070E-01   0.204605E-01
    354.128       0.750198E-08   0.868699E-08   0.324366E-08   0.943636        1.09986       0.308720E-01   0.203035E-01
    361.282       0.706371E-08   0.820212E-08   0.298671E-08   0.942936        1.09971       0.309387E-01   0.201411E-01
    368.581       0.665024E-08   0.774389E-08   0.274750E-08   0.942218        1.09964       0.310070E-01   0.199733E-01
    376.026       0.626022E-08   0.731088E-08   0.252496E-08   0.941482        1.09966       0.310769E-01   0.198000E-01
    383.623       0.589237E-08   0.690170E-08   0.231812E-08   0.940729        1.09978       0.311484E-01   0.196211E-01
    391.372       0.554547E-08   0.651506E-08   0.212603E-08   0.939958        1.10001       0.312216E-01   0.194365E-01
    399.279       0.521837E-08   0.614974E-08   0.194781E-08   0.939170        1.10037       0.312963E-01   0.192462E-01
    407.344       0.490998E-08   0.580458E-08   0.178261E-08   0.938364        1.10086       0.313725E-01   0.190502E-01
    415.573       0.461928E-08   0.547849E-08   0.162963E-08   0.937541        1.10151       0.314502E-01   0.188485E-01
    423.968       0.434529E-08   0.517043E-08   0.148811E-08   0.936702        1.10233       0.315294E-01   0.186410E-01
    432.533       0.408709E-08   0.487942E-08   0.135734E-08   0.935846        1.10334       0.316101E-01   0.184279E-01
    441.271       0.384381E-08   0.460453E-08   0.123663E-08   0.934975        1.10456       0.316921E-01   0.182091E-01
    450.185       0.361463E-08   0.434488E-08   0.112534E-08   0.934088        1.10601       0.317754E-01   0.179848E-01
    459.279       0.339875E-08   0.409965E-08   0.102285E-08   0.933187        1.10772       0.318600E-01   0.177551E-01
    468.558       0.319545E-08   0.386804E-08   0.928594E-09   0.932272        1.10970       0.319457E-01   0.175201E-01
    478.023       0.300402E-08   0.364931E-08   0.842007E-09   0.931344        1.11199       0.320326E-01   0.172800E-01
    487.680       0.282380E-08   0.344277E-08   0.762574E-09   0.930403        1.11460       0.321205E-01   0.170350E-01
    497.532       0.265416E-08   0.324774E-08   0.689807E-09   0.929451        1.11758       0.322093E-01   0.167854E-01
    507.582       0.249452E-08   0.306360E-08   0.623241E-09   0.928489        1.12095       0.322990E-01   0.165316E-01
    517.837       0.234431E-08   0.288975E-08   0.562433E-09   0.927518        1.12474       0.323895E-01   0.162738E-01
    528.297       0.220299E-08   0.272562E-08   0.506962E-09   0.926540        1.12899       0.324805E-01   0.160125E-01
    538.970       0.207008E-08   0.257069E-08   0.456436E-09   0.925555        1.13373       0.325722E-01   0.157480E-01
    549.857       0.194508E-08   0.242445E-08   0.410488E-09   0.924564        1.13898       0.326643E-01   0.154808E-01
    560.966       0.182754E-08   0.228643E-08   0.368769E-09   0.923570        1.14477       0.327567E-01   0.152115E-01
    572.298       0.171705E-08   0.215616E-08   0.330947E-09   0.922572        1.15113       0.328495E-01   0.149405E-01
    583.859       0.161318E-08   0.203324E-08   0.296707E-09   0.921573        1.15807       0.329424E-01   0.146683E-01
    595.653       0.151557E-08   0.191725E-08   0.265762E-09   0.920574        1.16564       0.330354E-01   0.143956E-01
    607.687       0.142385E-08   0.180780E-08   0.237844E-09   0.919579        1.17388       0.331283E-01   0.141233E-01
    619.962       0.133770E-08   0.170454E-08   0.212697E-09   0.918590        1.18281       0.332209E-01   0.138523E-01
    632.487       0.125680E-08   0.160713E-08   0.190083E-09   0.917611        1.19250       0.333131E-01   0.135833E-01
    645.264       0.118084E-08   0.151524E-08   0.169776E-09   0.916645        1.20296       0.334048E-01   0.133171E-01
    658.299       0.110951E-08   0.142856E-08   0.151566E-09   0.915691        1.21418       0.334959E-01   0.130543E-01
    671.597       0.104254E-08   0.134681E-08   0.135259E-09   0.914748        1.22601       0.335866E-01   0.127952E-01
    685.165       0.979626E-09   0.126972E-08   0.120675E-09   0.913812        1.23834       0.336771E-01   0.125402E-01
    699.006       0.920525E-09   0.119703E-08   0.107646E-09   0.912881        1.25101       0.337676E-01   0.122898E-01
