#           k/h    P           
   0.100000E-03   0.746427E+02
   0.102020E-03   0.763030E+02
   0.104081E-03   0.780076E+02
   0.106184E-03   0.797582E+02
   0.108329E-03   0.815562E+02
   0.110517E-03   0.834034E+02
   0.112750E-03   0.853015E+02
   0.115027E-03   0.872522E+02
   0.117351E-03   0.892573E+02
   0.119722E-03   0.913189E+02
   0.122140E-03   0.934389E+02
   0.124608E-03   0.956195E+02
   0.127125E-03   0.978627E+02
   0.129693E-03   0.100171E+03
   0.132313E-03   0.102546E+03
   0.134986E-03   0.104991E+03
   0.137713E-03   0.107509E+03
   0.140495E-03   0.110101E+03
   0.143333E-03   0.112771E+03
   0.146228E-03   0.115521E+03
   0.149182E-03   0.118354E+03
   0.152196E-03   0.121274E+03
   0.155271E-03   0.124283E+03
   0.158407E-03   0.127384E+03
   0.161607E-03   0.130582E+03
   0.164872E-03   0.133879E+03
   0.168203E-03   0.137279E+03
   0.171601E-03   0.140785E+03
   0.175067E-03   0.144402E+03
   0.178604E-03   0.148133E+03
   0.182212E-03   0.151983E+03
   0.185893E-03   0.155954E+03
   0.189648E-03   0.160052E+03
   0.193479E-03   0.164281E+03
   0.197388E-03   0.168644E+03
   0.201375E-03   0.173147E+03
   0.205443E-03   0.177795E+03
   0.209594E-03   0.182591E+03
   0.213828E-03   0.187540E+03
   0.218147E-03   0.192647E+03
   0.222554E-03   0.197917E+03
   0.227050E-03   0.203355E+03
   0.231637E-03   0.208965E+03
   0.236316E-03   0.214753E+03
   0.241090E-03   0.220723E+03
   0.245960E-03   0.226879E+03
   0.250929E-03   0.233228E+03
   0.255998E-03   0.239773E+03
   0.261170E-03   0.246518E+03
   0.266446E-03   0.253469E+03
   0.271828E-03   0.260630E+03
   0.277319E-03   0.268005E+03
   0.282922E-03   0.275598E+03
   0.288637E-03   0.283412E+03
   0.294468E-03   0.291451E+03
   0.300417E-03   0.299719E+03
   0.306485E-03   0.308217E+03
   0.312677E-03   0.316949E+03
   0.318993E-03   0.325917E+03
   0.325437E-03   0.335121E+03
   0.332012E-03   0.344563E+03
   0.338719E-03   0.354244E+03
   0.345561E-03   0.364163E+03
   0.352542E-03   0.374320E+03
   0.359664E-03   0.384713E+03
   0.366930E-03   0.395340E+03
   0.374342E-03   0.406197E+03
   0.381904E-03   0.417282E+03
   0.389619E-03   0.428590E+03
   0.397490E-03   0.440114E+03
   0.405520E-03   0.451848E+03
   0.413712E-03   0.463784E+03
   0.422070E-03   0.475915E+03
   0.430596E-03   0.488230E+03
   0.439295E-03   0.500718E+03
   0.448169E-03   0.513367E+03
   0.457222E-03   0.526165E+03
   0.466459E-03   0.539096E+03
   0.475882E-03   0.552146E+03
   0.485496E-03   0.565298E+03
   0.495303E-03   0.578533E+03
   0.505309E-03   0.591832E+03
   0.515517E-03   0.605176E+03
   0.525931E-03   0.618543E+03
   0.536556E-03   0.631910E+03
   0.547395E-03   0.645253E+03
   0.558453E-03   0.658548E+03
   0.569734E-03   0.671770E+03
   0.581244E-03   0.684891E+03
   0.592986E-03   0.697884E+03
   0.604965E-03   0.710722E+03
   0.617186E-03   0.723375E+03
   0.629654E-03   0.735813E+03
   0.642374E-03   0.748008E+03
   0.655350E-03   0.759929E+03
   0.668589E-03   0.771547E+03
   0.682096E-03   0.782831E+03
   0.695875E-03   0.793749E+03
   0.709933E-03   0.804274E+03
   0.724274E-03   0.814375E+03
   0.738906E-03   0.824024E+03
   0.753832E-03   0.833193E+03
   0.769061E-03   0.841853E+03
   0.784597E-03   0.849980E+03
   0.800447E-03   0.857548E+03
   0.816617E-03   0.864535E+03
   0.833114E-03   0.870917E+03
   0.849944E-03   0.876674E+03
   0.867114E-03   0.881788E+03
   0.884631E-03   0.886244E+03
   0.902501E-03   0.890026E+03
   0.920733E-03   0.893122E+03
   0.939333E-03   0.895521E+03
   0.958309E-03   0.897217E+03
   0.977668E-03   0.898205E+03
   0.997418E-03   0.898483E+03
   0.101757E-02   0.898049E+03
   0.103812E-02   0.896905E+03
   0.105910E-02   0.895058E+03
   0.108049E-02   0.892514E+03
   0.110232E-02   0.889285E+03
   0.112459E-02   0.885380E+03
   0.114730E-02   0.880815E+03
   0.117048E-02   0.875607E+03
   0.119413E-02   0.869775E+03
   0.121825E-02   0.863341E+03
   0.124286E-02   0.856325E+03
   0.126797E-02   0.848752E+03
   0.129358E-02   0.840647E+03
   0.131971E-02   0.832040E+03
   0.134637E-02   0.822958E+03
   0.137357E-02   0.813428E+03
   0.140132E-02   0.803481E+03
   0.142963E-02   0.793148E+03
   0.145851E-02   0.782459E+03
   0.148797E-02   0.771446E+03
   0.151803E-02   0.760138E+03
   0.154870E-02   0.748567E+03
   0.157998E-02   0.736762E+03
   0.161190E-02   0.724753E+03
   0.164446E-02   0.712569E+03
   0.167768E-02   0.700239E+03
   0.171158E-02   0.687790E+03
   0.174615E-02   0.675247E+03
   0.178143E-02   0.662637E+03
   0.181741E-02   0.649982E+03
   0.185413E-02   0.637305E+03
   0.189158E-02   0.624629E+03
   0.192980E-02   0.611973E+03
   0.196878E-02   0.599355E+03
   0.200855E-02   0.586794E+03
   0.204913E-02   0.574305E+03
   0.209052E-02   0.561904E+03
   0.213276E-02   0.549604E+03
   0.217584E-02   0.537417E+03
   0.221979E-02   0.525355E+03
   0.226464E-02   0.513427E+03
   0.231039E-02   0.501644E+03
   0.235706E-02   0.490013E+03
   0.240467E-02   0.478541E+03
   0.245325E-02   0.467234E+03
   0.250281E-02   0.456099E+03
   0.255337E-02   0.445138E+03
   0.260495E-02   0.434358E+03
   0.265758E-02   0.423759E+03
   0.271126E-02   0.413346E+03
   0.276603E-02   0.403120E+03
   0.282191E-02   0.393082E+03
   0.287892E-02   0.383235E+03
   0.293708E-02   0.373578E+03
   0.299641E-02   0.364111E+03
   0.305694E-02   0.354835E+03
   0.311870E-02   0.345748E+03
   0.318170E-02   0.336851E+03
   0.324597E-02   0.328141E+03
   0.331155E-02   0.319618E+03
   0.337844E-02   0.311281E+03
   0.344669E-02   0.303126E+03
   0.351632E-02   0.295153E+03
   0.358735E-02   0.287359E+03
   0.365982E-02   0.279743E+03
   0.373376E-02   0.272302E+03
   0.380918E-02   0.265033E+03
   0.388613E-02   0.257934E+03
   0.396464E-02   0.251003E+03
   0.404473E-02   0.244235E+03
   0.412644E-02   0.237629E+03
   0.420980E-02   0.231182E+03
   0.429484E-02   0.224891E+03
   0.438160E-02   0.218754E+03
   0.447012E-02   0.212770E+03
   0.456042E-02   0.206936E+03
   0.465255E-02   0.201249E+03
   0.474653E-02   0.195706E+03
   0.484242E-02   0.190303E+03
   0.494024E-02   0.185036E+03
   0.504004E-02   0.179903E+03
   0.514186E-02   0.174899E+03
   0.524573E-02   0.170023E+03
   0.535170E-02   0.165271E+03
   0.545981E-02   0.160642E+03
   0.557011E-02   0.156133E+03
   0.568263E-02   0.151741E+03
   0.579743E-02   0.147463E+03
   0.591455E-02   0.143297E+03
   0.603403E-02   0.139241E+03
   0.615592E-02   0.135291E+03
   0.628028E-02   0.131446E+03
   0.640715E-02   0.127703E+03
   0.653658E-02   0.124060E+03
   0.666863E-02   0.120513E+03
   0.680335E-02   0.117062E+03
   0.694078E-02   0.113703E+03
   0.708100E-02   0.110434E+03
   0.722404E-02   0.107254E+03
   0.736998E-02   0.104159E+03
   0.751886E-02   0.101149E+03
   0.767075E-02   0.982203E+02
   0.782571E-02   0.953715E+02
   0.798380E-02   0.926003E+02
   0.814509E-02   0.899047E+02
   0.830963E-02   0.872826E+02
   0.847750E-02   0.847323E+02
   0.864875E-02   0.822522E+02
   0.882347E-02   0.798408E+02
   0.900171E-02   0.774966E+02
   0.918356E-02   0.752182E+02
   0.936908E-02   0.730039E+02
   0.955835E-02   0.708515E+02
   0.975144E-02   0.687590E+02
   0.994843E-02   0.667243E+02
   0.101494E-01   0.647455E+02
   0.103544E-01   0.628208E+02
   0.105636E-01   0.609490E+02
   0.107770E-01   0.591290E+02
   0.109947E-01   0.573595E+02
   0.112168E-01   0.556394E+02
   0.114434E-01   0.539676E+02
   0.116746E-01   0.523425E+02
   0.119104E-01   0.507628E+02
   0.121510E-01   0.492272E+02
   0.123965E-01   0.477343E+02
   0.126469E-01   0.462828E+02
   0.129024E-01   0.448719E+02
   0.131631E-01   0.435004E+02
   0.134290E-01   0.421673E+02
   0.137003E-01   0.408718E+02
   0.139770E-01   0.396127E+02
   0.142594E-01   0.383890E+02
   0.145474E-01   0.371998E+02
   0.148413E-01   0.360439E+02
   0.151411E-01   0.349204E+02
   0.154470E-01   0.338284E+02
   0.157590E-01   0.327669E+02
   0.160774E-01   0.317350E+02
   0.164022E-01   0.307317E+02
   0.167335E-01   0.297563E+02
   0.170716E-01   0.288079E+02
   0.174164E-01   0.278858E+02
   0.177683E-01   0.269891E+02
   0.181272E-01   0.261172E+02
   0.184934E-01   0.252694E+02
   0.188670E-01   0.244449E+02
   0.192481E-01   0.236432E+02
   0.196370E-01   0.228635E+02
   0.200337E-01   0.221052E+02
   0.204384E-01   0.213678E+02
   0.208513E-01   0.206507E+02
   0.212725E-01   0.199532E+02
   0.217022E-01   0.192749E+02
   0.221406E-01   0.186152E+02
   0.225879E-01   0.179735E+02
   0.230442E-01   0.173495E+02
   0.235097E-01   0.167425E+02
   0.239847E-01   0.161522E+02
   0.244692E-01   0.155780E+02
   0.249635E-01   0.150197E+02
   0.254678E-01   0.144767E+02
   0.259823E-01   0.139486E+02
   0.265072E-01   0.134353E+02
   0.270426E-01   0.129363E+02
   0.275889E-01   0.124513E+02
   0.281463E-01   0.119800E+02
   0.287149E-01   0.115221E+02
   0.292949E-01   0.110774E+02
   0.298867E-01   0.106456E+02
   0.304905E-01   0.102264E+02
   0.311064E-01   0.981955E+01
   0.317348E-01   0.942494E+01
   0.323759E-01   0.904236E+01
   0.330299E-01   0.867161E+01
   0.336972E-01   0.831252E+01
   0.343779E-01   0.796491E+01
   0.350724E-01   0.762865E+01
   0.357809E-01   0.730363E+01
   0.365038E-01   0.698971E+01
   0.372412E-01   0.668671E+01
   0.379935E-01   0.639451E+01
   0.387610E-01   0.611304E+01
   0.395440E-01   0.584222E+01
   0.403429E-01   0.558194E+01
   0.411579E-01   0.533206E+01
   0.419893E-01   0.509243E+01
   0.428375E-01   0.486300E+01
   0.437029E-01   0.464366E+01
   0.445858E-01   0.443428E+01
   0.454865E-01   0.423469E+01
   0.464053E-01   0.404474E+01
   0.473428E-01   0.386436E+01
   0.482992E-01   0.369347E+01
   0.492749E-01   0.353194E+01
   0.502703E-01   0.337960E+01
   0.512858E-01   0.323623E+01
   0.523219E-01   0.310156E+01
   0.533789E-01   0.297530E+01
   0.544572E-01   0.285716E+01
   0.555573E-01   0.274684E+01
   0.566796E-01   0.264408E+01
   0.578246E-01   0.254864E+01
   0.589927E-01   0.246031E+01
   0.601845E-01   0.237889E+01
   0.614003E-01   0.230417E+01
   0.626407E-01   0.223592E+01
   0.639061E-01   0.217380E+01
   0.651971E-01   0.211751E+01
   0.665142E-01   0.206674E+01
   0.678578E-01   0.202126E+01
   0.692287E-01   0.198075E+01
   0.706272E-01   0.194465E+01
   0.720539E-01   0.191240E+01
   0.735095E-01   0.188351E+01
   0.749945E-01   0.185751E+01
   0.765095E-01   0.183388E+01
   0.780551E-01   0.181194E+01
   0.796319E-01   0.179098E+01
   0.812406E-01   0.177034E+01
   0.828817E-01   0.174937E+01
   0.845561E-01   0.172750E+01
   0.862642E-01   0.170418E+01
   0.880068E-01   0.167892E+01
   0.897847E-01   0.165127E+01
   0.915985E-01   0.162083E+01
   0.934489E-01   0.158724E+01
   0.953367E-01   0.155023E+01
   0.972626E-01   0.150962E+01
   0.992274E-01   0.146527E+01
   0.101232E+00   0.141713E+01
   0.103277E+00   0.136531E+01
   0.105363E+00   0.131018E+01
   0.107492E+00   0.125216E+01
   0.109663E+00   0.119174E+01
   0.111879E+00   0.112941E+01
   0.114139E+00   0.106587E+01
   0.116445E+00   0.100233E+01
   0.118797E+00   0.939889E+00
   0.121197E+00   0.879453E+00
   0.123645E+00   0.821727E+00
   0.126143E+00   0.767361E+00
   0.128691E+00   0.717152E+00
   0.131291E+00   0.671710E+00
   0.133943E+00   0.631435E+00
   0.136649E+00   0.596582E+00
   0.139409E+00   0.567177E+00
   0.142226E+00   0.542847E+00
   0.145099E+00   0.523234E+00
   0.148030E+00   0.508069E+00
   0.151020E+00   0.497171E+00
   0.154071E+00   0.490199E+00
   0.157184E+00   0.486194E+00
   0.160359E+00   0.484161E+00
   0.163598E+00   0.483155E+00
   0.166903E+00   0.482249E+00
   0.170275E+00   0.480529E+00
   0.173715E+00   0.477101E+00
   0.177224E+00   0.471111E+00
   0.180804E+00   0.461785E+00
   0.184457E+00   0.448476E+00
   0.188183E+00   0.430981E+00
   0.191985E+00   0.409984E+00
   0.195863E+00   0.386341E+00
   0.199820E+00   0.360888E+00
   0.203856E+00   0.334409E+00
   0.207974E+00   0.307873E+00
   0.212176E+00   0.282781E+00
   0.216462E+00   0.260319E+00
   0.220835E+00   0.241286E+00
   0.225296E+00   0.226213E+00
   0.229847E+00   0.215182E+00
   0.234490E+00   0.207426E+00
   0.239227E+00   0.202215E+00
   0.244060E+00   0.198968E+00
   0.248990E+00   0.197198E+00
   0.254020E+00   0.196332E+00
   0.259152E+00   0.195423E+00
   0.264387E+00   0.193478E+00
   0.269728E+00   0.189554E+00
   0.275177E+00   0.182831E+00
   0.280736E+00   0.173158E+00
   0.286407E+00   0.161775E+00
   0.292193E+00   0.149975E+00
   0.298096E+00   0.138779E+00
   0.304118E+00   0.128941E+00
   0.310261E+00   0.120837E+00
   0.316529E+00   0.114308E+00
   0.322923E+00   0.109154E+00
   0.329447E+00   0.105225E+00
   0.336102E+00   0.102407E+00
   0.342892E+00   0.100498E+00
   0.349819E+00   0.989705E-01
   0.356885E+00   0.972757E-01
   0.364095E+00   0.949026E-01
   0.371450E+00   0.914019E-01
   0.378954E+00   0.866772E-01
   0.386609E+00   0.813918E-01
   0.394419E+00   0.762216E-01
   0.402387E+00   0.716957E-01
   0.410516E+00   0.682212E-01
   0.418809E+00   0.659398E-01
   0.427269E+00   0.644469E-01
   0.435901E+00   0.633040E-01
   0.444706E+00   0.621133E-01
   0.453690E+00   0.605079E-01
   0.462855E+00   0.583042E-01
   0.472206E+00   0.557473E-01
   0.481745E+00   0.531249E-01
   0.491477E+00   0.506798E-01
   0.501405E+00   0.486125E-01
   0.511534E+00   0.470141E-01
   0.521868E+00   0.457499E-01
   0.532411E+00   0.446655E-01
   0.543166E+00   0.436230E-01
   0.554139E+00   0.424973E-01
   0.565333E+00   0.412194E-01
   0.576753E+00   0.398499E-01
   0.588404E+00   0.384649E-01
   0.600291E+00   0.371313E-01
   0.612418E+00   0.359071E-01
   0.624789E+00   0.348226E-01
   0.637411E+00   0.338489E-01
   0.650288E+00   0.329507E-01
   0.663424E+00   0.320961E-01
   0.676826E+00   0.312566E-01
   0.690499E+00   0.304143E-01
   0.704448E+00   0.295751E-01
   0.718679E+00   0.287484E-01
   0.733197E+00   0.279424E-01
   0.748009E+00   0.271645E-01
   0.763119E+00   0.264188E-01
   0.778536E+00   0.257024E-01
   0.794263E+00   0.250115E-01
   0.810308E+00   0.243425E-01
   0.826677E+00   0.236923E-01
   0.843378E+00   0.230587E-01
   0.860415E+00   0.224418E-01
   0.877797E+00   0.218422E-01
   0.895529E+00   0.212603E-01
   0.913620E+00   0.206963E-01
   0.932076E+00   0.201501E-01
   0.950906E+00   0.196204E-01
   0.970115E+00   0.191058E-01
   0.989713E+00   0.186049E-01
   0.100971E+01   0.181165E-01
   0.103010E+01   0.176398E-01
   0.105091E+01   0.171745E-01
   0.107214E+01   0.167207E-01
   0.109380E+01   0.162782E-01
   0.111590E+01   0.158470E-01
   0.113844E+01   0.154269E-01
   0.116144E+01   0.150171E-01
   0.118490E+01   0.146168E-01
   0.120884E+01   0.142255E-01
   0.123326E+01   0.138426E-01
   0.125817E+01   0.134677E-01
   0.128359E+01   0.131016E-01
   0.130952E+01   0.127451E-01
   0.133597E+01   0.123988E-01
   0.136296E+01   0.120633E-01
   0.139049E+01   0.117387E-01
   0.141858E+01   0.114238E-01
   0.144724E+01   0.111173E-01
   0.147648E+01   0.108181E-01
   0.150630E+01   0.105250E-01
   0.153673E+01   0.102375E-01
   0.156778E+01   0.995593E-02
   0.159945E+01   0.968076E-02
   0.163176E+01   0.941242E-02
   0.166472E+01   0.915128E-02
   0.169835E+01   0.889750E-02
   0.173266E+01   0.865080E-02
   0.176766E+01   0.841085E-02
   0.180337E+01   0.817734E-02
   0.183980E+01   0.794997E-02
   0.187697E+01   0.772854E-02
   0.191489E+01   0.751302E-02
   0.195357E+01   0.730341E-02
   0.199304E+01   0.709970E-02
   0.203330E+01   0.690187E-02
   0.207437E+01   0.670978E-02
   0.211628E+01   0.652301E-02
   0.215903E+01   0.634113E-02
   0.220265E+01   0.616373E-02
   0.224714E+01   0.599044E-02
   0.229254E+01   0.582109E-02
   0.233885E+01   0.565589E-02
   0.238610E+01   0.549509E-02
   0.243430E+01   0.533892E-02
   0.248348E+01   0.518757E-02
   0.253365E+01   0.504107E-02
   0.258483E+01   0.489907E-02
   0.263705E+01   0.476121E-02
   0.269032E+01   0.462715E-02
   0.274466E+01   0.449657E-02
   0.280011E+01   0.436927E-02
   0.285668E+01   0.424528E-02
   0.291439E+01   0.412466E-02
   0.297326E+01   0.400746E-02
   0.303332E+01   0.389371E-02
   0.309460E+01   0.378339E-02
   0.315712E+01   0.367637E-02
   0.322090E+01   0.357248E-02
   0.328596E+01   0.347158E-02
   0.335234E+01   0.337353E-02
   0.342006E+01   0.327823E-02
   0.348916E+01   0.318562E-02
   0.355964E+01   0.309564E-02
   0.363155E+01   0.300825E-02
   0.370491E+01   0.292339E-02
   0.377976E+01   0.284101E-02
   0.385611E+01   0.276107E-02
   0.393401E+01   0.268351E-02
   0.401348E+01   0.260828E-02
   0.409456E+01   0.253535E-02
   0.417727E+01   0.246461E-02
   0.426166E+01   0.239593E-02
   0.434775E+01   0.232914E-02
   0.443558E+01   0.226410E-02
   0.452519E+01   0.220068E-02
   0.461660E+01   0.213879E-02
   0.470987E+01   0.207846E-02
   0.480501E+01   0.201973E-02
   0.490208E+01   0.196264E-02
   0.500111E+01   0.190721E-02
   0.510214E+01   0.185347E-02
   0.520521E+01   0.180146E-02
   0.531036E+01   0.175123E-02
   0.541763E+01   0.170281E-02
   0.552708E+01   0.165622E-02
   0.563873E+01   0.161142E-02
   0.575264E+01   0.156822E-02
   0.586885E+01   0.152641E-02
   0.598741E+01   0.148581E-02
   0.610836E+01   0.144625E-02
   0.623176E+01   0.140760E-02
   0.635765E+01   0.136982E-02
   0.648609E+01   0.133291E-02
   0.661711E+01   0.129684E-02
   0.675079E+01   0.126160E-02
   0.688716E+01   0.122719E-02
   0.702629E+01   0.119364E-02
   0.716823E+01   0.116096E-02
   0.731304E+01   0.112919E-02
   0.746077E+01   0.109835E-02
   0.761149E+01   0.106844E-02
   0.776525E+01   0.103947E-02
   0.792212E+01   0.101144E-02
   0.808217E+01   0.984328E-03
   0.824543E+01   0.958136E-03
   0.841200E+01   0.932827E-03
   0.858193E+01   0.908298E-03
   0.875530E+01   0.884443E-03
   0.893217E+01   0.861164E-03
   0.911261E+01   0.838373E-03
   0.929670E+01   0.816045E-03
   0.948451E+01   0.794305E-03
   0.967610E+01   0.773295E-03
   0.987158E+01   0.753139E-03
   0.100710E+02   0.733946E-03
   0.102744E+02   0.715721E-03
   0.104820E+02   0.698207E-03
   0.106938E+02   0.681128E-03
   0.109098E+02   0.664231E-03
   0.111302E+02   0.647287E-03
   0.113550E+02   0.630202E-03
   0.115844E+02   0.613205E-03
   0.118184E+02   0.596554E-03
   0.120572E+02   0.580480E-03
   0.123007E+02   0.565192E-03
   0.125492E+02   0.550784E-03
   0.128027E+02   0.537098E-03
   0.130614E+02   0.523947E-03
   0.133252E+02   0.511159E-03
   0.135944E+02   0.498580E-03
   0.138691E+02   0.486112E-03
   0.141492E+02   0.473796E-03
   0.144351E+02   0.461688E-03
   0.147267E+02   0.449840E-03
   0.150242E+02   0.438299E-03
   0.153277E+02   0.427096E-03
   0.156373E+02   0.416236E-03
   0.159532E+02   0.405717E-03
   0.162755E+02   0.395539E-03
   0.166043E+02   0.385697E-03
   0.169397E+02   0.376185E-03
   0.172819E+02   0.366979E-03
   0.176310E+02   0.358057E-03
   0.179872E+02   0.349397E-03
   0.183505E+02   0.340977E-03
   0.187212E+02   0.332780E-03
   0.190994E+02   0.324783E-03
   0.194853E+02   0.316969E-03
   0.198789E+02   0.309317E-03
   0.202805E+02   0.301813E-03
   0.206902E+02   0.294446E-03
   0.211081E+02   0.287216E-03
   0.215346E+02   0.280127E-03
   0.219696E+02   0.273183E-03
   0.224134E+02   0.266386E-03
   0.228662E+02   0.259747E-03
   0.233281E+02   0.253308E-03
   0.237994E+02   0.247108E-03
   0.242802E+02   0.241183E-03
   0.247707E+02   0.235566E-03
   0.252710E+02   0.230238E-03
   0.257816E+02   0.225045E-03
   0.263024E+02   0.219824E-03
   0.268337E+02   0.214424E-03
   0.273758E+02   0.208714E-03
   0.279288E+02   0.202689E-03
   0.284930E+02   0.196665E-03
   0.290686E+02   0.190978E-03
   0.296558E+02   0.185924E-03
   0.302549E+02   0.181772E-03
   0.308661E+02   0.178612E-03
   0.314897E+02   0.176093E-03
   0.321258E+02   0.173810E-03
   0.327748E+02   0.171380E-03
   0.334369E+02   0.168443E-03
   0.341123E+02   0.164789E-03
   0.348014E+02   0.160572E-03
   0.355045E+02   0.156003E-03
   0.362217E+02   0.151277E-03
   0.369535E+02   0.146568E-03
   0.377000E+02   0.142025E-03
   0.384616E+02   0.137756E-03
   0.392386E+02   0.133854E-03
   0.400312E+02   0.130400E-03
   0.408399E+02   0.127468E-03
   0.416649E+02   0.125056E-03
   0.425066E+02   0.122962E-03
   0.433653E+02   0.120963E-03
   0.442413E+02   0.118850E-03
   0.451350E+02   0.116433E-03
   0.460469E+02   0.113623E-03
   0.469770E+02   0.110600E-03
   0.479261E+02   0.107570E-03
   0.488942E+02   0.104721E-03
   0.498820E+02   0.102220E-03
   0.508896E+02   0.100149E-03
   0.519177E+02   0.983883E-04
   0.529665E+02   0.967929E-04
   0.540365E+02   0.952282E-04
   0.551281E+02   0.935681E-04
   0.562417E+02   0.917331E-04
   0.573779E+02   0.897565E-04
   0.585370E+02   0.876892E-04
   0.597195E+02   0.855783E-04
   0.609260E+02   0.834674E-04
   0.621568E+02   0.813899E-04
   0.634124E+02   0.793589E-04
   0.646934E+02   0.773829E-04
   0.660003E+02   0.754699E-04
   0.673336E+02   0.736266E-04
   0.686938E+02   0.718515E-04
   0.700816E+02   0.701211E-04
   0.714973E+02   0.684105E-04
   0.729416E+02   0.666971E-04
   0.744151E+02   0.649604E-04
   0.759184E+02   0.632047E-04
   0.774521E+02   0.614959E-04
   0.790167E+02   0.599041E-04
   0.806129E+02   0.584919E-04
   0.822415E+02   0.573166E-04
   0.839028E+02   0.563925E-04
   0.855978E+02   0.556229E-04
   0.873269E+02   0.548974E-04
   0.890911E+02   0.541117E-04
   0.908908E+02   0.531678E-04
   0.927270E+02   0.520167E-04
   0.946001E+02   0.507321E-04
   0.965112E+02   0.494032E-04
   0.984608E+02   0.481112E-04
   0.100450E+03   0.469290E-04
   0.102479E+03   0.458959E-04
   0.104549E+03   0.449719E-04
   0.106661E+03   0.441074E-04
   0.108816E+03   0.432563E-04
   0.111014E+03   0.423763E-04
   0.113257E+03   0.414411E-04
   0.115545E+03   0.404623E-04
   0.117879E+03   0.394574E-04
   0.120260E+03   0.384424E-04
   0.122690E+03   0.374319E-04
   0.125168E+03   0.364430E-04
   0.127697E+03   0.355009E-04
   0.130277E+03   0.346304E-04
   0.132908E+03   0.338535E-04
   0.135593E+03   0.331908E-04
   0.138332E+03   0.326503E-04
   0.141127E+03   0.322089E-04
   0.143978E+03   0.318398E-04
   0.146886E+03   0.315179E-04
