Om0= 0.2600000     Ob0= 0.4400000E-01 Ode0= 0.740     H0= 0.72000     red=  100.    
w0= -1.000000     wa=  0.000000     c_s^2(DE)=  1.00    
 0.1143993E-03 =sigma8 at R=8Mpc/h & sigma(R)= 0.4574475E-06 at Rsmooth=   130.     Mpc/h
 #   k/h      Ptotm(k)   Pcdm(k)   Pbaryon(k)   f_cdm   f_baryon  D_c D_b
   0.100000E-03   0.919166E-01   0.917365E-01   0.917358E-01    1.05465        1.05465       0.124275E-01   0.124274E-01
   0.102020E-03   0.936982E-01   0.935147E-01   0.935139E-01    1.05465        1.05465       0.124275E-01   0.124275E-01
   0.104081E-03   0.955143E-01   0.953273E-01   0.953265E-01    1.05465        1.05465       0.124276E-01   0.124276E-01
   0.106184E-03   0.973657E-01   0.971750E-01   0.971742E-01    1.05465        1.05465       0.124277E-01   0.124276E-01
   0.108329E-03   0.992528E-01   0.990585E-01   0.990576E-01    1.05465        1.05465       0.124277E-01   0.124277E-01
   0.110517E-03   0.101177       0.100979       0.100978        1.05465        1.05465       0.124278E-01   0.124278E-01
   0.112750E-03   0.103138       0.102936       0.102935        1.05464        1.05465       0.124279E-01   0.124278E-01
   0.115027E-03   0.105137       0.104931       0.104930        1.05464        1.05465       0.124280E-01   0.124279E-01
   0.117351E-03   0.107174       0.106965       0.106964        1.05464        1.05465       0.124280E-01   0.124280E-01
   0.119722E-03   0.109252       0.109038       0.109037        1.05464        1.05465       0.124281E-01   0.124280E-01
   0.122140E-03   0.111369       0.111151       0.111150        1.05464        1.05464       0.124282E-01   0.124281E-01
   0.124608E-03   0.113528       0.113306       0.113304        1.05464        1.05464       0.124283E-01   0.124282E-01
   0.127125E-03   0.115728       0.115502       0.115500        1.05464        1.05464       0.124284E-01   0.124283E-01
   0.129693E-03   0.117971       0.117740       0.117739        1.05464        1.05464       0.124285E-01   0.124284E-01
   0.132313E-03   0.120257       0.120022       0.120021        1.05464        1.05464       0.124286E-01   0.124285E-01
   0.134986E-03   0.122588       0.122348       0.122347        1.05463        1.05464       0.124287E-01   0.124286E-01
   0.137713E-03   0.124964       0.124720       0.124718        1.05463        1.05464       0.124288E-01   0.124287E-01
   0.140495E-03   0.127386       0.127137       0.127135        1.05463        1.05464       0.124289E-01   0.124288E-01
   0.143333E-03   0.129854       0.129601       0.129599        1.05463        1.05464       0.124290E-01   0.124289E-01
   0.146228E-03   0.132371       0.132113       0.132111        1.05463        1.05463       0.124291E-01   0.124290E-01
   0.149182E-03   0.134936       0.134673       0.134671        1.05463        1.05463       0.124292E-01   0.124291E-01
   0.152196E-03   0.137551       0.137283       0.137281        1.05462        1.05463       0.124294E-01   0.124293E-01
   0.155271E-03   0.140217       0.139944       0.139941        1.05462        1.05463       0.124295E-01   0.124294E-01
   0.158407E-03   0.142934       0.142656       0.142653        1.05462        1.05463       0.124296E-01   0.124295E-01
   0.161607E-03   0.145704       0.145420       0.145417        1.05462        1.05463       0.124298E-01   0.124297E-01
   0.164872E-03   0.148528       0.148238       0.148235        1.05462        1.05462       0.124299E-01   0.124298E-01
   0.168203E-03   0.151406       0.151111       0.151108        1.05461        1.05462       0.124301E-01   0.124300E-01
   0.171601E-03   0.154340       0.154040       0.154036        1.05461        1.05462       0.124303E-01   0.124301E-01
   0.175067E-03   0.157330       0.157025       0.157021        1.05461        1.05462       0.124304E-01   0.124303E-01
   0.178604E-03   0.160379       0.160067       0.160064        1.05461        1.05462       0.124306E-01   0.124305E-01
   0.182212E-03   0.163487       0.163169       0.163165        1.05460        1.05461       0.124308E-01   0.124306E-01
   0.185893E-03   0.166655       0.166331       0.166327        1.05460        1.05461       0.124310E-01   0.124308E-01
   0.189648E-03   0.169884       0.169554       0.169549        1.05460        1.05461       0.124312E-01   0.124310E-01
   0.193479E-03   0.173175       0.172839       0.172835        1.05460        1.05461       0.124314E-01   0.124312E-01
   0.197388E-03   0.176531       0.176189       0.176183        1.05459        1.05461       0.124316E-01   0.124314E-01
   0.201375E-03   0.179951       0.179602       0.179597        1.05459        1.05460       0.124318E-01   0.124317E-01
   0.205443E-03   0.183437       0.183082       0.183077        1.05459        1.05460       0.124321E-01   0.124319E-01
   0.209594E-03   0.186991       0.186630       0.186623        1.05458        1.05460       0.124323E-01   0.124321E-01
   0.213828E-03   0.190614       0.190246       0.190239        1.05458        1.05459       0.124326E-01   0.124324E-01
   0.218147E-03   0.194307       0.193931       0.193925        1.05458        1.05459       0.124328E-01   0.124326E-01
   0.222554E-03   0.198071       0.197689       0.197681        1.05457        1.05459       0.124331E-01   0.124329E-01
   0.227050E-03   0.201908       0.201519       0.201511        1.05457        1.05458       0.124334E-01   0.124331E-01
   0.231637E-03   0.205820       0.205423       0.205415        1.05457        1.05458       0.124337E-01   0.124334E-01
   0.236316E-03   0.209807       0.209402       0.209394        1.05456        1.05458       0.124340E-01   0.124337E-01
   0.241090E-03   0.213871       0.213459       0.213450        1.05456        1.05457       0.124343E-01   0.124340E-01
   0.245960E-03   0.218013       0.217594       0.217584        1.05455        1.05457       0.124346E-01   0.124343E-01
   0.250929E-03   0.222236       0.221809       0.221799        1.05455        1.05457       0.124350E-01   0.124347E-01
   0.255998E-03   0.226540       0.226106       0.226094        1.05454        1.05456       0.124353E-01   0.124350E-01
   0.261170E-03   0.230928       0.230485       0.230473        1.05454        1.05456       0.124357E-01   0.124354E-01
   0.266446E-03   0.235400       0.234950       0.234937        1.05453        1.05455       0.124361E-01   0.124357E-01
   0.271828E-03   0.239959       0.239500       0.239487        1.05453        1.05455       0.124365E-01   0.124361E-01
   0.277319E-03   0.244606       0.244139       0.244125        1.05452        1.05454       0.124369E-01   0.124365E-01
   0.282922E-03   0.249343       0.248867       0.248852        1.05451        1.05454       0.124373E-01   0.124369E-01
   0.288637E-03   0.254171       0.253687       0.253671        1.05451        1.05453       0.124378E-01   0.124374E-01
   0.294468E-03   0.259093       0.258600       0.258583        1.05450        1.05453       0.124382E-01   0.124378E-01
   0.300417E-03   0.264109       0.263607       0.263589        1.05449        1.05452       0.124387E-01   0.124383E-01
   0.306485E-03   0.269223       0.268712       0.268693        1.05449        1.05452       0.124392E-01   0.124388E-01
   0.312677E-03   0.274435       0.273915       0.273895        1.05448        1.05451       0.124397E-01   0.124393E-01
   0.318993E-03   0.279748       0.279218       0.279197        1.05447        1.05450       0.124403E-01   0.124398E-01
   0.325437E-03   0.285164       0.284624       0.284602        1.05446        1.05450       0.124408E-01   0.124403E-01
   0.332012E-03   0.290683       0.290135       0.290111        1.05446        1.05449       0.124414E-01   0.124409E-01
   0.338719E-03   0.296310       0.295752       0.295726        1.05445        1.05448       0.124420E-01   0.124415E-01
   0.345561E-03   0.302045       0.301477       0.301450        1.05444        1.05447       0.124426E-01   0.124421E-01
   0.352542E-03   0.307891       0.307312       0.307284        1.05443        1.05447       0.124433E-01   0.124427E-01
   0.359664E-03   0.313849       0.313261       0.313230        1.05442        1.05446       0.124439E-01   0.124433E-01
   0.366930E-03   0.319922       0.319324       0.319292        1.05441        1.05445       0.124446E-01   0.124440E-01
   0.374342E-03   0.326112       0.325504       0.325470        1.05440        1.05444       0.124453E-01   0.124447E-01
   0.381904E-03   0.332422       0.331803       0.331767        1.05439        1.05443       0.124461E-01   0.124454E-01
   0.389619E-03   0.338853       0.338224       0.338185        1.05438        1.05442       0.124469E-01   0.124462E-01
   0.397490E-03   0.345408       0.344768       0.344727        1.05436        1.05441       0.124477E-01   0.124470E-01
   0.405520E-03   0.352089       0.351439       0.351395        1.05435        1.05440       0.124485E-01   0.124478E-01
   0.413712E-03   0.358899       0.358238       0.358192        1.05434        1.05439       0.124494E-01   0.124486E-01
   0.422070E-03   0.365840       0.365168       0.365119        1.05432        1.05438       0.124503E-01   0.124494E-01
   0.430596E-03   0.372915       0.372231       0.372179        1.05431        1.05437       0.124512E-01   0.124503E-01
   0.439295E-03   0.380125       0.379430       0.379376        1.05430        1.05435       0.124521E-01   0.124513E-01
   0.448169E-03   0.387475       0.386768       0.386710        1.05428        1.05434       0.124531E-01   0.124522E-01
   0.457222E-03   0.394965       0.394248       0.394186        1.05427        1.05433       0.124542E-01   0.124532E-01
   0.466459E-03   0.402600       0.401871       0.401805        1.05425        1.05431       0.124552E-01   0.124542E-01
   0.475882E-03   0.410381       0.409640       0.409571        1.05423        1.05430       0.124563E-01   0.124553E-01
   0.485496E-03   0.418311       0.417559       0.417486        1.05421        1.05428       0.124575E-01   0.124564E-01
   0.495303E-03   0.426394       0.425631       0.425552        1.05420        1.05427       0.124587E-01   0.124575E-01
   0.505309E-03   0.434632       0.433857       0.433774        1.05418        1.05425       0.124599E-01   0.124587E-01
   0.515517E-03   0.443028       0.442241       0.442153        1.05416        1.05424       0.124611E-01   0.124599E-01
   0.525931E-03   0.451585       0.450786       0.450693        1.05414        1.05422       0.124625E-01   0.124612E-01
   0.536556E-03   0.460305       0.459495       0.459396        1.05411        1.05420       0.124638E-01   0.124625E-01
   0.547395E-03   0.469193       0.468371       0.468266        1.05409        1.05418       0.124652E-01   0.124638E-01
   0.558453E-03   0.478251       0.477417       0.477306        1.05407        1.05416       0.124666E-01   0.124652E-01
   0.569734E-03   0.487482       0.486637       0.486518        1.05404        1.05414       0.124681E-01   0.124666E-01
   0.581244E-03   0.496890       0.496033       0.495907        1.05402        1.05412       0.124697E-01   0.124681E-01
   0.592986E-03   0.506477       0.505609       0.505476        1.05399        1.05410       0.124713E-01   0.124697E-01
   0.604965E-03   0.516248       0.515368       0.515227        1.05396        1.05407       0.124729E-01   0.124712E-01
   0.617186E-03   0.526205       0.525314       0.525164        1.05393        1.05405       0.124746E-01   0.124729E-01
   0.629654E-03   0.536353       0.535450       0.535291        1.05391        1.05402       0.124764E-01   0.124745E-01
   0.642374E-03   0.546693       0.545779       0.545610        1.05387        1.05400       0.124782E-01   0.124763E-01
   0.655350E-03   0.557231       0.556306       0.556127        1.05384        1.05397       0.124800E-01   0.124781E-01
   0.668589E-03   0.567969       0.567033       0.566843        1.05381        1.05394       0.124820E-01   0.124799E-01
   0.682096E-03   0.578912       0.577965       0.577764        1.05377        1.05391       0.124839E-01   0.124818E-01
   0.695875E-03   0.590062       0.589105       0.588892        1.05374        1.05388       0.124860E-01   0.124838E-01
   0.709933E-03   0.601424       0.600458       0.600231        1.05370        1.05385       0.124881E-01   0.124858E-01
   0.724274E-03   0.613002       0.612026       0.611785        1.05366        1.05382       0.124903E-01   0.124879E-01
   0.738906E-03   0.624800       0.623814       0.623559        1.05362        1.05378       0.124925E-01   0.124900E-01
   0.753832E-03   0.636821       0.635826       0.635555        1.05358        1.05375       0.124948E-01   0.124922E-01
   0.769061E-03   0.649069       0.648066       0.647779        1.05353        1.05371       0.124972E-01   0.124945E-01
   0.784597E-03   0.661550       0.660538       0.660233        1.05349        1.05367       0.124996E-01   0.124968E-01
   0.800447E-03   0.674265       0.673247       0.672923        1.05344        1.05363       0.125022E-01   0.124992E-01
   0.816617E-03   0.687221       0.686195       0.685852        1.05339        1.05359       0.125048E-01   0.125017E-01
   0.833114E-03   0.700421       0.699389       0.699025        1.05334        1.05355       0.125074E-01   0.125042E-01
   0.849944E-03   0.713870       0.712832       0.712446        1.05328        1.05350       0.125102E-01   0.125069E-01
   0.867114E-03   0.727571       0.726528       0.726119        1.05323        1.05345       0.125130E-01   0.125095E-01
   0.884631E-03   0.741529       0.740483       0.740049        1.05317        1.05340       0.125159E-01   0.125123E-01
   0.902501E-03   0.755750       0.754700       0.754240        1.05311        1.05335       0.125189E-01   0.125151E-01
   0.920733E-03   0.770237       0.769185       0.768696        1.05304        1.05330       0.125220E-01   0.125181E-01
   0.939333E-03   0.784995       0.783942       0.783423        1.05298        1.05324       0.125251E-01   0.125211E-01
   0.958309E-03   0.800028       0.798975       0.798425        1.05291        1.05319       0.125284E-01   0.125241E-01
   0.977668E-03   0.815342       0.814290       0.813706        1.05284        1.05313       0.125317E-01   0.125273E-01
   0.997418E-03   0.830940       0.829891       0.829272        1.05277        1.05307       0.125351E-01   0.125305E-01
   0.101757E-02   0.846829       0.845784       0.845127        1.05269        1.05300       0.125386E-01   0.125339E-01
   0.103812E-02   0.863013       0.861972       0.861276        1.05261        1.05293       0.125423E-01   0.125373E-01
   0.105910E-02   0.879496       0.878463       0.877724        1.05253        1.05286       0.125460E-01   0.125408E-01
   0.108049E-02   0.896284       0.895259       0.894475        1.05244        1.05279       0.125498E-01   0.125444E-01
   0.110232E-02   0.913381       0.912367       0.911536        1.05235        1.05272       0.125537E-01   0.125481E-01
   0.112459E-02   0.930794       0.929793       0.928910        1.05226        1.05264       0.125577E-01   0.125518E-01
   0.114730E-02   0.948526       0.947540       0.946604        1.05216        1.05256       0.125618E-01   0.125557E-01
   0.117048E-02   0.966583       0.965614       0.964622        1.05206        1.05247       0.125660E-01   0.125597E-01
   0.119413E-02   0.984971       0.984021       0.982968        1.05196        1.05239       0.125703E-01   0.125637E-01
   0.121825E-02    1.00369        1.00277        1.00165        1.05185        1.05230       0.125748E-01   0.125679E-01
   0.124286E-02    1.02276        1.02185        1.02067        1.05174        1.05220       0.125793E-01   0.125722E-01
   0.126797E-02    1.04217        1.04129        1.04004        1.05162        1.05210       0.125840E-01   0.125765E-01
   0.129358E-02    1.06193        1.06108        1.05975        1.05150        1.05200       0.125888E-01   0.125810E-01
   0.131971E-02    1.08205        1.08124        1.07982        1.05137        1.05189       0.125936E-01   0.125856E-01
   0.134637E-02    1.10253        1.10176        1.10026        1.05124        1.05178       0.125987E-01   0.125902E-01
   0.137357E-02    1.12337        1.12264        1.12105        1.05110        1.05167       0.126038E-01   0.125950E-01
   0.140132E-02    1.14459        1.14391        1.14222        1.05096        1.05155       0.126090E-01   0.125999E-01
   0.142963E-02    1.16619        1.16556        1.16377        1.05081        1.05143       0.126144E-01   0.126049E-01
   0.145851E-02    1.18818        1.18760        1.18570        1.05066        1.05130       0.126199E-01   0.126100E-01
   0.148797E-02    1.21055        1.21003        1.20802        1.05050        1.05117       0.126255E-01   0.126152E-01
   0.151803E-02    1.23331        1.23286        1.23072        1.05034        1.05103       0.126313E-01   0.126206E-01
   0.154870E-02    1.25648        1.25609        1.25383        1.05016        1.05089       0.126372E-01   0.126260E-01
   0.157998E-02    1.28005        1.27974        1.27734        1.04999        1.05074       0.126432E-01   0.126316E-01
   0.161190E-02    1.30403        1.30380        1.30126        1.04980        1.05058       0.126494E-01   0.126372E-01
   0.164446E-02    1.32842        1.32829        1.32559        1.04961        1.05042       0.126556E-01   0.126430E-01
   0.167768E-02    1.35324        1.35320        1.35034        1.04941        1.05026       0.126621E-01   0.126489E-01
   0.171158E-02    1.37848        1.37855        1.37551        1.04920        1.05009       0.126686E-01   0.126549E-01
   0.174615E-02    1.40416        1.40433        1.40112        1.04899        1.04991       0.126753E-01   0.126611E-01
   0.178143E-02    1.43027        1.43056        1.42715        1.04877        1.04972       0.126821E-01   0.126673E-01
   0.181741E-02    1.45682        1.45724        1.45363        1.04854        1.04953       0.126891E-01   0.126737E-01
   0.185413E-02    1.48382        1.48438        1.48054        1.04830        1.04933       0.126962E-01   0.126801E-01
   0.189158E-02    1.51127        1.51198        1.50791        1.04805        1.04913       0.127035E-01   0.126867E-01
   0.192980E-02    1.53917        1.54004        1.53572        1.04779        1.04892       0.127109E-01   0.126934E-01
   0.196878E-02    1.56753        1.56857        1.56399        1.04753        1.04869       0.127184E-01   0.127002E-01
   0.200855E-02    1.59636        1.59758        1.59273        1.04725        1.04847       0.127261E-01   0.127072E-01
   0.204913E-02    1.62565        1.62706        1.62192        1.04696        1.04823       0.127339E-01   0.127142E-01
   0.209052E-02    1.65542        1.65704        1.65158        1.04667        1.04798       0.127419E-01   0.127213E-01
   0.213276E-02    1.68566        1.68750        1.68172        1.04636        1.04773       0.127500E-01   0.127286E-01
   0.217584E-02    1.71639        1.71846        1.71233        1.04604        1.04747       0.127583E-01   0.127359E-01
   0.221979E-02    1.74759        1.74991        1.74341        1.04571        1.04720       0.127667E-01   0.127434E-01
   0.226464E-02    1.77929        1.78187        1.77498        1.04537        1.04692       0.127752E-01   0.127510E-01
   0.231039E-02    1.81147        1.81433        1.80703        1.04502        1.04663       0.127839E-01   0.127586E-01
   0.235706E-02    1.84414        1.84730        1.83956        1.04465        1.04633       0.127927E-01   0.127664E-01
   0.240467E-02    1.87731        1.88078        1.87258        1.04427        1.04602       0.128016E-01   0.127742E-01
   0.245325E-02    1.91098        1.91478        1.90609        1.04388        1.04570       0.128107E-01   0.127821E-01
   0.250281E-02    1.94514        1.94930        1.94008        1.04348        1.04536       0.128199E-01   0.127902E-01
   0.255337E-02    1.97980        1.98434        1.97457        1.04306        1.04502       0.128293E-01   0.127983E-01
   0.260495E-02    2.01496        2.01990        2.00954        1.04262        1.04467       0.128387E-01   0.128064E-01
   0.265758E-02    2.05063        2.05598        2.04501        1.04218        1.04431       0.128483E-01   0.128147E-01
   0.271126E-02    2.08679        2.09259        2.08096        1.04171        1.04393       0.128581E-01   0.128230E-01
   0.276603E-02    2.12346        2.12972        2.11740        1.04124        1.04355       0.128679E-01   0.128313E-01
   0.282191E-02    2.16062        2.16738        2.15433        1.04074        1.04315       0.128779E-01   0.128398E-01
   0.287892E-02    2.19829        2.20557        2.19174        1.04024        1.04274       0.128879E-01   0.128482E-01
   0.293708E-02    2.23645        2.24428        2.22963        1.03971        1.04232       0.128981E-01   0.128567E-01
   0.299641E-02    2.27511        2.28352        2.26800        1.03917        1.04188       0.129084E-01   0.128653E-01
   0.305694E-02    2.31426        2.32328        2.30684        1.03861        1.04144       0.129188E-01   0.128738E-01
   0.311870E-02    2.35390        2.36356        2.34614        1.03804        1.04098       0.129292E-01   0.128824E-01
   0.318170E-02    2.39402        2.40436        2.38591        1.03745        1.04051       0.129398E-01   0.128910E-01
   0.324597E-02    2.43463        2.44567        2.42613        1.03684        1.04002       0.129504E-01   0.128996E-01
   0.331155E-02    2.47571        2.48750        2.46680        1.03621        1.03953       0.129612E-01   0.129082E-01
   0.337844E-02    2.51726        2.52983        2.50791        1.03556        1.03902       0.129720E-01   0.129167E-01
   0.344669E-02    2.55927        2.57266        2.54945        1.03490        1.03849       0.129828E-01   0.129252E-01
   0.351632E-02    2.60174        2.61599        2.59140        1.03422        1.03796       0.129938E-01   0.129337E-01
   0.358735E-02    2.64466        2.65980        2.63377        1.03352        1.03741       0.130047E-01   0.129422E-01
   0.365982E-02    2.68801        2.70409        2.67654        1.03280        1.03686       0.130158E-01   0.129505E-01
   0.373376E-02    2.73179        2.74886        2.71969        1.03206        1.03629       0.130268E-01   0.129588E-01
   0.380918E-02    2.77599        2.79408        2.76320        1.03131        1.03570       0.130379E-01   0.129670E-01
   0.388613E-02    2.82060        2.83976        2.80708        1.03053        1.03511       0.130490E-01   0.129751E-01
   0.396464E-02    2.86561        2.88588        2.85129        1.02974        1.03450       0.130601E-01   0.129831E-01
   0.404473E-02    2.91099        2.93243        2.89582        1.02893        1.03389       0.130713E-01   0.129910E-01
   0.412644E-02    2.95674        2.97939        2.94065        1.02810        1.03326       0.130824E-01   0.129987E-01
   0.420980E-02    3.00285        3.02676        2.98577        1.02725        1.03263       0.130935E-01   0.130062E-01
   0.429484E-02    3.04930        3.07451        3.03114        1.02639        1.03199       0.131046E-01   0.130136E-01
   0.438160E-02    3.09607        3.12264        3.07676        1.02550        1.03133       0.131157E-01   0.130208E-01
   0.447012E-02    3.14314        3.17112        3.12259        1.02460        1.03068       0.131268E-01   0.130278E-01
   0.456042E-02    3.19050        3.21993        3.16861        1.02369        1.03001       0.131378E-01   0.130346E-01
   0.465255E-02    3.23812        3.26907        3.21479        1.02275        1.02934       0.131487E-01   0.130412E-01
   0.474653E-02    3.28599        3.31850        3.26111        1.02180        1.02866       0.131596E-01   0.130475E-01
   0.484242E-02    3.33408        3.36821        3.30754        1.02084        1.02798       0.131704E-01   0.130535E-01
   0.494024E-02    3.38237        3.41818        3.35403        1.01986        1.02730       0.131812E-01   0.130593E-01
   0.504004E-02    3.43084        3.46838        3.40058        1.01887        1.02662       0.131919E-01   0.130647E-01
   0.514186E-02    3.47947        3.51879        3.44713        1.01787        1.02594       0.132024E-01   0.130699E-01
   0.524573E-02    3.52825        3.56938        3.49366        1.01686        1.02527       0.132129E-01   0.130746E-01
   0.535170E-02    3.57715        3.62014        3.54014        1.01584        1.02459       0.132232E-01   0.130791E-01
   0.545981E-02    3.62614        3.67103        3.58652        1.01481        1.02393       0.132334E-01   0.130831E-01
   0.557011E-02    3.67519        3.72203        3.63276        1.01377        1.02327       0.132435E-01   0.130867E-01
   0.568263E-02    3.72428        3.77311        3.67883        1.01273        1.02263       0.132535E-01   0.130899E-01
   0.579743E-02    3.77335        3.82423        3.72468        1.01168        1.02200       0.132633E-01   0.130928E-01
   0.591455E-02    3.82239        3.87537        3.77026        1.01063        1.02138       0.132730E-01   0.130952E-01
   0.603403E-02    3.87135        3.92650        3.81554        1.00957        1.02077       0.132826E-01   0.130972E-01
   0.615592E-02    3.92022        3.97757        3.86047        1.00852        1.02019       0.132921E-01   0.130987E-01
   0.628028E-02    3.96895        4.02857        3.90499        1.00746        1.01963       0.133015E-01   0.130997E-01
   0.640715E-02    4.01751        4.07945        3.94907        1.00641        1.01909       0.133108E-01   0.131003E-01
   0.653658E-02    4.06589        4.13019        3.99266        1.00537        1.01858       0.133199E-01   0.131004E-01
   0.666863E-02    4.11404        4.18075        4.03570        1.00433        1.01810       0.133289E-01   0.130999E-01
   0.680335E-02    4.16193        4.23109        4.07815        1.00329        1.01766       0.133377E-01   0.130989E-01
   0.694078E-02    4.20952        4.28119        4.11994        1.00227        1.01724       0.133464E-01   0.130974E-01
   0.708100E-02    4.25679        4.33100        4.16104        1.00126        1.01687       0.133550E-01   0.130953E-01
   0.722404E-02    4.30369        4.38049        4.20138        1.00027        1.01654       0.133635E-01   0.130925E-01
   0.736998E-02    4.35018        4.42962        4.24091       0.999289        1.01626       0.133718E-01   0.130892E-01
   0.751886E-02    4.39623        4.47835        4.27957       0.998325        1.01602       0.133800E-01   0.130852E-01
   0.767075E-02    4.44180        4.52666        4.31731       0.997379        1.01584       0.133880E-01   0.130806E-01
   0.782571E-02    4.48684        4.57449        4.35406       0.996452        1.01570       0.133960E-01   0.130753E-01
   0.798380E-02    4.53132        4.62181        4.38977       0.995545        1.01563       0.134039E-01   0.130694E-01
   0.814509E-02    4.57519        4.66858        4.42439       0.994659        1.01561       0.134117E-01   0.130627E-01
   0.830963E-02    4.61841        4.71477        4.45784       0.993795        1.01565       0.134194E-01   0.130554E-01
   0.847750E-02    4.66093        4.76033        4.49006       0.992953        1.01576       0.134270E-01   0.130474E-01
   0.864875E-02    4.70271        4.80522        4.52100       0.992132        1.01593       0.134346E-01   0.130386E-01
   0.882347E-02    4.74370        4.84940        4.55059       0.991334        1.01616       0.134421E-01   0.130291E-01
   0.900171E-02    4.78385        4.89284        4.57877       0.990559        1.01647       0.134497E-01   0.130188E-01
   0.918356E-02    4.82312        4.93548        4.60546       0.989804        1.01685       0.134572E-01   0.130078E-01
   0.936908E-02    4.86145        4.97729        4.63061       0.989069        1.01730       0.134647E-01   0.129960E-01
   0.955835E-02    4.89879        5.01822        4.65415       0.988354        1.01782       0.134722E-01   0.129833E-01
   0.975144E-02    4.93510        5.05823        4.67601       0.987656        1.01842       0.134797E-01   0.129698E-01
   0.994843E-02    4.97031        5.09728        4.69613       0.986975        1.01909       0.134873E-01   0.129555E-01
   0.101494E-01    5.00438        5.13532        4.71442       0.986309        1.01984       0.134950E-01   0.129403E-01
   0.103544E-01    5.03724        5.17229        4.73082       0.985655        1.02066       0.135027E-01   0.129242E-01
   0.105636E-01    5.06885        5.20816        4.74527       0.985010        1.02157       0.135104E-01   0.129071E-01
   0.107770E-01    5.09914        5.24286        4.75768       0.984374        1.02255       0.135183E-01   0.128891E-01
   0.109947E-01    5.12806        5.27637        4.76799       0.983744        1.02361       0.135263E-01   0.128701E-01
   0.112168E-01    5.15556        5.30861        4.77613       0.983116        1.02475       0.135344E-01   0.128501E-01
   0.114434E-01    5.18156        5.33954        4.78201       0.982489        1.02597       0.135426E-01   0.128290E-01
   0.116746E-01    5.20603        5.36909        4.78558       0.981859        1.02728       0.135509E-01   0.128068E-01
   0.119104E-01    5.22888        5.39723        4.78675       0.981225        1.02866       0.135594E-01   0.127835E-01
   0.121510E-01    5.25008        5.42389        4.78545       0.980584        1.03013       0.135681E-01   0.127591E-01
   0.123965E-01    5.26957        5.44901        4.78162       0.979936        1.03170       0.135769E-01   0.127334E-01
   0.126469E-01    5.28727        5.47254        4.77519       0.979279        1.03335       0.135859E-01   0.127065E-01
   0.129024E-01    5.30315        5.49441        4.76608       0.978613        1.03510       0.135950E-01   0.126783E-01
   0.131631E-01    5.31714        5.51457        4.75423       0.977937        1.03695       0.136044E-01   0.126487E-01
   0.134290E-01    5.32919        5.53297        4.73959       0.977250        1.03890       0.136139E-01   0.126178E-01
   0.137003E-01    5.33924        5.54954        4.72210       0.976551        1.04096       0.136237E-01   0.125854E-01
   0.139770E-01    5.34724        5.56422        4.70169       0.975836        1.04313       0.136337E-01   0.125515E-01
   0.142594E-01    5.35313        5.57696        4.67831       0.975106        1.04542       0.136439E-01   0.125161E-01
   0.145474E-01    5.35687        5.58769        4.65193       0.974358        1.04782       0.136543E-01   0.124791E-01
   0.148413E-01    5.35841        5.59638        4.62251       0.973594        1.05036       0.136650E-01   0.124405E-01
   0.151411E-01    5.35768        5.60295        4.59000       0.972816        1.05303       0.136759E-01   0.124002E-01
   0.154470E-01    5.35464        5.60736        4.55440       0.972029        1.05584       0.136871E-01   0.123581E-01
   0.157590E-01    5.34924        5.60956        4.51567       0.971236        1.05882       0.136986E-01   0.123143E-01
   0.160774E-01    5.34144        5.60950        4.47381       0.970439        1.06197       0.137103E-01   0.122687E-01
   0.164022E-01    5.33119        5.60715        4.42883       0.969639        1.06529       0.137224E-01   0.122211E-01
   0.167335E-01    5.31846        5.60245        4.38072       0.968832        1.06879       0.137348E-01   0.121717E-01
   0.170716E-01    5.30319        5.59536        4.32952       0.968015        1.07248       0.137475E-01   0.121203E-01
   0.174164E-01    5.28537        5.58586        4.27524       0.967183        1.07636       0.137606E-01   0.120669E-01
   0.177683E-01    5.26496        5.57390        4.21792       0.966333        1.08044       0.137740E-01   0.120114E-01
   0.181272E-01    5.24193        5.55945        4.15762       0.965463        1.08471       0.137878E-01   0.119538E-01
   0.184934E-01    5.21627        5.54249        4.09439       0.964573        1.08920       0.138020E-01   0.118941E-01
   0.188670E-01    5.18798        5.52300        4.02832       0.963664        1.09390       0.138166E-01   0.118323E-01
   0.192481E-01    5.15705        5.50094        3.95948       0.962735        1.09883       0.138315E-01   0.117682E-01
   0.196370E-01    5.12348        5.47631        3.88797       0.961786        1.10400       0.138469E-01   0.117020E-01
   0.200337E-01    5.08728        5.44909        3.81390       0.960817        1.10942       0.138627E-01   0.116334E-01
   0.204384E-01    5.04848        5.41928        3.73741       0.959828        1.11510       0.138789E-01   0.115626E-01
   0.208513E-01    5.00711        5.38688        3.65864       0.958819        1.12104       0.138955E-01   0.114896E-01
   0.212725E-01    4.96320        5.35190        3.57773       0.957789        1.12725       0.139125E-01   0.114143E-01
   0.217022E-01    4.91680        5.31434        3.49485       0.956737        1.13375       0.139299E-01   0.113367E-01
   0.221406E-01    4.86796        5.27424        3.41019       0.955665        1.14054       0.139477E-01   0.112569E-01
   0.225879E-01    4.81673        5.23162        3.32394       0.954573        1.14763       0.139660E-01   0.111749E-01
   0.230442E-01    4.76318        5.18653        3.23633       0.953462        1.15503       0.139846E-01   0.110908E-01
   0.235097E-01    4.70739        5.13899        3.14758       0.952332        1.16274       0.140036E-01   0.110046E-01
   0.239847E-01    4.64942        5.08907        3.05788       0.951184        1.17077       0.140230E-01   0.109164E-01
   0.244692E-01    4.58936        5.03682        2.96750       0.950020        1.17913       0.140427E-01   0.108263E-01
   0.249635E-01    4.52734        4.98231        2.87671       0.948840        1.18781       0.140627E-01   0.107344E-01
   0.254678E-01    4.46346        4.92563        2.78578       0.947646        1.19681       0.140831E-01   0.106410E-01
   0.259823E-01    4.39784        4.86686        2.69497       0.946441        1.20613       0.141036E-01   0.105461E-01
   0.265072E-01    4.33061        4.80609        2.60451       0.945225        1.21577       0.141244E-01   0.104499E-01
   0.270426E-01    4.26191        4.74342        2.51471       0.944000        1.22571       0.141454E-01   0.103527E-01
   0.275889E-01    4.19193        4.67900        2.42587       0.942772        1.23594       0.141665E-01   0.102548E-01
   0.281463E-01    4.12085        4.61295        2.33831       0.941542        1.24643       0.141876E-01   0.101566E-01
   0.287149E-01    4.04884        4.54541        2.25229       0.940315        1.25717       0.142086E-01   0.100582E-01
   0.292949E-01    3.97607        4.47651        2.16803       0.939094        1.26811       0.142296E-01   0.996019E-02
   0.298867E-01    3.90273        4.40639        2.08582       0.937884        1.27924       0.142504E-01   0.986283E-02
   0.304905E-01    3.82900        4.33522        2.00595       0.936690        1.29047       0.142709E-01   0.976672E-02
   0.311064E-01    3.75506        4.26314        1.92869       0.935517        1.30175       0.142910E-01   0.967241E-02
   0.317348E-01    3.68109        4.19030        1.85422       0.934371        1.31302       0.143107E-01   0.958041E-02
   0.323759E-01    3.60726        4.11684        1.78274       0.933256        1.32421       0.143297E-01   0.949123E-02
   0.330299E-01    3.53373        4.04291        1.71443       0.932180        1.33522       0.143479E-01   0.940551E-02
   0.336972E-01    3.46072        3.96870        1.64951       0.931148        1.34595       0.143653E-01   0.932401E-02
   0.343779E-01    3.38840        3.89435        1.58816       0.930168        1.35627       0.143817E-01   0.924746E-02
   0.350724E-01    3.31695        3.82001        1.53051       0.929247        1.36607       0.143969E-01   0.917661E-02
   0.357809E-01    3.24652        3.74583        1.47666       0.928391        1.37523       0.144108E-01   0.911215E-02
   0.365038E-01    3.17734        3.67204        1.42675       0.927610        1.38360       0.144233E-01   0.905488E-02
   0.372412E-01    3.10967        3.59890        1.38094       0.926914        1.39102       0.144340E-01   0.900569E-02
   0.379935E-01    3.04375        3.52668        1.33939       0.926313        1.39735       0.144429E-01   0.896548E-02
   0.387610E-01    2.97982        3.45563        1.30221       0.925817        1.40242       0.144498E-01   0.893513E-02
   0.395440E-01    2.91808        3.38595        1.26951       0.925438        1.40608       0.144545E-01   0.891555E-02
   0.403429E-01    2.85865        3.31781        1.24130       0.925183        1.40821       0.144568E-01   0.890737E-02
   0.411579E-01    2.80159        3.25128        1.21748       0.925056        1.40875       0.144567E-01   0.891100E-02
   0.419893E-01    2.74694        3.18647        1.19801       0.925063        1.40762       0.144540E-01   0.892685E-02
   0.428375E-01    2.69475        3.12342        1.18286       0.925209        1.40477       0.144487E-01   0.895541E-02
   0.437029E-01    2.64506        3.06221        1.17203       0.925498        1.40015       0.144407E-01   0.899719E-02
   0.445858E-01    2.59779        3.00282        1.16536       0.925931        1.39379       0.144300E-01   0.905217E-02
   0.454865E-01    2.55278        2.94514        1.16257       0.926502        1.38582       0.144168E-01   0.911982E-02
   0.464053E-01    2.50988        2.88909        1.16337       0.927206        1.37637       0.144011E-01   0.919961E-02
   0.473428E-01    2.46893        2.83459        1.16753       0.928036        1.36555       0.143830E-01   0.929101E-02
   0.482992E-01    2.42982        2.78154        1.17485       0.928987        1.35352       0.143627E-01   0.939350E-02
   0.492749E-01    2.39244        2.72996        1.18504       0.930050        1.34044       0.143404E-01   0.950615E-02
   0.502703E-01    2.35674        2.67991        1.19775       0.931217        1.32657       0.143163E-01   0.962754E-02
   0.512858E-01    2.32268        2.63147        1.21261       0.932475        1.31214       0.142908E-01   0.975619E-02
   0.523219E-01    2.29022        2.58470        1.22925       0.933815        1.29736       0.142640E-01   0.989053E-02
   0.533789E-01    2.25929        2.53966        1.24729       0.935226        1.28246       0.142363E-01   0.100289E-01
   0.544572E-01    2.22963        2.49616        1.26612       0.936687        1.26767       0.142082E-01   0.101693E-01
   0.555573E-01    2.20076        2.45387        1.28490       0.938168        1.25321       0.141800E-01   0.103095E-01
   0.566796E-01    2.17224        2.41243        1.30275       0.939641        1.23933       0.141524E-01   0.104469E-01
   0.578246E-01    2.14361        2.37154        1.31875       0.941073        1.22623       0.141259E-01   0.105789E-01
   0.589927E-01    2.11447        2.33089        1.33191       0.942436        1.21414       0.141011E-01   0.107028E-01
   0.601845E-01    2.08443        2.29018        1.34134       0.943699        1.20321       0.140783E-01   0.108162E-01
   0.614003E-01    2.05311        2.24916        1.34619       0.944835        1.19360       0.140582E-01   0.109167E-01
   0.626407E-01    2.02017        2.20755        1.34567       0.945816        1.18543       0.140412E-01   0.110022E-01
   0.639061E-01    1.98530        2.16513        1.33905       0.946614        1.17886       0.140277E-01   0.110703E-01
   0.651971E-01    1.94821        2.12169        1.32568       0.947202        1.17402       0.140182E-01   0.111188E-01
   0.665142E-01    1.90874        2.07709        1.30520       0.947560        1.17103       0.140131E-01   0.111461E-01
   0.678578E-01    1.86686        2.03126        1.27757       0.947674        1.16996       0.140126E-01   0.111508E-01
   0.692287E-01    1.82253        1.98414        1.24288       0.947531        1.17091       0.140169E-01   0.111321E-01
   0.706272E-01    1.77576        1.93570        1.20139       0.947118        1.17400       0.140261E-01   0.110891E-01
   0.720539E-01    1.72661        1.88593        1.15350       0.946425        1.17932       0.140404E-01   0.110210E-01
   0.735095E-01    1.67535        1.83498        1.10013       0.945457        1.18692       0.140598E-01   0.109284E-01
   0.749945E-01    1.62246        1.78310        1.04259       0.944239        1.19679       0.140838E-01   0.108131E-01
   0.765095E-01    1.56840        1.73059       0.982135       0.942797        1.20890       0.141120E-01   0.106769E-01
   0.780551E-01    1.51358        1.67768       0.919962       0.941156        1.22325       0.141438E-01   0.105217E-01
   0.796319E-01    1.45842        1.62462       0.857184       0.939341        1.23984       0.141790E-01   0.103496E-01
   0.812406E-01    1.40345        1.57172       0.795293       0.937400        1.25837       0.142164E-01   0.101653E-01
   0.828817E-01    1.34928        1.51933       0.735959       0.935399        1.27824       0.142550E-01   0.997610E-02
   0.845561E-01    1.29648        1.46780       0.680439       0.933404        1.29882       0.142933E-01   0.978870E-02
   0.862642E-01    1.24549        1.41740       0.629607       0.931481        1.31942       0.143300E-01   0.960944E-02
   0.880068E-01    1.19672        1.36838       0.584032       0.929695        1.33930       0.143638E-01   0.944419E-02
   0.897847E-01    1.15058        1.32108       0.544211       0.928116        1.35750       0.143933E-01   0.929954E-02
   0.915985E-01    1.10751        1.27586       0.510589       0.926815        1.37288       0.144170E-01   0.918274E-02
   0.934489E-01    1.06788        1.23306       0.483466       0.925866        1.38423       0.144337E-01   0.910089E-02
   0.953367E-01    1.03197        1.19294       0.463091       0.925339        1.39035       0.144418E-01   0.906113E-02
   0.972626E-01    1.00004        1.15572       0.449731       0.925306        1.39011       0.144401E-01   0.907068E-02
   0.992274E-01   0.971950        1.12140       0.442930       0.925779        1.38342       0.144284E-01   0.913005E-02
   0.101232       0.947281        1.08976       0.441638       0.926714        1.37126       0.144077E-01   0.923310E-02
   0.103277       0.925642        1.06061       0.445002       0.928064        1.35468       0.143793E-01   0.937377E-02
   0.105363       0.906689        1.03375       0.452312       0.929784        1.33474       0.143441E-01   0.954606E-02
   0.107492       0.890100        1.00901       0.462907       0.931825        1.31247       0.143034E-01   0.974370E-02
   0.109663       0.875244       0.985971       0.475741       0.934091        1.28910       0.142591E-01   0.995792E-02
   0.111879       0.861203       0.963980       0.489271       0.936431        1.26599       0.142142E-01   0.101770E-01
   0.114139       0.847104       0.942432       0.501764       0.938696        1.24442       0.141714E-01   0.103882E-01
   0.116445       0.832129       0.920775       0.511316       0.940730        1.22558       0.141336E-01   0.105777E-01
   0.118797       0.815535       0.898514       0.515952       0.942381        1.21058       0.141035E-01   0.107308E-01
   0.121197       0.796883       0.875337       0.514363       0.943551        1.20008       0.140829E-01   0.108375E-01
   0.123645       0.776024       0.851103       0.506057       0.944193        1.19436       0.140723E-01   0.108927E-01
   0.126143       0.752869       0.825708       0.490847       0.944264        1.19372       0.140726E-01   0.108918E-01
   0.128691       0.727380       0.799077       0.468879       0.943721        1.19852       0.140844E-01   0.108315E-01
   0.131291       0.699602       0.771181       0.440702       0.942528        1.20916       0.141083E-01   0.107098E-01
   0.133943       0.670144       0.742358       0.408338       0.940767        1.22510       0.141429E-01   0.105362E-01
   0.136649       0.640064       0.713239       0.374727       0.938634        1.24483       0.141845E-01   0.103312E-01
   0.139409       0.610296       0.684393       0.342224       0.936327        1.26673       0.142291E-01   0.101144E-01
   0.142226       0.581625       0.656310       0.312526       0.934046        1.28904       0.142730E-01   0.990429E-02
   0.145099       0.554693       0.629403       0.286755       0.931985        1.30994       0.143122E-01   0.971758E-02
   0.148030       0.529945       0.604006       0.265426       0.930299        1.32768       0.143438E-01   0.956720E-02
   0.151020       0.507668       0.580385       0.248680       0.929107        1.34067       0.143655E-01   0.946290E-02
   0.154071       0.488091       0.558755       0.236620       0.928529        1.34732       0.143750E-01   0.941440E-02
   0.157184       0.471404       0.539295       0.229412       0.928681        1.34607       0.143703E-01   0.943205E-02
   0.160359       0.457751       0.522137       0.227339       0.929674        1.33564       0.143494E-01   0.952667E-02
   0.163598       0.446655       0.506972       0.229674       0.931411        1.31723       0.143144E-01   0.969100E-02
   0.166903       0.437093       0.493121       0.234634       0.933584        1.29448       0.142715E-01   0.989835E-02
   0.170275       0.428118       0.479960       0.240364       0.935873        1.27092       0.142271E-01   0.101195E-01
   0.173715       0.418859       0.466929       0.244851       0.937959        1.24987       0.141874E-01   0.103227E-01
   0.177224       0.408540       0.453536       0.245998       0.939524        1.23437       0.141584E-01   0.104745E-01
   0.180804       0.396845       0.439555       0.242845       0.940419        1.22563       0.141426E-01   0.105583E-01
   0.184457       0.383879       0.424991       0.235715       0.940666        1.22326       0.141394E-01   0.105764E-01
   0.188183       0.369776       0.409867       0.225151       0.940294        1.22687       0.141479E-01   0.105328E-01
   0.191985       0.354682       0.394220       0.211816       0.939333        1.23616       0.141673E-01   0.104330E-01
   0.195863       0.338768       0.378106       0.196465       0.937822        1.25087       0.141967E-01   0.102836E-01
   0.199820       0.322581       0.361871       0.180529       0.935949        1.26931       0.142324E-01   0.101049E-01
   0.203856       0.306943       0.346085       0.165755       0.934053        1.28825       0.142684E-01   0.992885E-02
   0.207974       0.292542       0.331234       0.153404       0.932473        1.30424       0.142980E-01   0.978620E-02
   0.212176       0.279940       0.317723       0.144362       0.931549        1.31365       0.143149E-01   0.970592E-02
   0.216462       0.269568       0.305866       0.139294       0.931603        1.31299       0.143129E-01   0.971545E-02
   0.220835       0.261176       0.295506       0.137671       0.932598        1.30268       0.142929E-01   0.981107E-02
   0.225296       0.253948       0.286099       0.137959       0.934138        1.28694       0.142626E-01   0.995770E-02
   0.229847       0.247143       0.277152       0.138688       0.935812        1.27008       0.142300E-01   0.101179E-01
   0.234490       0.240098       0.268230       0.138387       0.937207        1.25620       0.142034E-01   0.102521E-01
   0.239227       0.232243       0.258967       0.135666       0.937919        1.24912       0.141901E-01   0.103200E-01
   0.244060       0.223549       0.249327       0.130408       0.937870        1.24948       0.141918E-01   0.103132E-01
   0.248990       0.214437       0.239558       0.123681       0.937303        1.25490       0.142034E-01   0.102559E-01
   0.254020       0.205300       0.229888       0.116502       0.936477        1.26292       0.142200E-01   0.101744E-01
   0.259152       0.196471       0.220512       0.109713       0.935647        1.27105       0.142364E-01   0.100942E-01
   0.264387       0.188225       0.211592       0.103957       0.935063        1.27679       0.142476E-01   0.100396E-01
   0.269728       0.180620       0.203170       0.993240E-01   0.934809        1.27929       0.142520E-01   0.100181E-01
   0.275177       0.173546       0.195195       0.954910E-01   0.934803        1.27932       0.142513E-01   0.100210E-01
   0.280736       0.166897       0.187617       0.921723E-01   0.934958        1.27775       0.142476E-01   0.100391E-01
   0.286407       0.160582       0.180391       0.891230E-01   0.935188        1.27544       0.142426E-01   0.100634E-01
   0.292193       0.154524       0.173478       0.861344E-01   0.935407        1.27326       0.142382E-01   0.100850E-01
   0.298096       0.148674       0.166838       0.831225E-01   0.935575        1.27158       0.142352E-01   0.100999E-01
   0.304118       0.143011       0.160439       0.801088E-01   0.935697        1.27036       0.142333E-01   0.101095E-01
   0.310261       0.137516       0.154250       0.771170E-01   0.935781        1.26951       0.142322E-01   0.101152E-01
   0.316529       0.132174       0.148244       0.741677E-01   0.935835        1.26897       0.142317E-01   0.101184E-01
   0.322923       0.126969       0.142398       0.712788E-01   0.935865        1.26866       0.142312E-01   0.101206E-01
   0.329447       0.121903       0.136709       0.684567E-01   0.935873        1.26856       0.142309E-01   0.101222E-01
   0.336102       0.116986       0.131194       0.656987E-01   0.935859        1.26869       0.142309E-01   0.101225E-01
   0.342892       0.112226       0.125862       0.630023E-01   0.935819        1.26908       0.142312E-01   0.101206E-01
   0.349819       0.107631       0.120726       0.603652E-01   0.935751        1.26973       0.142322E-01   0.101158E-01
   0.356885       0.103206       0.115790       0.577865E-01   0.935652        1.27068       0.142339E-01   0.101074E-01
   0.364095       0.989547E-01   0.111056       0.552833E-01   0.935535        1.27183       0.142362E-01   0.100964E-01
   0.371450       0.948798E-01   0.106518       0.528865E-01   0.935421        1.27293       0.142385E-01   0.100852E-01
   0.378954       0.909819E-01   0.102168       0.506220E-01   0.935334        1.27377       0.142404E-01   0.100762E-01
   0.386609       0.872611E-01   0.980019E-01   0.485108E-01   0.935298        1.27411       0.142413E-01   0.100721E-01
   0.394419       0.837158E-01   0.940120E-01   0.465683E-01   0.935336        1.27372       0.142407E-01   0.100751E-01
   0.402387       0.803331E-01   0.901874E-01   0.447758E-01   0.935441        1.27267       0.142387E-01   0.100851E-01
   0.410516       0.770908E-01   0.865131E-01   0.430869E-01   0.935583        1.27126       0.142359E-01   0.100987E-01
   0.418809       0.739690E-01   0.829756E-01   0.414605E-01   0.935728        1.26981       0.142330E-01   0.101129E-01
   0.427269       0.709503E-01   0.795629E-01   0.398609E-01   0.935845        1.26865       0.142307E-01   0.101245E-01
   0.435901       0.680202E-01   0.762645E-01   0.382590E-01   0.935900        1.26809       0.142295E-01   0.101302E-01
   0.444706       0.651765E-01   0.730774E-01   0.366550E-01   0.935890        1.26818       0.142296E-01   0.101296E-01
   0.453690       0.624268E-01   0.700045E-01   0.350734E-01   0.935834        1.26872       0.142307E-01   0.101246E-01
   0.462855       0.597778E-01   0.670481E-01   0.335357E-01   0.935754        1.26949       0.142322E-01   0.101173E-01
   0.472206       0.572345E-01   0.642095E-01   0.320602E-01   0.935672        1.27029       0.142337E-01   0.101098E-01
   0.481745       0.548005E-01   0.614892E-01   0.306612E-01   0.935609        1.27089       0.142349E-01   0.101040E-01
   0.491477       0.524737E-01   0.588839E-01   0.293399E-01   0.935574        1.27123       0.142356E-01   0.101007E-01
   0.501405       0.502469E-01   0.563873E-01   0.280874E-01   0.935559        1.27136       0.142359E-01   0.100994E-01
   0.511534       0.481138E-01   0.539935E-01   0.268953E-01   0.935559        1.27135       0.142359E-01   0.100995E-01
   0.521868       0.460684E-01   0.516970E-01   0.257561E-01   0.935567        1.27126       0.142357E-01   0.101003E-01
   0.532411       0.441053E-01   0.494926E-01   0.246633E-01   0.935577        1.27116       0.142355E-01   0.101013E-01
   0.543166       0.422205E-01   0.473764E-01   0.236134E-01   0.935585        1.27107       0.142354E-01   0.101021E-01
   0.554139       0.404114E-01   0.453454E-01   0.226049E-01   0.935592        1.27099       0.142352E-01   0.101029E-01
   0.565333       0.386752E-01   0.433964E-01   0.216366E-01   0.935597        1.27092       0.142351E-01   0.101035E-01
   0.576753       0.370094E-01   0.415265E-01   0.207071E-01   0.935602        1.27086       0.142350E-01   0.101041E-01
   0.588404       0.354115E-01   0.397330E-01   0.198152E-01   0.935607        1.27081       0.142349E-01   0.101046E-01
   0.600291       0.338790E-01   0.380130E-01   0.189595E-01   0.935611        1.27076       0.142348E-01   0.101051E-01
   0.612418       0.324095E-01   0.363637E-01   0.181388E-01   0.935615        1.27071       0.142347E-01   0.101056E-01
   0.624789       0.310005E-01   0.347823E-01   0.173516E-01   0.935618        1.27067       0.142346E-01   0.101060E-01
   0.637411       0.296496E-01   0.332664E-01   0.165967E-01   0.935621        1.27064       0.142346E-01   0.101064E-01
   0.650288       0.283548E-01   0.318132E-01   0.158730E-01   0.935623        1.27060       0.142345E-01   0.101067E-01
   0.663424       0.271137E-01   0.304205E-01   0.151791E-01   0.935625        1.27058       0.142345E-01   0.101070E-01
   0.676826       0.259243E-01   0.290858E-01   0.145139E-01   0.935627        1.27055       0.142344E-01   0.101073E-01
   0.690499       0.247846E-01   0.278070E-01   0.138765E-01   0.935628        1.27053       0.142344E-01   0.101075E-01
   0.704448       0.236927E-01   0.265818E-01   0.132656E-01   0.935629        1.27051       0.142344E-01   0.101077E-01
   0.718679       0.226467E-01   0.254081E-01   0.126803E-01   0.935630        1.27050       0.142343E-01   0.101078E-01
   0.733197       0.216447E-01   0.242839E-01   0.121197E-01   0.935630        1.27048       0.142343E-01   0.101080E-01
   0.748009       0.206852E-01   0.232073E-01   0.115827E-01   0.935631        1.27047       0.142343E-01   0.101081E-01
   0.763119       0.197662E-01   0.221762E-01   0.110684E-01   0.935631        1.27046       0.142343E-01   0.101082E-01
   0.778536       0.188864E-01   0.211890E-01   0.105759E-01   0.935631        1.27045       0.142343E-01   0.101083E-01
   0.794263       0.180440E-01   0.202439E-01   0.101044E-01   0.935631        1.27045       0.142342E-01   0.101084E-01
   0.810308       0.172376E-01   0.193391E-01   0.965297E-02   0.935631        1.27044       0.142342E-01   0.101085E-01
   0.826677       0.164657E-01   0.184731E-01   0.922089E-02   0.935632        1.27043       0.142342E-01   0.101086E-01
   0.843378       0.157270E-01   0.176443E-01   0.880737E-02   0.935632        1.27042       0.142342E-01   0.101087E-01
   0.860415       0.150202E-01   0.168513E-01   0.841167E-02   0.935632        1.27041       0.142342E-01   0.101088E-01
   0.877797       0.143439E-01   0.160925E-01   0.803305E-02   0.935632        1.27041       0.142342E-01   0.101089E-01
   0.895529       0.136969E-01   0.153666E-01   0.767083E-02   0.935632        1.27040       0.142342E-01   0.101089E-01
   0.913620       0.130780E-01   0.146722E-01   0.732432E-02   0.935632        1.27039       0.142342E-01   0.101090E-01
   0.932076       0.124860E-01   0.140080E-01   0.699287E-02   0.935632        1.27039       0.142342E-01   0.101091E-01
   0.950906       0.119198E-01   0.133728E-01   0.667585E-02   0.935632        1.27038       0.142342E-01   0.101092E-01
   0.970115       0.113783E-01   0.127652E-01   0.637265E-02   0.935632        1.27038       0.142341E-01   0.101092E-01
   0.989713       0.108604E-01   0.121842E-01   0.608271E-02   0.935632        1.27037       0.142341E-01   0.101093E-01
    1.00971       0.103653E-01   0.116287E-01   0.580548E-02   0.935632        1.27036       0.142341E-01   0.101094E-01
    1.03010       0.989196E-02   0.110977E-01   0.554043E-02   0.935632        1.27036       0.142341E-01   0.101094E-01
    1.05091       0.943947E-02   0.105900E-01   0.528706E-02   0.935632        1.27035       0.142341E-01   0.101095E-01
    1.07214       0.900699E-02   0.101048E-01   0.504488E-02   0.935632        1.27035       0.142341E-01   0.101096E-01
    1.09380       0.859366E-02   0.964106E-02   0.481343E-02   0.935632        1.27034       0.142341E-01   0.101096E-01
    1.11590       0.819866E-02   0.919790E-02   0.459225E-02   0.935632        1.27034       0.142341E-01   0.101097E-01
    1.13844       0.782122E-02   0.877444E-02   0.438089E-02   0.935632        1.27033       0.142341E-01   0.101097E-01
    1.16144       0.746058E-02   0.836984E-02   0.417893E-02   0.935632        1.27032       0.142341E-01   0.101098E-01
    1.18490       0.711602E-02   0.798327E-02   0.398598E-02   0.935632        1.27032       0.142341E-01   0.101099E-01
    1.20884       0.678685E-02   0.761397E-02   0.380164E-02   0.935632        1.27031       0.142340E-01   0.101099E-01
    1.23326       0.647242E-02   0.726121E-02   0.362556E-02   0.935632        1.27031       0.142340E-01   0.101100E-01
    1.25817       0.617209E-02   0.692427E-02   0.345737E-02   0.935632        1.27030       0.142340E-01   0.101101E-01
    1.28359       0.588528E-02   0.660249E-02   0.329674E-02   0.935632        1.27030       0.142340E-01   0.101101E-01
    1.30952       0.561139E-02   0.629521E-02   0.314335E-02   0.935632        1.27029       0.142340E-01   0.101102E-01
    1.33597       0.534986E-02   0.600181E-02   0.299688E-02   0.935632        1.27029       0.142340E-01   0.101102E-01
    1.36296       0.510017E-02   0.572168E-02   0.285703E-02   0.935632        1.27029       0.142340E-01   0.101103E-01
    1.39049       0.486178E-02   0.545424E-02   0.272352E-02   0.935632        1.27028       0.142340E-01   0.101103E-01
    1.41858       0.463422E-02   0.519893E-02   0.259606E-02   0.935632        1.27028       0.142340E-01   0.101104E-01
    1.44724       0.441700E-02   0.495524E-02   0.247440E-02   0.935632        1.27027       0.142340E-01   0.101104E-01
    1.47648       0.420967E-02   0.472263E-02   0.235828E-02   0.935632        1.27027       0.142340E-01   0.101105E-01
    1.50630       0.401179E-02   0.450064E-02   0.224745E-02   0.935632        1.27026       0.142340E-01   0.101105E-01
    1.53673       0.382296E-02   0.428879E-02   0.214168E-02   0.935632        1.27026       0.142340E-01   0.101106E-01
    1.56778       0.364277E-02   0.408664E-02   0.204076E-02   0.935632        1.27025       0.142340E-01   0.101106E-01
    1.59945       0.347084E-02   0.389376E-02   0.194446E-02   0.935632        1.27025       0.142340E-01   0.101107E-01
    1.63176       0.330681E-02   0.370974E-02   0.185258E-02   0.935632        1.27025       0.142340E-01   0.101107E-01
    1.66472       0.315033E-02   0.353418E-02   0.176492E-02   0.935632        1.27024       0.142339E-01   0.101107E-01
    1.69835       0.300106E-02   0.336672E-02   0.168131E-02   0.935632        1.27024       0.142339E-01   0.101108E-01
    1.73266       0.285867E-02   0.320699E-02   0.160155E-02   0.935632        1.27023       0.142339E-01   0.101108E-01
    1.76766       0.272288E-02   0.305464E-02   0.152549E-02   0.935632        1.27023       0.142339E-01   0.101109E-01
    1.80337       0.259337E-02   0.290935E-02   0.145294E-02   0.935632        1.27023       0.142339E-01   0.101109E-01
    1.83980       0.246987E-02   0.277080E-02   0.138376E-02   0.935632        1.27022       0.142339E-01   0.101110E-01
    1.87697       0.235211E-02   0.263869E-02   0.131779E-02   0.935632        1.27022       0.142339E-01   0.101110E-01
    1.91489       0.223982E-02   0.251272E-02   0.125489E-02   0.935632        1.27022       0.142339E-01   0.101110E-01
    1.95357       0.213276E-02   0.239261E-02   0.119492E-02   0.935632        1.27021       0.142339E-01   0.101111E-01
    1.99304       0.203070E-02   0.227811E-02   0.113775E-02   0.935632        1.27021       0.142339E-01   0.101111E-01
    2.03330       0.193341E-02   0.216896E-02   0.108325E-02   0.935632        1.27020       0.142339E-01   0.101112E-01
    2.07437       0.184066E-02   0.206492E-02   0.103129E-02   0.935632        1.27020       0.142339E-01   0.101112E-01
    2.11628       0.175227E-02   0.196575E-02   0.981771E-03   0.935632        1.27020       0.142339E-01   0.101112E-01
    2.15903       0.166802E-02   0.187124E-02   0.934575E-03   0.935632        1.27019       0.142339E-01   0.101113E-01
    2.20265       0.158773E-02   0.178117E-02   0.889596E-03   0.935632        1.27019       0.142339E-01   0.101113E-01
    2.24714       0.151122E-02   0.169533E-02   0.846734E-03   0.935632        1.27019       0.142339E-01   0.101113E-01
    2.29254       0.143832E-02   0.161355E-02   0.805891E-03   0.935632        1.27018       0.142339E-01   0.101114E-01
    2.33885       0.136885E-02   0.153562E-02   0.766975E-03   0.935632        1.27018       0.142339E-01   0.101114E-01
    2.38610       0.130267E-02   0.146137E-02   0.729897E-03   0.935632        1.27018       0.142339E-01   0.101114E-01
    2.43430       0.123962E-02   0.139064E-02   0.694572E-03   0.935632        1.27017       0.142339E-01   0.101115E-01
    2.48348       0.117956E-02   0.132325E-02   0.660921E-03   0.935632        1.27017       0.142339E-01   0.101115E-01
    2.53365       0.112234E-02   0.125907E-02   0.628866E-03   0.935632        1.27017       0.142339E-01   0.101115E-01
    2.58483       0.106784E-02   0.119793E-02   0.598333E-03   0.935632        1.27016       0.142339E-01   0.101116E-01
    2.63705       0.101593E-02   0.113970E-02   0.569252E-03   0.935632        1.27016       0.142339E-01   0.101116E-01
    2.69032       0.966501E-03   0.108424E-02   0.541556E-03   0.935632        1.27016       0.142339E-01   0.101116E-01
    2.74466       0.919424E-03   0.103143E-02   0.515180E-03   0.935632        1.27015       0.142339E-01   0.101117E-01
    2.80011       0.874595E-03   0.981136E-03   0.490063E-03   0.935632        1.27015       0.142339E-01   0.101117E-01
    2.85668       0.831908E-03   0.933249E-03   0.466147E-03   0.935632        1.27015       0.142339E-01   0.101117E-01
    2.91439       0.791264E-03   0.887653E-03   0.443375E-03   0.935632        1.27015       0.142339E-01   0.101117E-01
    2.97326       0.752568E-03   0.844242E-03   0.421694E-03   0.935632        1.27014       0.142339E-01   0.101118E-01
    3.03332       0.715728E-03   0.802914E-03   0.401053E-03   0.935632        1.27014       0.142339E-01   0.101118E-01
    3.09460       0.680657E-03   0.763571E-03   0.381403E-03   0.935632        1.27014       0.142339E-01   0.101118E-01
    3.15712       0.647273E-03   0.726119E-03   0.362698E-03   0.935632        1.27013       0.142339E-01   0.101119E-01
    3.22090       0.615496E-03   0.690471E-03   0.344893E-03   0.935632        1.27013       0.142338E-01   0.101119E-01
    3.28596       0.585251E-03   0.656541E-03   0.327947E-03   0.935631        1.27013       0.142338E-01   0.101119E-01
    3.35234       0.556465E-03   0.624249E-03   0.311818E-03   0.935631        1.27012       0.142338E-01   0.101119E-01
    3.42006       0.529069E-03   0.593516E-03   0.296468E-03   0.935631        1.27012       0.142339E-01   0.101120E-01
    3.48916       0.502998E-03   0.564269E-03   0.281860E-03   0.935631        1.27012       0.142339E-01   0.101120E-01
    3.55964       0.478189E-03   0.536437E-03   0.267959E-03   0.935631        1.27011       0.142339E-01   0.101120E-01
    3.63155       0.454582E-03   0.509954E-03   0.254731E-03   0.935631        1.27011       0.142339E-01   0.101120E-01
    3.70491       0.432120E-03   0.484756E-03   0.242145E-03   0.935631        1.27011       0.142339E-01   0.101121E-01
    3.77976       0.410749E-03   0.460782E-03   0.230170E-03   0.935631        1.27011       0.142339E-01   0.101121E-01
    3.85611       0.390418E-03   0.437974E-03   0.218778E-03   0.935631        1.27010       0.142339E-01   0.101121E-01
    3.93401       0.371076E-03   0.416275E-03   0.207939E-03   0.935631        1.27010       0.142339E-01   0.101121E-01
    4.01348       0.352676E-03   0.395634E-03   0.197629E-03   0.935631        1.27010       0.142339E-01   0.101121E-01
    4.09456       0.335174E-03   0.376000E-03   0.187822E-03   0.935631        1.27009       0.142339E-01   0.101122E-01
    4.17727       0.318526E-03   0.357324E-03   0.178494E-03   0.935631        1.27009       0.142339E-01   0.101122E-01
    4.26166       0.302692E-03   0.339562E-03   0.169621E-03   0.935631        1.27009       0.142339E-01   0.101122E-01
    4.34775       0.287632E-03   0.322667E-03   0.161182E-03   0.935631        1.27008       0.142339E-01   0.101122E-01
    4.43558       0.273310E-03   0.306601E-03   0.153157E-03   0.935631        1.27008       0.142339E-01   0.101122E-01
    4.52519       0.259690E-03   0.291321E-03   0.145524E-03   0.935630        1.27008       0.142339E-01   0.101123E-01
    4.61660       0.246737E-03   0.276791E-03   0.138267E-03   0.935630        1.27008       0.142339E-01   0.101123E-01
    4.70987       0.234421E-03   0.262975E-03   0.131365E-03   0.935630        1.27007       0.142339E-01   0.101123E-01
    4.80501       0.222711E-03   0.249838E-03   0.124803E-03   0.935630        1.27007       0.142339E-01   0.101123E-01
    4.90208       0.211576E-03   0.237347E-03   0.118563E-03   0.935630        1.27007       0.142339E-01   0.101123E-01
    5.00111       0.200990E-03   0.225471E-03   0.112631E-03   0.935630        1.27006       0.142339E-01   0.101123E-01
    5.10214       0.190926E-03   0.214181E-03   0.106991E-03   0.935630        1.27006       0.142339E-01   0.101124E-01
    5.20521       0.181358E-03   0.203448E-03   0.101630E-03   0.935630        1.27006       0.142339E-01   0.101124E-01
    5.31036       0.172263E-03   0.193245E-03   0.965330E-04   0.935630        1.27005       0.142339E-01   0.101124E-01
    5.41763       0.163617E-03   0.183547E-03   0.916882E-04   0.935629        1.27005       0.142340E-01   0.101124E-01
    5.52708       0.155399E-03   0.174328E-03   0.870830E-04   0.935629        1.27005       0.142340E-01   0.101124E-01
    5.63873       0.147589E-03   0.165565E-03   0.827059E-04   0.935629        1.27004       0.142340E-01   0.101124E-01
    5.75264       0.140165E-03   0.157237E-03   0.785457E-04   0.935629        1.27004       0.142340E-01   0.101124E-01
    5.86885       0.133109E-03   0.149322E-03   0.745918E-04   0.935629        1.27004       0.142340E-01   0.101124E-01
    5.98741       0.126404E-03   0.141800E-03   0.708342E-04   0.935629        1.27003       0.142340E-01   0.101125E-01
    6.10836       0.120032E-03   0.134652E-03   0.672633E-04   0.935629        1.27003       0.142340E-01   0.101125E-01
    6.23176       0.113977E-03   0.127860E-03   0.638700E-04   0.935629        1.27003       0.142340E-01   0.101125E-01
    6.35765       0.108223E-03   0.121405E-03   0.606455E-04   0.935628        1.27002       0.142340E-01   0.101125E-01
    6.48609       0.102755E-03   0.115272E-03   0.575816E-04   0.935628        1.27002       0.142341E-01   0.101125E-01
    6.61711       0.975608E-04   0.109444E-03   0.546705E-04   0.935628        1.27002       0.142341E-01   0.101125E-01
    6.75079       0.926252E-04   0.103908E-03   0.519046E-04   0.935628        1.27001       0.142341E-01   0.101125E-01
    6.88716       0.879362E-04   0.986474E-04   0.492768E-04   0.935628        1.27001       0.142341E-01   0.101125E-01
    7.02629       0.834814E-04   0.936501E-04   0.467804E-04   0.935627        1.27000       0.142341E-01   0.101125E-01
    7.16823       0.792495E-04   0.889028E-04   0.444087E-04   0.935627        1.27000       0.142342E-01   0.101125E-01
    7.31304       0.752294E-04   0.843931E-04   0.421558E-04   0.935627        1.27000       0.142342E-01   0.101125E-01
    7.46077       0.714107E-04   0.801093E-04   0.400158E-04   0.935627        1.26999       0.142342E-01   0.101125E-01
    7.61149       0.677835E-04   0.760402E-04   0.379830E-04   0.935626        1.26999       0.142342E-01   0.101125E-01
    7.76525       0.643382E-04   0.721753E-04   0.360522E-04   0.935626        1.26998       0.142342E-01   0.101125E-01
    7.92212       0.610659E-04   0.685045E-04   0.342184E-04   0.935626        1.26998       0.142343E-01   0.101125E-01
    8.08217       0.579580E-04   0.650181E-04   0.324767E-04   0.935626        1.26998       0.142343E-01   0.101125E-01
    8.24543       0.550065E-04   0.617071E-04   0.308226E-04   0.935625        1.26997       0.142343E-01   0.101125E-01
    8.41200       0.522034E-04   0.585626E-04   0.292517E-04   0.935625        1.26997       0.142343E-01   0.101125E-01
    8.58193       0.495415E-04   0.555765E-04   0.277599E-04   0.935625        1.26996       0.142344E-01   0.101125E-01
    8.75530       0.470138E-04   0.527410E-04   0.263433E-04   0.935624        1.26996       0.142344E-01   0.101125E-01
    8.93217       0.446136E-04   0.500484E-04   0.249982E-04   0.935624        1.26995       0.142344E-01   0.101125E-01
    9.11261       0.423345E-04   0.474917E-04   0.237209E-04   0.935624        1.26995       0.142345E-01   0.101125E-01
    9.29670       0.401705E-04   0.450641E-04   0.225082E-04   0.935623        1.26994       0.142345E-01   0.101125E-01
    9.48451       0.381158E-04   0.427593E-04   0.213567E-04   0.935623        1.26994       0.142345E-01   0.101124E-01
    9.67610       0.361651E-04   0.405710E-04   0.202635E-04   0.935623        1.26993       0.142346E-01   0.101124E-01
    9.87158       0.343131E-04   0.384934E-04   0.192256E-04   0.935622        1.26992       0.142346E-01   0.101124E-01
    10.0710       0.325549E-04   0.365211E-04   0.182403E-04   0.935622        1.26992       0.142347E-01   0.101124E-01
    10.2744       0.308859E-04   0.346488E-04   0.173049E-04   0.935621        1.26991       0.142347E-01   0.101124E-01
    10.4820       0.293014E-04   0.328714E-04   0.164169E-04   0.935621        1.26991       0.142347E-01   0.101124E-01
    10.6938       0.277974E-04   0.311841E-04   0.155740E-04   0.935620        1.26990       0.142348E-01   0.101123E-01
    10.9098       0.263697E-04   0.295826E-04   0.147739E-04   0.935620        1.26989       0.142348E-01   0.101123E-01
    11.1302       0.250147E-04   0.280625E-04   0.140145E-04   0.935619        1.26989       0.142349E-01   0.101123E-01
    11.3550       0.237285E-04   0.266196E-04   0.132937E-04   0.935619        1.26988       0.142349E-01   0.101123E-01
    11.5844       0.225077E-04   0.252502E-04   0.126096E-04   0.935618        1.26987       0.142350E-01   0.101123E-01
    11.8184       0.213491E-04   0.239505E-04   0.119603E-04   0.935617        1.26986       0.142350E-01   0.101122E-01
    12.0572       0.202496E-04   0.227170E-04   0.113441E-04   0.935617        1.26986       0.142351E-01   0.101122E-01
    12.3007       0.192061E-04   0.215464E-04   0.107593E-04   0.935616        1.26985       0.142352E-01   0.101122E-01
    12.5492       0.182158E-04   0.204356E-04   0.102043E-04   0.935615        1.26984       0.142352E-01   0.101121E-01
    12.8027       0.172761E-04   0.193814E-04   0.967767E-05   0.935615        1.26983       0.142353E-01   0.101121E-01
    13.0614       0.163844E-04   0.183811E-04   0.917794E-05   0.935614        1.26982       0.142354E-01   0.101120E-01
    13.3252       0.155382E-04   0.174319E-04   0.870375E-05   0.935613        1.26981       0.142354E-01   0.101120E-01
    13.5944       0.147353E-04   0.165312E-04   0.825381E-05   0.935612        1.26980       0.142355E-01   0.101120E-01
    13.8691       0.139735E-04   0.156766E-04   0.782690E-05   0.935612        1.26979       0.142356E-01   0.101119E-01
    14.1492       0.132508E-04   0.148658E-04   0.742184E-05   0.935611        1.26978       0.142357E-01   0.101119E-01
    14.4351       0.125650E-04   0.140965E-04   0.703754E-05   0.935610        1.26977       0.142358E-01   0.101118E-01
    14.7267       0.119144E-04   0.133667E-04   0.667295E-05   0.935609        1.26976       0.142359E-01   0.101118E-01
    15.0242       0.112972E-04   0.126743E-04   0.632705E-05   0.935608        1.26975       0.142360E-01   0.101117E-01
    15.3277       0.107116E-04   0.120174E-04   0.599891E-05   0.935607        1.26974       0.142361E-01   0.101116E-01
    15.6373       0.101561E-04   0.113942E-04   0.568762E-05   0.935606        1.26973       0.142362E-01   0.101116E-01
    15.9532       0.962917E-05   0.108031E-04   0.539233E-05   0.935605        1.26971       0.142363E-01   0.101115E-01
    16.2755       0.912932E-05   0.102424E-04   0.511222E-05   0.935604        1.26970       0.142364E-01   0.101114E-01
    16.6043       0.865518E-05   0.971047E-05   0.484652E-05   0.935602        1.26969       0.142365E-01   0.101114E-01
    16.9397       0.820544E-05   0.920595E-05   0.459450E-05   0.935601        1.26967       0.142366E-01   0.101113E-01
    17.2819       0.777886E-05   0.872741E-05   0.435546E-05   0.935600        1.26966       0.142367E-01   0.101112E-01
    17.6310       0.737426E-05   0.827353E-05   0.412873E-05   0.935598        1.26964       0.142369E-01   0.101111E-01
    17.9872       0.699052E-05   0.784305E-05   0.391370E-05   0.935597        1.26963       0.142370E-01   0.101110E-01
    18.3505       0.662657E-05   0.743477E-05   0.370977E-05   0.935596        1.26961       0.142371E-01   0.101109E-01
    18.7212       0.628141E-05   0.704756E-05   0.351636E-05   0.935594        1.26960       0.142373E-01   0.101108E-01
    19.0994       0.595408E-05   0.668035E-05   0.333293E-05   0.935593        1.26958       0.142374E-01   0.101107E-01
    19.4853       0.564365E-05   0.633211E-05   0.315899E-05   0.935591        1.26956       0.142376E-01   0.101106E-01
    19.8789       0.534927E-05   0.600187E-05   0.299405E-05   0.935589        1.26954       0.142378E-01   0.101105E-01
    20.2805       0.507012E-05   0.568871E-05   0.283763E-05   0.935587        1.26952       0.142379E-01   0.101104E-01
    20.6902       0.480541E-05   0.539175E-05   0.268931E-05   0.935586        1.26950       0.142381E-01   0.101103E-01
    21.1081       0.455441E-05   0.511017E-05   0.254868E-05   0.935584        1.26948       0.142383E-01   0.101101E-01
    21.5346       0.431641E-05   0.484318E-05   0.241533E-05   0.935582        1.26946       0.142385E-01   0.101100E-01
    21.9696       0.409074E-05   0.459002E-05   0.228889E-05   0.935580        1.26944       0.142387E-01   0.101099E-01
    22.4134       0.387678E-05   0.434998E-05   0.216901E-05   0.935577        1.26941       0.142389E-01   0.101097E-01
    22.8662       0.367391E-05   0.412240E-05   0.205535E-05   0.935575        1.26939       0.142392E-01   0.101095E-01
    23.3281       0.348158E-05   0.390663E-05   0.194759E-05   0.935573        1.26936       0.142394E-01   0.101094E-01
    23.7994       0.329923E-05   0.370207E-05   0.184544E-05   0.935570        1.26934       0.142396E-01   0.101092E-01
    24.2802       0.312636E-05   0.350813E-05   0.174859E-05   0.935568        1.26931       0.142399E-01   0.101090E-01
    24.7707       0.296247E-05   0.332428E-05   0.165677E-05   0.935565        1.26928       0.142401E-01   0.101089E-01
    25.2710       0.280711E-05   0.314998E-05   0.156974E-05   0.935562        1.26925       0.142404E-01   0.101087E-01
    25.7816       0.265983E-05   0.298476E-05   0.148724E-05   0.935559        1.26922       0.142407E-01   0.101085E-01
    26.3024       0.252022E-05   0.282813E-05   0.140903E-05   0.935556        1.26919       0.142410E-01   0.101083E-01
    26.8337       0.238788E-05   0.267966E-05   0.133490E-05   0.935553        1.26916       0.142413E-01   0.101080E-01
    27.3758       0.226244E-05   0.253893E-05   0.126463E-05   0.935550        1.26912       0.142416E-01   0.101078E-01
    27.9288       0.214353E-05   0.240554E-05   0.119802E-05   0.935547        1.26909       0.142419E-01   0.101076E-01
    28.4930       0.203083E-05   0.227910E-05   0.113490E-05   0.935543        1.26905       0.142423E-01   0.101073E-01
    29.0686       0.192400E-05   0.215925E-05   0.107507E-05   0.935539        1.26901       0.142426E-01   0.101071E-01
    29.6558       0.182276E-05   0.204567E-05   0.101836E-05   0.935536        1.26897       0.142430E-01   0.101068E-01
    30.2549       0.172680E-05   0.193801E-05   0.964617E-06   0.935532        1.26893       0.142434E-01   0.101065E-01
    30.8661       0.163586E-05   0.183598E-05   0.913685E-06   0.935528        1.26889       0.142438E-01   0.101062E-01
    31.4897       0.154967E-05   0.173928E-05   0.865416E-06   0.935523        1.26884       0.142442E-01   0.101059E-01
    32.1258       0.146798E-05   0.164764E-05   0.819674E-06   0.935519        1.26880       0.142447E-01   0.101056E-01
    32.7748       0.139058E-05   0.156080E-05   0.776327E-06   0.935514        1.26875       0.142451E-01   0.101052E-01
    33.4369       0.131722E-05   0.147850E-05   0.735251E-06   0.935509        1.26870       0.142456E-01   0.101049E-01
    34.1123       0.124770E-05   0.140051E-05   0.696328E-06   0.935504        1.26864       0.142461E-01   0.101045E-01
    34.8014       0.118183E-05   0.132660E-05   0.659446E-06   0.935499        1.26859       0.142466E-01   0.101042E-01
    35.5045       0.111941E-05   0.125657E-05   0.624498E-06   0.935494        1.26853       0.142471E-01   0.101038E-01
    36.2217       0.106026E-05   0.119021E-05   0.591385E-06   0.935488        1.26847       0.142477E-01   0.101033E-01
    36.9535       0.100422E-05   0.112733E-05   0.560010E-06   0.935482        1.26841       0.142483E-01   0.101029E-01
    37.7000       0.951117E-06   0.106775E-05   0.530284E-06   0.935476        1.26835       0.142489E-01   0.101025E-01
    38.4616       0.900802E-06   0.101130E-05   0.502120E-06   0.935470        1.26828       0.142495E-01   0.101020E-01
    39.2386       0.853130E-06   0.957808E-06   0.475437E-06   0.935463        1.26821       0.142502E-01   0.101015E-01
    40.0312       0.807964E-06   0.907130E-06   0.450158E-06   0.935456        1.26814       0.142508E-01   0.101010E-01
    40.8399       0.765171E-06   0.859116E-06   0.426209E-06   0.935449        1.26806       0.142516E-01   0.101005E-01
    41.6649       0.724629E-06   0.813627E-06   0.403522E-06   0.935441        1.26799       0.142523E-01   0.100999E-01
    42.5066       0.686220E-06   0.770531E-06   0.382029E-06   0.935433        1.26790       0.142531E-01   0.100994E-01
    43.3653       0.649833E-06   0.729703E-06   0.361670E-06   0.935425        1.26782       0.142539E-01   0.100988E-01
    44.2413       0.615362E-06   0.691024E-06   0.342384E-06   0.935417        1.26773       0.142547E-01   0.100982E-01
    45.1350       0.582707E-06   0.654383E-06   0.324115E-06   0.935408        1.26764       0.142556E-01   0.100975E-01
    46.0469       0.551772E-06   0.619672E-06   0.306811E-06   0.935399        1.26755       0.142565E-01   0.100968E-01
    46.9770       0.522469E-06   0.586790E-06   0.290420E-06   0.935389        1.26745       0.142574E-01   0.100961E-01
    47.9261       0.494711E-06   0.555642E-06   0.274895E-06   0.935379        1.26734       0.142584E-01   0.100954E-01
    48.8942       0.468418E-06   0.526138E-06   0.260191E-06   0.935369        1.26724       0.142594E-01   0.100946E-01
    49.8820       0.443512E-06   0.498190E-06   0.246265E-06   0.935358        1.26713       0.142604E-01   0.100938E-01
    50.8896       0.419922E-06   0.471718E-06   0.233075E-06   0.935347        1.26701       0.142615E-01   0.100930E-01
    51.9177       0.397577E-06   0.446643E-06   0.220583E-06   0.935335        1.26689       0.142627E-01   0.100922E-01
    52.9665       0.376414E-06   0.422894E-06   0.208753E-06   0.935323        1.26677       0.142639E-01   0.100913E-01
    54.0365       0.356369E-06   0.400399E-06   0.197550E-06   0.935311        1.26664       0.142651E-01   0.100903E-01
    55.1281       0.337385E-06   0.379094E-06   0.186940E-06   0.935298        1.26650       0.142664E-01   0.100893E-01
    56.2417       0.319405E-06   0.358916E-06   0.176893E-06   0.935284        1.26636       0.142678E-01   0.100883E-01
    57.3779       0.302376E-06   0.339805E-06   0.167379E-06   0.935270        1.26621       0.142691E-01   0.100873E-01
    58.5370       0.286250E-06   0.321706E-06   0.158370E-06   0.935255        1.26606       0.142706E-01   0.100862E-01
    59.7195       0.270977E-06   0.304565E-06   0.149840E-06   0.935240        1.26590       0.142721E-01   0.100850E-01
    60.9260       0.256514E-06   0.288332E-06   0.141763E-06   0.935224        1.26573       0.142737E-01   0.100838E-01
    62.1568       0.242817E-06   0.272959E-06   0.134115E-06   0.935207        1.26556       0.142753E-01   0.100826E-01
    63.4124       0.229846E-06   0.258401E-06   0.126874E-06   0.935190        1.26538       0.142770E-01   0.100813E-01
    64.6934       0.217564E-06   0.244614E-06   0.120018E-06   0.935172        1.26520       0.142788E-01   0.100799E-01
    66.0003       0.205933E-06   0.231560E-06   0.113527E-06   0.935153        1.26500       0.142806E-01   0.100785E-01
    67.3336       0.194920E-06   0.219197E-06   0.107382E-06   0.935133        1.26480       0.142826E-01   0.100771E-01
    68.6938       0.184492E-06   0.207491E-06   0.101565E-06   0.935113        1.26459       0.142845E-01   0.100755E-01
    70.0816       0.174618E-06   0.196407E-06   0.960577E-07   0.935092        1.26437       0.142866E-01   0.100739E-01
    71.4973       0.165268E-06   0.185911E-06   0.908443E-07   0.935070        1.26415       0.142888E-01   0.100723E-01
    72.9416       0.156416E-06   0.175973E-06   0.859092E-07   0.935047        1.26391       0.142910E-01   0.100706E-01
    74.4151       0.148034E-06   0.166563E-06   0.812376E-07   0.935023        1.26367       0.142934E-01   0.100688E-01
    75.9184       0.140098E-06   0.157654E-06   0.768157E-07   0.934999        1.26341       0.142958E-01   0.100669E-01
    77.4521       0.132585E-06   0.149218E-06   0.726302E-07   0.934973        1.26314       0.142983E-01   0.100649E-01
    79.0167       0.125472E-06   0.141232E-06   0.686686E-07   0.934946        1.26287       0.143010E-01   0.100629E-01
    80.6129       0.118737E-06   0.133670E-06   0.649191E-07   0.934918        1.26258       0.143037E-01   0.100608E-01
    82.2415       0.112362E-06   0.126511E-06   0.613704E-07   0.934889        1.26228       0.143065E-01   0.100586E-01
    83.9028       0.106326E-06   0.119733E-06   0.580119E-07   0.934859        1.26197       0.143095E-01   0.100563E-01
    85.5978       0.100612E-06   0.113317E-06   0.548335E-07   0.934828        1.26164       0.143126E-01   0.100539E-01
    87.3269       0.952028E-07   0.107242E-06   0.518256E-07   0.934795        1.26131       0.143158E-01   0.100514E-01
    89.0911       0.900822E-07   0.101491E-06   0.489793E-07   0.934761        1.26095       0.143191E-01   0.100487E-01
    90.8908       0.852350E-07   0.960469E-07   0.462858E-07   0.934726        1.26059       0.143226E-01   0.100460E-01
    92.7270       0.806466E-07   0.908932E-07   0.437371E-07   0.934689        1.26021       0.143262E-01   0.100432E-01
    94.6001       0.763033E-07   0.860145E-07   0.413256E-07   0.934651        1.25981       0.143299E-01   0.100403E-01
    96.5112       0.721921E-07   0.813962E-07   0.390438E-07   0.934611        1.25940       0.143338E-01   0.100372E-01
    98.4608       0.683006E-07   0.770246E-07   0.368850E-07   0.934570        1.25897       0.143379E-01   0.100340E-01
    100.450       0.646172E-07   0.728865E-07   0.348425E-07   0.934527        1.25853       0.143421E-01   0.100306E-01
    102.479       0.611309E-07   0.689694E-07   0.329102E-07   0.934482        1.25807       0.143465E-01   0.100271E-01
    104.549       0.578312E-07   0.652618E-07   0.310823E-07   0.934436        1.25758       0.143510E-01   0.100235E-01
    106.661       0.547081E-07   0.617523E-07   0.293530E-07   0.934387        1.25708       0.143557E-01   0.100197E-01
    108.816       0.517522E-07   0.584306E-07   0.277173E-07   0.934337        1.25656       0.143607E-01   0.100158E-01
    111.014       0.489547E-07   0.552866E-07   0.261701E-07   0.934285        1.25602       0.143658E-01   0.100117E-01
    113.257       0.463071E-07   0.523108E-07   0.247067E-07   0.934230        1.25545       0.143711E-01   0.100074E-01
    115.545       0.438015E-07   0.494944E-07   0.233225E-07   0.934174        1.25487       0.143766E-01   0.100029E-01
    117.879       0.414303E-07   0.468287E-07   0.220135E-07   0.934115        1.25426       0.143824E-01   0.999824E-02
    120.260       0.391862E-07   0.443058E-07   0.207755E-07   0.934054        1.25362       0.143884E-01   0.999337E-02
    122.690       0.370626E-07   0.419181E-07   0.196048E-07   0.933990        1.25296       0.143946E-01   0.998830E-02
    125.168       0.350531E-07   0.396584E-07   0.184978E-07   0.933924        1.25227       0.144010E-01   0.998300E-02
    127.697       0.331514E-07   0.375199E-07   0.174511E-07   0.933856        1.25156       0.144077E-01   0.997748E-02
    130.277       0.313520E-07   0.354960E-07   0.164614E-07   0.933784        1.25082       0.144147E-01   0.997172E-02
    132.908       0.296493E-07   0.335807E-07   0.155257E-07   0.933710        1.25004       0.144220E-01   0.996572E-02
    135.593       0.280381E-07   0.317681E-07   0.146411E-07   0.933633        1.24924       0.144295E-01   0.995945E-02
    138.332       0.265136E-07   0.300529E-07   0.138048E-07   0.933553        1.24840       0.144373E-01   0.995291E-02
    141.127       0.250712E-07   0.284298E-07   0.130144E-07   0.933469        1.24753       0.144454E-01   0.994608E-02
    143.978       0.237064E-07   0.268938E-07   0.122672E-07   0.933383        1.24663       0.144539E-01   0.993896E-02
    146.886       0.224151E-07   0.254404E-07   0.115611E-07   0.933293        1.24569       0.144626E-01   0.993153E-02
    149.854       0.211934E-07   0.240651E-07   0.108938E-07   0.933199        1.24471       0.144717E-01   0.992378E-02
    152.881       0.200376E-07   0.227637E-07   0.102631E-07   0.933102        1.24369       0.144812E-01   0.991568E-02
    155.969       0.189441E-07   0.215323E-07   0.966722E-08   0.933001        1.24264       0.144910E-01   0.990723E-02
    159.120       0.179096E-07   0.203671E-07   0.910420E-08   0.932896        1.24154       0.145012E-01   0.989840E-02
    162.334       0.169309E-07   0.192646E-07   0.857228E-08   0.932787        1.24040       0.145118E-01   0.988919E-02
    165.614       0.160050E-07   0.182215E-07   0.806979E-08   0.932674        1.23921       0.145228E-01   0.987958E-02
    168.960       0.151292E-07   0.172345E-07   0.759514E-08   0.932557        1.23797       0.145342E-01   0.986953E-02
    172.373       0.143007E-07   0.163007E-07   0.714685E-08   0.932434        1.23669       0.145460E-01   0.985904E-02
    175.855       0.135170E-07   0.154172E-07   0.672348E-08   0.932308        1.23535       0.145583E-01   0.984808E-02
    179.407       0.127757E-07   0.145813E-07   0.632370E-08   0.932176        1.23397       0.145710E-01   0.983664E-02
    183.032       0.120746E-07   0.137904E-07   0.594623E-08   0.932039        1.23253       0.145842E-01   0.982469E-02
    186.729       0.114113E-07   0.130422E-07   0.558987E-08   0.931897        1.23103       0.145979E-01   0.981220E-02
    190.501       0.107841E-07   0.123343E-07   0.525347E-08   0.931750        1.22947       0.146122E-01   0.979915E-02
    194.350       0.101908E-07   0.116646E-07   0.493597E-08   0.931597        1.22786       0.146269E-01   0.978551E-02
    198.276       0.962965E-08   0.110311E-07   0.463633E-08   0.931438        1.22618       0.146422E-01   0.977126E-02
    202.281       0.909897E-08   0.104318E-07   0.435360E-08   0.931274        1.22443       0.146580E-01   0.975637E-02
    206.368       0.859710E-08   0.986479E-08   0.408685E-08   0.931103        1.22262       0.146745E-01   0.974080E-02
    210.536       0.812248E-08   0.932844E-08   0.383522E-08   0.930925        1.22073       0.146915E-01   0.972453E-02
    214.790       0.767366E-08   0.882107E-08   0.359789E-08   0.930742        1.21878       0.147091E-01   0.970752E-02
    219.129       0.724924E-08   0.834112E-08   0.337409E-08   0.930551        1.21675       0.147274E-01   0.968974E-02
    223.555       0.684791E-08   0.788711E-08   0.316308E-08   0.930353        1.21464       0.147463E-01   0.967114E-02
    228.071       0.646843E-08   0.745766E-08   0.296417E-08   0.930148        1.21245       0.147659E-01   0.965170E-02
    232.679       0.610962E-08   0.705143E-08   0.277670E-08   0.929935        1.21017       0.147862E-01   0.963136E-02
    237.379       0.577036E-08   0.666719E-08   0.260004E-08   0.929715        1.20781       0.148072E-01   0.961009E-02
    242.175       0.544960E-08   0.630375E-08   0.243361E-08   0.929486        1.20536       0.148289E-01   0.958785E-02
    247.067       0.514636E-08   0.595998E-08   0.227686E-08   0.929249        1.20282       0.148514E-01   0.956458E-02
    252.058       0.485967E-08   0.563484E-08   0.212924E-08   0.929004        1.20019       0.148746E-01   0.954024E-02
    257.150       0.458865E-08   0.532730E-08   0.199027E-08   0.928750        1.19745       0.148986E-01   0.951478E-02
    262.345       0.433245E-08   0.503644E-08   0.185948E-08   0.928487        1.19461       0.149235E-01   0.948815E-02
    267.644       0.409027E-08   0.476134E-08   0.173640E-08   0.928214        1.19167       0.149491E-01   0.946029E-02
    273.051       0.386136E-08   0.450117E-08   0.162063E-08   0.927932        1.18862       0.149757E-01   0.943114E-02
    278.567       0.364499E-08   0.425510E-08   0.151176E-08   0.927641        1.18546       0.150030E-01   0.940064E-02
    284.195       0.344050E-08   0.402239E-08   0.140941E-08   0.927339        1.18219       0.150313E-01   0.936873E-02
    289.936       0.324723E-08   0.380231E-08   0.131322E-08   0.927026        1.17879       0.150604E-01   0.933535E-02
    295.793       0.306458E-08   0.359418E-08   0.122286E-08   0.926703        1.17528       0.150905E-01   0.930043E-02
    301.768       0.289198E-08   0.339736E-08   0.113800E-08   0.926369        1.17164       0.151215E-01   0.926389E-02
    307.864       0.272888E-08   0.321123E-08   0.105834E-08   0.926024        1.16787       0.151535E-01   0.922567E-02
    314.084       0.257477E-08   0.303522E-08   0.983585E-09   0.925667        1.16397       0.151864E-01   0.918569E-02
    320.428       0.242916E-08   0.286878E-08   0.913469E-09   0.925299        1.15994       0.152203E-01   0.914387E-02
    326.902       0.229160E-08   0.271140E-08   0.847734E-09   0.924918        1.15577       0.152552E-01   0.910015E-02
    333.505       0.216163E-08   0.256257E-08   0.786133E-09   0.924525        1.15146       0.152911E-01   0.905443E-02
    340.243       0.203886E-08   0.242185E-08   0.728435E-09   0.924120        1.14701       0.153280E-01   0.900662E-02
    347.116       0.192289E-08   0.228879E-08   0.674421E-09   0.923702        1.14241       0.153659E-01   0.895664E-02
    354.128       0.181335E-08   0.216298E-08   0.623885E-09   0.923270        1.13767       0.154048E-01   0.890442E-02
    361.282       0.170990E-08   0.204403E-08   0.576630E-09   0.922826        1.13278       0.154448E-01   0.884985E-02
    368.581       0.161220E-08   0.193156E-08   0.532470E-09   0.922368        1.12773       0.154858E-01   0.879286E-02
    376.026       0.151994E-08   0.182523E-08   0.491228E-09   0.921896        1.12253       0.155279E-01   0.873333E-02
    383.623       0.143282E-08   0.172470E-08   0.452739E-09   0.921410        1.11718       0.155709E-01   0.867119E-02
    391.372       0.135057E-08   0.162965E-08   0.416843E-09   0.920910        1.11168       0.156150E-01   0.860636E-02
    399.279       0.127291E-08   0.153980E-08   0.383392E-09   0.920396        1.10602       0.156601E-01   0.853874E-02
    407.344       0.119961E-08   0.145485E-08   0.352243E-09   0.919868        1.10021       0.157063E-01   0.846824E-02
    415.573       0.113041E-08   0.137455E-08   0.323261E-09   0.919325        1.09426       0.157534E-01   0.839476E-02
    423.968       0.106511E-08   0.129864E-08   0.296319E-09   0.918767        1.08816       0.158014E-01   0.831823E-02
    432.533       0.100347E-08   0.122688E-08   0.271295E-09   0.918195        1.08191       0.158505E-01   0.823857E-02
    441.271       0.945318E-09   0.115904E-08   0.248077E-09   0.917607        1.07553       0.159004E-01   0.815570E-02
    450.185       0.890445E-09   0.109493E-08   0.226555E-09   0.917006        1.06902       0.159512E-01   0.806957E-02
    459.279       0.838676E-09   0.103432E-08   0.206627E-09   0.916389        1.06239       0.160030E-01   0.798011E-02
    468.558       0.789842E-09   0.977041E-09   0.188196E-09   0.915758        1.05565       0.160555E-01   0.788729E-02
    478.023       0.743781E-09   0.922900E-09   0.171169E-09   0.915112        1.04879       0.161088E-01   0.779107E-02
    487.680       0.700341E-09   0.871729E-09   0.155457E-09   0.914452        1.04185       0.161629E-01   0.769141E-02
    497.532       0.659378E-09   0.823368E-09   0.140977E-09   0.913778        1.03485       0.162177E-01   0.758826E-02
    507.582       0.620756E-09   0.777664E-09   0.127649E-09   0.913090        1.02782       0.162731E-01   0.748160E-02
    517.837       0.584346E-09   0.734471E-09   0.115396E-09   0.912389        1.02078       0.163291E-01   0.737140E-02
    528.297       0.550025E-09   0.693653E-09   0.104148E-09   0.911674        1.01377       0.163856E-01   0.725766E-02
    538.970       0.517679E-09   0.655081E-09   0.938398E-10   0.910946        1.00681       0.164426E-01   0.714049E-02
    549.857       0.487197E-09   0.618633E-09   0.844104E-10   0.910206       0.999920       0.165000E-01   0.702006E-02
    560.966       0.458477E-09   0.584194E-09   0.758011E-10   0.909455       0.993119       0.165577E-01   0.689654E-02
    572.298       0.431421E-09   0.551654E-09   0.679556E-10   0.908692       0.986427       0.166158E-01   0.677014E-02
    583.859       0.405935E-09   0.520910E-09   0.608193E-10   0.907919       0.979867       0.166741E-01   0.664104E-02
    595.653       0.381932E-09   0.491863E-09   0.543372E-10   0.907136       0.973538       0.167326E-01   0.650927E-02
    607.687       0.359330E-09   0.464421E-09   0.484552E-10   0.906344       0.967610       0.167911E-01   0.637473E-02
    619.962       0.338052E-09   0.438495E-09   0.431239E-10   0.905544       0.962255       0.168496E-01   0.623735E-02
    632.487       0.318021E-09   0.414001E-09   0.382980E-10   0.904737       0.957641       0.169079E-01   0.609709E-02
    645.264       0.299169E-09   0.390861E-09   0.339365E-10   0.903925       0.953925       0.169660E-01   0.595396E-02
    658.299       0.281429E-09   0.369001E-09   0.300100E-10   0.903108       0.951088       0.170238E-01   0.580877E-02
    671.597       0.264735E-09   0.348355E-09   0.264951E-10   0.902287       0.948936       0.170814E-01   0.566299E-02
    685.165       0.249029E-09   0.328858E-09   0.233650E-10   0.901464       0.947271       0.171390E-01   0.551798E-02
    699.006       0.234253E-09   0.310449E-09   0.205906E-10   0.900640       0.945898       0.171966E-01   0.537501E-02
