 0.4957932E-03 at R=8Mpc/h  0.1995316E-05 at Rsmooth=   130.    
 #   k/h   P(k)
   0.100000E-03   0.430796E+00
   0.102020E-03   0.439145E+00
   0.104081E-03   0.447657E+00
   0.106184E-03   0.456333E+00
   0.108329E-03   0.465177E+00
   0.110517E-03   0.474192E+00
   0.112750E-03   0.483382E+00
   0.115027E-03   0.492751E+00
   0.117351E-03   0.502300E+00
   0.119722E-03   0.512035E+00
   0.122140E-03   0.521958E+00
   0.124608E-03   0.532073E+00
   0.127125E-03   0.542384E+00
   0.129693E-03   0.552895E+00
   0.132313E-03   0.563609E+00
   0.134986E-03   0.574531E+00
   0.137713E-03   0.585665E+00
   0.140495E-03   0.597014E+00
   0.143333E-03   0.608582E+00
   0.146228E-03   0.620375E+00
   0.149182E-03   0.632396E+00
   0.152196E-03   0.644650E+00
   0.155271E-03   0.657140E+00
   0.158407E-03   0.669873E+00
   0.161607E-03   0.682852E+00
   0.164872E-03   0.696082E+00
   0.168203E-03   0.709568E+00
   0.171601E-03   0.723316E+00
   0.175067E-03   0.737329E+00
   0.178604E-03   0.751613E+00
   0.182212E-03   0.766174E+00
   0.185893E-03   0.781016E+00
   0.189648E-03   0.796146E+00
   0.193479E-03   0.811568E+00
   0.197388E-03   0.827288E+00
   0.201375E-03   0.843313E+00
   0.205443E-03   0.859647E+00
   0.209594E-03   0.876297E+00
   0.213828E-03   0.893269E+00
   0.218147E-03   0.910569E+00
   0.222554E-03   0.928203E+00
   0.227050E-03   0.946178E+00
   0.231637E-03   0.964501E+00
   0.236316E-03   0.983177E+00
   0.241090E-03   0.100221E+01
   0.245960E-03   0.102162E+01
   0.250929E-03   0.104140E+01
   0.255998E-03   0.106156E+01
   0.261170E-03   0.108211E+01
   0.266446E-03   0.110306E+01
   0.271828E-03   0.112441E+01
   0.277319E-03   0.114617E+01
   0.282922E-03   0.116836E+01
   0.288637E-03   0.119097E+01
   0.294468E-03   0.121402E+01
   0.300417E-03   0.123751E+01
   0.306485E-03   0.126145E+01
   0.312677E-03   0.128586E+01
   0.318993E-03   0.131074E+01
   0.325437E-03   0.133609E+01
   0.332012E-03   0.136194E+01
   0.338719E-03   0.138828E+01
   0.345561E-03   0.141513E+01
   0.352542E-03   0.144249E+01
   0.359664E-03   0.147038E+01
   0.366930E-03   0.149881E+01
   0.374342E-03   0.152778E+01
   0.381904E-03   0.155731E+01
   0.389619E-03   0.158741E+01
   0.397490E-03   0.161809E+01
   0.405520E-03   0.164935E+01
   0.413712E-03   0.168122E+01
   0.422070E-03   0.171369E+01
   0.430596E-03   0.174679E+01
   0.439295E-03   0.178052E+01
   0.448169E-03   0.181490E+01
   0.457222E-03   0.184994E+01
   0.466459E-03   0.188564E+01
   0.475882E-03   0.192203E+01
   0.485496E-03   0.195912E+01
   0.495303E-03   0.199691E+01
   0.505309E-03   0.203542E+01
   0.515517E-03   0.207467E+01
   0.525931E-03   0.211467E+01
   0.536556E-03   0.215543E+01
   0.547395E-03   0.219696E+01
   0.558453E-03   0.223929E+01
   0.569734E-03   0.228242E+01
   0.581244E-03   0.232637E+01
   0.592986E-03   0.237115E+01
   0.604965E-03   0.241678E+01
   0.617186E-03   0.246328E+01
   0.629654E-03   0.251066E+01
   0.642374E-03   0.255893E+01
   0.655350E-03   0.260811E+01
   0.668589E-03   0.265823E+01
   0.682096E-03   0.270928E+01
   0.695875E-03   0.276130E+01
   0.709933E-03   0.281430E+01
   0.724274E-03   0.286829E+01
   0.738906E-03   0.292329E+01
   0.753832E-03   0.297932E+01
   0.769061E-03   0.303640E+01
   0.784597E-03   0.309455E+01
   0.800447E-03   0.315378E+01
   0.816617E-03   0.321412E+01
   0.833114E-03   0.327557E+01
   0.849944E-03   0.333817E+01
   0.867114E-03   0.340193E+01
   0.884631E-03   0.346686E+01
   0.902501E-03   0.353299E+01
   0.920733E-03   0.360034E+01
   0.939333E-03   0.366893E+01
   0.958309E-03   0.373878E+01
   0.977668E-03   0.380990E+01
   0.997418E-03   0.388232E+01
   0.101757E-02   0.395606E+01
   0.103812E-02   0.403114E+01
   0.105910E-02   0.410757E+01
   0.108049E-02   0.418539E+01
   0.110232E-02   0.426461E+01
   0.112459E-02   0.434525E+01
   0.114730E-02   0.442734E+01
   0.117048E-02   0.451089E+01
   0.119413E-02   0.459592E+01
   0.121825E-02   0.468246E+01
   0.124286E-02   0.477053E+01
   0.126797E-02   0.486015E+01
   0.129358E-02   0.495133E+01
   0.131971E-02   0.504411E+01
   0.134637E-02   0.513849E+01
   0.137357E-02   0.523451E+01
   0.140132E-02   0.533218E+01
   0.142963E-02   0.543152E+01
   0.145851E-02   0.553256E+01
   0.148797E-02   0.563530E+01
   0.151803E-02   0.573978E+01
   0.154870E-02   0.584600E+01
   0.157998E-02   0.595400E+01
   0.161190E-02   0.606378E+01
   0.164446E-02   0.617537E+01
   0.167768E-02   0.628877E+01
   0.171158E-02   0.640402E+01
   0.174615E-02   0.652112E+01
   0.178143E-02   0.664010E+01
   0.181741E-02   0.676095E+01
   0.185413E-02   0.688371E+01
   0.189158E-02   0.700838E+01
   0.192980E-02   0.713498E+01
   0.196878E-02   0.726351E+01
   0.200855E-02   0.739398E+01
   0.204913E-02   0.752642E+01
   0.209052E-02   0.766082E+01
   0.213276E-02   0.779719E+01
   0.217584E-02   0.793554E+01
   0.221979E-02   0.807587E+01
   0.226464E-02   0.821818E+01
   0.231039E-02   0.836249E+01
   0.235706E-02   0.850878E+01
   0.240467E-02   0.865706E+01
   0.245325E-02   0.880733E+01
   0.250281E-02   0.895958E+01
   0.255337E-02   0.911380E+01
   0.260495E-02   0.926999E+01
   0.265758E-02   0.942814E+01
   0.271126E-02   0.958824E+01
   0.276603E-02   0.975027E+01
   0.282191E-02   0.991422E+01
   0.287892E-02   0.100801E+02
   0.293708E-02   0.102478E+02
   0.299641E-02   0.104174E+02
   0.305694E-02   0.105888E+02
   0.311870E-02   0.107621E+02
   0.318170E-02   0.109371E+02
   0.324597E-02   0.111139E+02
   0.331155E-02   0.112924E+02
   0.337844E-02   0.114726E+02
   0.344669E-02   0.116545E+02
   0.351632E-02   0.118379E+02
   0.358735E-02   0.120230E+02
   0.365982E-02   0.122095E+02
   0.373376E-02   0.123976E+02
   0.380918E-02   0.125871E+02
   0.388613E-02   0.127780E+02
   0.396464E-02   0.129702E+02
   0.404473E-02   0.131637E+02
   0.412644E-02   0.133585E+02
   0.420980E-02   0.135544E+02
   0.429484E-02   0.137514E+02
   0.438160E-02   0.139495E+02
   0.447012E-02   0.141485E+02
   0.456042E-02   0.143485E+02
   0.465255E-02   0.145493E+02
   0.474653E-02   0.147509E+02
   0.484242E-02   0.149531E+02
   0.494024E-02   0.151560E+02
   0.504004E-02   0.153594E+02
   0.514186E-02   0.155634E+02
   0.524573E-02   0.157678E+02
   0.535170E-02   0.159727E+02
   0.545981E-02   0.161778E+02
   0.557011E-02   0.163831E+02
   0.568263E-02   0.165884E+02
   0.579743E-02   0.167936E+02
   0.591455E-02   0.169984E+02
   0.603403E-02   0.172029E+02
   0.615592E-02   0.174069E+02
   0.628028E-02   0.176103E+02
   0.640715E-02   0.178130E+02
   0.653658E-02   0.180149E+02
   0.666863E-02   0.182158E+02
   0.680335E-02   0.184156E+02
   0.694078E-02   0.186143E+02
   0.708100E-02   0.188116E+02
   0.722404E-02   0.190073E+02
   0.736998E-02   0.192014E+02
   0.751886E-02   0.193937E+02
   0.767075E-02   0.195839E+02
   0.782571E-02   0.197719E+02
   0.798380E-02   0.199576E+02
   0.814509E-02   0.201406E+02
   0.830963E-02   0.203209E+02
   0.847750E-02   0.204982E+02
   0.864875E-02   0.206723E+02
   0.882347E-02   0.208430E+02
   0.900171E-02   0.210102E+02
   0.918356E-02   0.211735E+02
   0.936908E-02   0.213329E+02
   0.955835E-02   0.214880E+02
   0.975144E-02   0.216386E+02
   0.994843E-02   0.217847E+02
   0.101494E-01   0.219258E+02
   0.103544E-01   0.220619E+02
   0.105636E-01   0.221926E+02
   0.107770E-01   0.223177E+02
   0.109947E-01   0.224371E+02
   0.112168E-01   0.225504E+02
   0.114434E-01   0.226574E+02
   0.116746E-01   0.227578E+02
   0.119104E-01   0.228515E+02
   0.121510E-01   0.229381E+02
   0.123965E-01   0.230174E+02
   0.126469E-01   0.230891E+02
   0.129024E-01   0.231529E+02
   0.131631E-01   0.232086E+02
   0.134290E-01   0.232560E+02
   0.137003E-01   0.232948E+02
   0.139770E-01   0.233247E+02
   0.142594E-01   0.233455E+02
   0.145474E-01   0.233570E+02
   0.148413E-01   0.233589E+02
   0.151411E-01   0.233510E+02
   0.154470E-01   0.233332E+02
   0.157590E-01   0.233052E+02
   0.160774E-01   0.232668E+02
   0.164022E-01   0.232179E+02
   0.167335E-01   0.231583E+02
   0.170716E-01   0.230878E+02
   0.174164E-01   0.230064E+02
   0.177683E-01   0.229140E+02
   0.181272E-01   0.228104E+02
   0.184934E-01   0.226955E+02
   0.188670E-01   0.225694E+02
   0.192481E-01   0.224319E+02
   0.196370E-01   0.222831E+02
   0.200337E-01   0.221231E+02
   0.204384E-01   0.219518E+02
   0.208513E-01   0.217695E+02
   0.212725E-01   0.215761E+02
   0.217022E-01   0.213720E+02
   0.221406E-01   0.211573E+02
   0.225879E-01   0.209323E+02
   0.230442E-01   0.206972E+02
   0.235097E-01   0.204525E+02
   0.239847E-01   0.201984E+02
   0.244692E-01   0.199355E+02
   0.249635E-01   0.196641E+02
   0.254678E-01   0.193848E+02
   0.259823E-01   0.190980E+02
   0.265072E-01   0.188044E+02
   0.270426E-01   0.185045E+02
   0.275889E-01   0.181992E+02
   0.281463E-01   0.178892E+02
   0.287149E-01   0.175751E+02
   0.292949E-01   0.172577E+02
   0.298867E-01   0.169379E+02
   0.304905E-01   0.166165E+02
   0.311064E-01   0.162944E+02
   0.317348E-01   0.159724E+02
   0.323759E-01   0.156512E+02
   0.330299E-01   0.153316E+02
   0.336972E-01   0.150142E+02
   0.343779E-01   0.146998E+02
   0.350724E-01   0.143889E+02
   0.357809E-01   0.140822E+02
   0.365038E-01   0.137810E+02
   0.372412E-01   0.134865E+02
   0.379935E-01   0.131999E+02
   0.387610E-01   0.129220E+02
   0.395440E-01   0.126539E+02
   0.403429E-01   0.123958E+02
   0.411579E-01   0.121480E+02
   0.419893E-01   0.119109E+02
   0.428375E-01   0.116846E+02
   0.437029E-01   0.114691E+02
   0.445858E-01   0.112640E+02
   0.454865E-01   0.110686E+02
   0.464053E-01   0.108823E+02
   0.473428E-01   0.107045E+02
   0.482992E-01   0.105347E+02
   0.492749E-01   0.103728E+02
   0.502703E-01   0.102184E+02
   0.512858E-01   0.100714E+02
   0.523219E-01   0.993152E+01
   0.533789E-01   0.979822E+01
   0.544572E-01   0.966979E+01
   0.555573E-01   0.954435E+01
   0.566796E-01   0.942013E+01
   0.578246E-01   0.929545E+01
   0.589927E-01   0.916866E+01
   0.601845E-01   0.903805E+01
   0.614003E-01   0.890199E+01
   0.626407E-01   0.875896E+01
   0.639061E-01   0.860758E+01
   0.651971E-01   0.844672E+01
   0.665142E-01   0.827575E+01
   0.678578E-01   0.809425E+01
   0.692287E-01   0.790194E+01
   0.706272E-01   0.769869E+01
   0.720539E-01   0.748489E+01
   0.735095E-01   0.726226E+01
   0.749945E-01   0.703271E+01
   0.765095E-01   0.679808E+01
   0.780551E-01   0.656008E+01
   0.796319E-01   0.632060E+01
   0.812406E-01   0.608226E+01
   0.828817E-01   0.584756E+01
   0.845561E-01   0.561863E+01
   0.862642E-01   0.539732E+01
   0.880068E-01   0.518540E+01
   0.897847E-01   0.498506E+01
   0.915985E-01   0.479829E+01
   0.934489E-01   0.462670E+01
   0.953367E-01   0.447165E+01
   0.972626E-01   0.433374E+01
   0.992274E-01   0.421178E+01
   0.101232E+00   0.410440E+01
   0.103277E+00   0.401040E+01
   0.105363E+00   0.392871E+01
   0.107492E+00   0.385775E+01
   0.109663E+00   0.379378E+01
   0.111879E+00   0.373292E+01
   0.114139E+00   0.367153E+01
   0.116445E+00   0.360620E+01
   0.118797E+00   0.353409E+01
   0.121197E+00   0.345366E+01
   0.123645E+00   0.336379E+01
   0.126143E+00   0.326363E+01
   0.128691E+00   0.315260E+01
   0.131291E+00   0.303141E+01
   0.133943E+00   0.290391E+01
   0.136649E+00   0.277417E+01
   0.139409E+00   0.264571E+01
   0.142226E+00   0.252150E+01
   0.145099E+00   0.240406E+01
   0.148030E+00   0.229566E+01
   0.151020E+00   0.219817E+01
   0.154071E+00   0.211312E+01
   0.157184E+00   0.204179E+01
   0.160359E+00   0.198415E+01
   0.163598E+00   0.193644E+01
   0.166903E+00   0.189458E+01
   0.170275E+00   0.185488E+01
   0.173715E+00   0.181393E+01
   0.177224E+00   0.176910E+01
   0.180804E+00   0.171948E+01
   0.184457E+00   0.166462E+01
   0.188183E+00   0.160422E+01
   0.191985E+00   0.153816E+01
   0.195863E+00   0.146747E+01
   0.199820E+00   0.139607E+01
   0.203856E+00   0.132784E+01
   0.207974E+00   0.126596E+01
   0.212176E+00   0.121299E+01
   0.216462E+00   0.116991E+01
   0.220835E+00   0.113393E+01
   0.225296E+00   0.110191E+01
   0.229847E+00   0.107106E+01
   0.234490E+00   0.103890E+01
   0.239227E+00   0.100392E+01
   0.244060E+00   0.966857E+00
   0.248990E+00   0.928809E+00
   0.254020E+00   0.890753E+00
   0.259152E+00   0.853529E+00
   0.264387E+00   0.817770E+00
   0.269728E+00   0.783747E+00
   0.275177E+00   0.751630E+00
   0.280736E+00   0.721553E+00
   0.286407E+00   0.693617E+00
   0.292193E+00   0.667753E+00
   0.298096E+00   0.643428E+00
   0.304118E+00   0.620089E+00
   0.310261E+00   0.597254E+00
   0.316529E+00   0.574508E+00
   0.322923E+00   0.551646E+00
   0.329447E+00   0.528960E+00
   0.336102E+00   0.506796E+00
   0.342892E+00   0.485443E+00
   0.349819E+00   0.465143E+00
   0.356885E+00   0.446023E+00
   0.364095E+00   0.427958E+00
   0.371450E+00   0.410792E+00
   0.378954E+00   0.394389E+00
   0.386609E+00   0.378629E+00
   0.394419E+00   0.363420E+00
   0.402387E+00   0.348725E+00
   0.410516E+00   0.334519E+00
   0.418809E+00   0.320777E+00
   0.427269E+00   0.307479E+00
   0.435901E+00   0.294613E+00
   0.444706E+00   0.282197E+00
   0.453690E+00   0.270249E+00
   0.462855E+00   0.258782E+00
   0.472206E+00   0.247803E+00
   0.481745E+00   0.237311E+00
   0.491477E+00   0.227276E+00
   0.501405E+00   0.217666E+00
   0.511534E+00   0.208452E+00
   0.521868E+00   0.199608E+00
   0.532411E+00   0.191112E+00
   0.543166E+00   0.182951E+00
   0.554139E+00   0.175114E+00
   0.565333E+00   0.167592E+00
   0.576753E+00   0.160374E+00
   0.588404E+00   0.153448E+00
   0.600291E+00   0.146806E+00
   0.612418E+00   0.140436E+00
   0.624789E+00   0.134328E+00
   0.637411E+00   0.128473E+00
   0.650288E+00   0.122860E+00
   0.663424E+00   0.117481E+00
   0.676826E+00   0.112327E+00
   0.690499E+00   0.107388E+00
   0.704448E+00   0.102657E+00
   0.718679E+00   0.981242E-01
   0.733197E+00   0.937831E-01
   0.748009E+00   0.896255E-01
   0.763119E+00   0.856441E-01
   0.778536E+00   0.818318E-01
   0.794263E+00   0.781819E-01
   0.810308E+00   0.746879E-01
   0.826677E+00   0.713436E-01
   0.843378E+00   0.681431E-01
   0.860415E+00   0.650806E-01
   0.877797E+00   0.621505E-01
   0.895529E+00   0.593473E-01
   0.913620E+00   0.566658E-01
   0.932076E+00   0.541007E-01
   0.950906E+00   0.516472E-01
   0.970115E+00   0.493007E-01
   0.989713E+00   0.470568E-01
   0.100971E+01   0.449113E-01
   0.103010E+01   0.428602E-01
   0.105091E+01   0.408996E-01
   0.107214E+01   0.390257E-01
   0.109380E+01   0.372349E-01
   0.111590E+01   0.355235E-01
   0.113844E+01   0.338881E-01
   0.116144E+01   0.323255E-01
   0.118490E+01   0.308326E-01
   0.120884E+01   0.294063E-01
   0.123326E+01   0.280439E-01
   0.125817E+01   0.267426E-01
   0.128359E+01   0.254999E-01
   0.130952E+01   0.243131E-01
   0.133597E+01   0.231800E-01
   0.136296E+01   0.220981E-01
   0.139049E+01   0.210653E-01
   0.141858E+01   0.200793E-01
   0.144724E+01   0.191381E-01
   0.147648E+01   0.182398E-01
   0.150630E+01   0.173824E-01
   0.153673E+01   0.165642E-01
   0.156778E+01   0.157835E-01
   0.159945E+01   0.150386E-01
   0.163176E+01   0.143279E-01
   0.166472E+01   0.136499E-01
   0.169835E+01   0.130031E-01
   0.173266E+01   0.123862E-01
   0.176766E+01   0.117978E-01
   0.180337E+01   0.112367E-01
   0.183980E+01   0.107016E-01
   0.187697E+01   0.101913E-01
   0.191489E+01   0.970477E-02
   0.195357E+01   0.924090E-02
   0.199304E+01   0.879868E-02
   0.203330E+01   0.837712E-02
   0.207437E+01   0.797528E-02
   0.211628E+01   0.759228E-02
   0.215903E+01   0.722724E-02
   0.220265E+01   0.687937E-02
   0.224714E+01   0.654786E-02
   0.229254E+01   0.623197E-02
   0.233885E+01   0.593099E-02
   0.238610E+01   0.564423E-02
   0.243430E+01   0.537104E-02
   0.248348E+01   0.511078E-02
   0.253365E+01   0.486288E-02
   0.258483E+01   0.462675E-02
   0.263705E+01   0.440185E-02
   0.269032E+01   0.418766E-02
   0.274466E+01   0.398368E-02
   0.280011E+01   0.378945E-02
   0.285668E+01   0.360449E-02
   0.291439E+01   0.342839E-02
   0.297326E+01   0.326073E-02
   0.303332E+01   0.310111E-02
   0.309460E+01   0.294916E-02
   0.315712E+01   0.280451E-02
   0.322090E+01   0.266682E-02
   0.328596E+01   0.253577E-02
   0.335234E+01   0.241104E-02
   0.342006E+01   0.229234E-02
   0.348916E+01   0.217938E-02
   0.355964E+01   0.207188E-02
   0.363155E+01   0.196960E-02
   0.370491E+01   0.187228E-02
   0.377976E+01   0.177969E-02
   0.385611E+01   0.169159E-02
   0.393401E+01   0.160779E-02
   0.401348E+01   0.152807E-02
   0.409456E+01   0.145223E-02
   0.417727E+01   0.138010E-02
   0.426166E+01   0.131150E-02
   0.434775E+01   0.124624E-02
   0.443558E+01   0.118419E-02
   0.452519E+01   0.112517E-02
   0.461660E+01   0.106905E-02
   0.470987E+01   0.101569E-02
   0.480501E+01   0.964951E-03
   0.490208E+01   0.916708E-03
   0.500111E+01   0.870840E-03
   0.510214E+01   0.827234E-03
   0.520521E+01   0.785779E-03
   0.531036E+01   0.746372E-03
   0.541763E+01   0.708912E-03
   0.552708E+01   0.673306E-03
   0.563873E+01   0.639463E-03
   0.575264E+01   0.607298E-03
   0.586885E+01   0.576727E-03
   0.598741E+01   0.547674E-03
   0.610836E+01   0.520065E-03
   0.623176E+01   0.493829E-03
   0.635765E+01   0.468898E-03
   0.648609E+01   0.445210E-03
   0.661711E+01   0.422702E-03
   0.675079E+01   0.401317E-03
   0.688716E+01   0.381001E-03
   0.702629E+01   0.361699E-03
   0.716823E+01   0.343363E-03
   0.731304E+01   0.325945E-03
   0.746077E+01   0.309400E-03
   0.761149E+01   0.293684E-03
   0.776525E+01   0.278756E-03
   0.792212E+01   0.264578E-03
   0.808217E+01   0.251113E-03
   0.824543E+01   0.238324E-03
   0.841200E+01   0.226179E-03
   0.858193E+01   0.214646E-03
   0.875530E+01   0.203694E-03
   0.893217E+01   0.193294E-03
   0.911261E+01   0.183419E-03
   0.929670E+01   0.174043E-03
   0.948451E+01   0.165141E-03
   0.967610E+01   0.156689E-03
   0.987158E+01   0.148665E-03
   0.100710E+02   0.141047E-03
   0.102744E+02   0.133815E-03
   0.104820E+02   0.126951E-03
   0.106938E+02   0.120434E-03
   0.109098E+02   0.114248E-03
   0.111302E+02   0.108377E-03
   0.113550E+02   0.102804E-03
   0.115844E+02   0.975152E-04
   0.118184E+02   0.924954E-04
   0.120572E+02   0.877313E-04
   0.123007E+02   0.832101E-04
   0.125492E+02   0.789195E-04
   0.128027E+02   0.748479E-04
   0.130614E+02   0.709844E-04
   0.133252E+02   0.673182E-04
   0.135944E+02   0.638396E-04
   0.138691E+02   0.605390E-04
   0.141492E+02   0.574074E-04
   0.144351E+02   0.544362E-04
   0.147267E+02   0.516173E-04
   0.150242E+02   0.489431E-04
   0.153277E+02   0.464061E-04
   0.156373E+02   0.439993E-04
   0.159532E+02   0.417162E-04
   0.162755E+02   0.395505E-04
   0.166043E+02   0.374963E-04
   0.169397E+02   0.355477E-04
   0.172819E+02   0.336995E-04
   0.176310E+02   0.319465E-04
   0.179872E+02   0.302839E-04
   0.183505E+02   0.287071E-04
   0.187212E+02   0.272116E-04
   0.190994E+02   0.257934E-04
   0.194853E+02   0.244484E-04
   0.198789E+02   0.231730E-04
   0.202805E+02   0.219636E-04
   0.206902E+02   0.208167E-04
   0.211081E+02   0.197292E-04
   0.215346E+02   0.186981E-04
   0.219696E+02   0.177204E-04
   0.224134E+02   0.167933E-04
   0.228662E+02   0.159144E-04
   0.233281E+02   0.150811E-04
   0.237994E+02   0.142911E-04
   0.242802E+02   0.135422E-04
   0.247707E+02   0.128321E-04
   0.252710E+02   0.121590E-04
   0.257816E+02   0.115209E-04
   0.263024E+02   0.109161E-04
   0.268337E+02   0.103427E-04
   0.273758E+02   0.979926E-05
   0.279288E+02   0.928411E-05
   0.284930E+02   0.879584E-05
   0.290686E+02   0.833305E-05
   0.296558E+02   0.789442E-05
   0.302549E+02   0.747870E-05
   0.308661E+02   0.708470E-05
   0.314897E+02   0.671130E-05
   0.321258E+02   0.635744E-05
   0.327748E+02   0.602209E-05
   0.334369E+02   0.570429E-05
   0.341123E+02   0.540314E-05
   0.348014E+02   0.511777E-05
   0.355045E+02   0.484736E-05
   0.362217E+02   0.459113E-05
   0.369535E+02   0.434834E-05
   0.377000E+02   0.411829E-05
   0.384616E+02   0.390033E-05
   0.392386E+02   0.369382E-05
   0.400312E+02   0.349815E-05
   0.408399E+02   0.331278E-05
   0.416649E+02   0.313716E-05
   0.425066E+02   0.297078E-05
   0.433653E+02   0.281316E-05
   0.442413E+02   0.266384E-05
   0.451350E+02   0.252238E-05
   0.460469E+02   0.238839E-05
   0.469770E+02   0.226145E-05
   0.479261E+02   0.214122E-05
   0.488942E+02   0.202733E-05
   0.498820E+02   0.191945E-05
   0.508896E+02   0.181727E-05
   0.519177E+02   0.172049E-05
   0.529665E+02   0.162883E-05
   0.540365E+02   0.154201E-05
   0.551281E+02   0.145978E-05
   0.562417E+02   0.138191E-05
   0.573779E+02   0.130816E-05
   0.585370E+02   0.123831E-05
   0.597195E+02   0.117217E-05
   0.609260E+02   0.110953E-05
   0.621568E+02   0.105022E-05
   0.634124E+02   0.994047E-06
   0.646934E+02   0.940858E-06
   0.660003E+02   0.890492E-06
   0.673336E+02   0.842802E-06
   0.686938E+02   0.797645E-06
   0.700816E+02   0.754888E-06
   0.714973E+02   0.714404E-06
   0.729416E+02   0.676074E-06
   0.744151E+02   0.639784E-06
   0.759184E+02   0.605425E-06
   0.774521E+02   0.572896E-06
   0.790167E+02   0.542100E-06
   0.806129E+02   0.512945E-06
   0.822415E+02   0.485345E-06
   0.839028E+02   0.459217E-06
   0.855978E+02   0.434482E-06
   0.873269E+02   0.411068E-06
   0.890911E+02   0.388905E-06
   0.908908E+02   0.367925E-06
   0.927270E+02   0.348066E-06
   0.946001E+02   0.329269E-06
   0.965112E+02   0.311478E-06
   0.984608E+02   0.294638E-06
   0.100450E+03   0.278700E-06
   0.102479E+03   0.263615E-06
   0.104549E+03   0.249338E-06
   0.106661E+03   0.235826E-06
   0.108816E+03   0.223039E-06
   0.111014E+03   0.210938E-06
   0.113257E+03   0.199485E-06
   0.115545E+03   0.188648E-06
   0.117879E+03   0.178393E-06
   0.120260E+03   0.168689E-06
   0.122690E+03   0.159506E-06
   0.125168E+03   0.150817E-06
   0.127697E+03   0.142596E-06
   0.130277E+03   0.134817E-06
   0.132908E+03   0.127457E-06
   0.135593E+03   0.120493E-06
   0.138332E+03   0.113905E-06
   0.141127E+03   0.107672E-06
   0.143978E+03   0.101775E-06
   0.146886E+03   0.961971E-07
   0.149854E+03   0.909200E-07
   0.152881E+03   0.859280E-07
   0.155969E+03   0.812060E-07
   0.159120E+03   0.767394E-07
   0.162334E+03   0.725145E-07
   0.165614E+03   0.685184E-07
   0.168960E+03   0.647388E-07
   0.172373E+03   0.611641E-07
   0.175855E+03   0.577834E-07
   0.179407E+03   0.545861E-07
   0.183032E+03   0.515625E-07
   0.186729E+03   0.487033E-07
   0.190501E+03   0.459995E-07
   0.194350E+03   0.434429E-07
   0.198276E+03   0.410256E-07
   0.202281E+03   0.387399E-07
   0.206368E+03   0.365790E-07
   0.210536E+03   0.345360E-07
   0.214790E+03   0.326046E-07
   0.219129E+03   0.307788E-07
   0.223555E+03   0.290529E-07
   0.228071E+03   0.274215E-07
   0.232679E+03   0.258795E-07
   0.237379E+03   0.244221E-07
   0.242175E+03   0.230448E-07
   0.247067E+03   0.217432E-07
   0.252058E+03   0.205132E-07
   0.257150E+03   0.193509E-07
   0.262345E+03   0.182528E-07
   0.267644E+03   0.172153E-07
   0.273051E+03   0.162351E-07
   0.278567E+03   0.153092E-07
   0.284195E+03   0.144345E-07
   0.289936E+03   0.136084E-07
   0.295793E+03   0.128282E-07
   0.301768E+03   0.120914E-07
   0.307864E+03   0.113957E-07
   0.314084E+03   0.107388E-07
   0.320428E+03   0.101186E-07
   0.326902E+03   0.953309E-08
   0.333505E+03   0.898043E-08
   0.340243E+03   0.845882E-08
   0.347116E+03   0.796656E-08
   0.354128E+03   0.750204E-08
   0.361282E+03   0.706377E-08
   0.368581E+03   0.665030E-08
   0.376026E+03   0.626028E-08
   0.383623E+03   0.589242E-08
   0.391372E+03   0.554551E-08
   0.399279E+03   0.521841E-08
   0.407344E+03   0.491002E-08
   0.415573E+03   0.461932E-08
   0.423968E+03   0.434533E-08
   0.432533E+03   0.408713E-08
   0.441271E+03   0.384385E-08
   0.450185E+03   0.361466E-08
   0.459279E+03   0.339878E-08
   0.468558E+03   0.319548E-08
   0.478023E+03   0.300404E-08
   0.487680E+03   0.282382E-08
   0.497532E+03   0.265418E-08
   0.507582E+03   0.249454E-08
   0.517837E+03   0.234433E-08
   0.528297E+03   0.220302E-08
   0.538970E+03   0.207010E-08
   0.549857E+03   0.194510E-08
   0.560966E+03   0.182756E-08
   0.572298E+03   0.171706E-08
   0.583859E+03   0.161319E-08
   0.595653E+03   0.151557E-08
   0.607687E+03   0.142386E-08
   0.619962E+03   0.133772E-08
   0.632487E+03   0.125683E-08
   0.645264E+03   0.118087E-08
   0.658299E+03   0.110954E-08
   0.671597E+03   0.104255E-08
   0.685165E+03   0.979611E-09
