0.25599998 0.12492782 -10.631464 51.243804
0.51199996 0.16476565 -5.5363235 27.365147
0.76800001 0.18814932 -3.703617 18.624122
1.0239999 0.20284567 -2.7492009 14.079908
1.28 0.2120506 -2.1575209 11.28322
1.536 0.21746946 -1.7511355 9.3786943
1.7919999 0.22014609 -1.4526462 7.9898623
2.0479999 0.22077804 -1.2229308 6.9252649
2.3039999 0.21986061 -1.0400944 6.0774243
2.5599999 0.21776101 -0.89092164 5.3815617
2.816 0.21476007 -0.76694794 4.7965089
3.072 0.21107725 -0.66248142 4.2950157
3.3279998 0.20688659 -0.57353313 3.8584508
3.5839999 0.20232749 -0.49720497 3.4737268
3.8399999 0.19751216 -0.43132421 3.1314321
4.0959997 0.19253114 -0.37421568 2.8246471
4.3519998 0.18745743 -0.32455589 2.5481725
4.6079998 0.18234971 -0.28127712 2.2980158
4.8639998 0.17725487 -0.24350222 2.07104
5.1199999 0.17221011 -0.21049962 1.8647219
5.3759999 0.16724457 -0.18165156 1.6769839
5.632 0.16238077 -0.15643107 1.5060758
5.888 0.15763573 -0.13438491 1.3504918
6.1440001 0.15302195 -0.11512083 1.2089116
6.3999996 0.14854823 -0.098297662 1.0801595
6.6559997 0.1442203 -0.083617446 0.96317364
6.9119997 0.14004146 -0.070819375 0.85698733
7.1679997 0.13601299 -0.059674587 0.76071282
7.4239998 0.13213459 -0.049981982 0.67353127
7.6799998 0.12840467 -0.041564675 0.59468498
7.9359999 0.12482069 -0.034266981 0.52347174
8.1919994 0.12137933 -0.027951833 0.45924055
8.448 0.11807667 -0.022498485 0.40138754
8.7039995 0.11490845 -0.017800676 0.34935429
8.96 0.11187004 -0.013764767 0.30262359
9.2159996 0.10895671 -0.010308382 0.26071865
9.4720001 0.10616357 -0.0073589618 0.22319943
9.7279997 0.10348573 -0.0048527042 0.18966171
9.9840002 0.1009183 -0.0027334422 0.15973387
10.24 0.0984565 -0.0009518115 0.13307578
10.495999 0.096095599 0.00053561243 0.10937595
10.752 0.093831003 0.0017669955 0.088349984
11.007999 0.091658279 0.002775863 0.069738725
11.264 0.089573115 0.0035916825 0.053305955
11.52 0.087571391 0.0042403217 0.038837099
11.776 0.085649123 0.0047445027 0.026137065
12.032 0.083802526 0.0051241619 0.015029032
12.288 0.082027952 0.0053967986 0.0053525331
12.544 0.08032195 0.0055777574 -0.0030376326
12.799999 0.07868121 0.0056804945 -0.010273002
13.056 0.077102585 0.0057168006 -0.016472569
13.311999 0.075583097 0.0056970017 -0.021743908
13.568 0.074119896 0.005630135 -0.026184355
13.823999 0.072710299 0.0055241036 -0.029881801
14.08 0.071351737 0.0053858099 -0.032915769
14.335999 0.070041795 0.0052212786 -0.035358084
14.592 0.068778162 0.0050357565 -0.03727369
14.848 0.067558668 0.0048338101 -0.038721281
15.104 0.066381237 0.0046194009 -0.039753874
15.36 0.065243919 0.0043959625 -0.040419432
15.615999 0.064144855 0.0041664583 -0.040761305
15.872 0.063082282 0.0039334389 -0.040818655
16.128 0.062054538 0.0036990926 -0.040626919
16.383999 0.061060052 0.0034652879 -0.040218101
16.639999 0.060097312 0.0032336052 -0.039621122
16.896 0.059164908 0.003005381 -0.038862108
17.152 0.058261495 0.0027817306 -0.037964669
17.407999 0.057385807 0.0025635777 -0.03695008
17.664 0.05653662 0.0023516715 -0.03583753
17.92 0.055712795 0.0021466171 -0.034644322
18.175999 0.054913252 0.0019488886 -0.033386021
18.431999 0.054136947 0.0017588414 -0.03207659
18.688 0.053382906 0.0015767355 -0.030728557
18.944 0.052650202 0.0014027427 -0.029353165
19.199999 0.051937957 0.0012369602 -0.027960419
19.455999 0.051245323 0.0010794164 -0.02655924
19.712 0.050571509 0.00093008747 -0.025157546
19.968 0.049915759 0.00078889996 -0.02376233
20.223999 0.049277359 0.00065574067 -0.022379772
20.48 0.048655618 0.00053045891 -0.021015265
20.736 0.048049889 0.00041287817 -0.019673493
20.991999 0.047459559 0.00030279793 -0.018358511
21.247999 0.046884032 0.00019999592 -0.017073792
21.504 0.046322751 0.00010423698 -0.015822303
21.76 0.045775185 1.5273226e-05 -0.014606476
22.015999 0.045240829 -6.7151452e-05 -0.013428361
22.271999 0.044719193 -0.00014330109 -0.012289542
22.528 0.044209819 -0.00021344161 -0.011191307
22.783998 0.043712271 -0.00027784079 -0.010134584
23.039999 0.043226124 -0.00033676769 -0.0091199992
23.296 0.04275098 -0.00039048828 -0.0081479237
23.552 0.04228646 -0.000439266 -0.0072185173
23.807999 0.041832201 -0.00048335985 -0.0063317044
24.063999 0.04138785 -0.00052302471 -0.0054872085
24.32 0.040953078 -0.00055850853 -0.004684607
24.576 0.040527567 -0.00059005306 -0.0039233495
24.831999 0.040111016 -0.00061789273 -0.0032026987
25.087999 0.039703129 -0.00064225505 -0.0025218902
25.344 0.039303632 -0.00066335904 -0.0018799988
25.599998 0.03891226 -0.00068141568 -0.0012760491
25.855999 0.038528755 -0.00069662811 -0.00070898063
26.112 0.038152875 -0.00070919066 -0.00017769399
26.368 0.037784386 -0.00071928944 0.00031894519
26.623999 0.037423067 -0.00072710209 0.00078212654
26.879999 0.037068698 -0.00073279813 0.0012130595
27.136 0.036721075 -0.00073653865 0.0016129543
27.392 0.036380001 -0.00073847672 0.0019830368
27.647999 0.036045289 -0.00073875752 0.0023245814
27.903999 0.03571675 -0.00073751845 0.0026387689
28.16 0.035394212 -0.0007348894 0.0029268355
28.415998 0.03507751 -0.00073099295 0.0031899893
28.671999 0.034766476 -0.00072594454 0.0034294657
28.927999 0.034460957 -0.00071985284 0.0036463456
29.184 0.034160803 -0.00071281991 0.0038418707
29.439999 0.033865872 -0.00070494154 0.0040170968
29.695999 0.03357602 -0.00069630726 0.0041731567
29.952 0.033291116 -0.00068700096 0.0043110957
30.208 0.033011032 -0.00067710091 0.0044319238
30.463999 0.032735643 -0.00066668015 0.0045366756
30.719999 0.032464827 -0.00065580642 0.00462633
30.976 0.032198469 -0.00064454291 0.0047017644
31.231998 0.03193646 -0.00063294823 0.0047638766
31.487999 0.031678688 -0.00062107642 0.0048135755
31.743999 0.031425051 -0.00060897766 0.004851671
32 0.031175447 -0.0005966982 0.0048789134
32.256001 0.030929781 -0.00058428061 0.0048961116
32.512001 0.030687956 -0.00057176402 0.0049039726
32.767998 0.030449887 -0.00055918449 0.0049031718
33.023998 0.030215478 -0.00054657448 0.0048943732
33.279999 0.029984647 -0.00053396415 0.0048781923
33.535999 0.029757312 -0.00052138074 0.0048552435
33.792 0.029533393 -0.00050884904 0.0048260658
34.048 0.029312812 -0.00049639143 0.0047912014
34.304001 0.029095495 -0.0004840281 0.0047511426
34.559998 0.028881372 -0.00047177739 0.0047063892
34.815998 0.028670366 -0.00045965516 0.0046573566
35.071999 0.028462412 -0.00044767604 0.0046044873
35.327999 0.028257443 -0.00043585282 0.0045481759
35.584 0.028055396 -0.00042419677 0.0044887887
35.84 0.027856208 -0.00041271772 0.00442668
36.096001 0.027659818 -0.00040142419 0.0043621654
36.351997 0.02746617 -0.00039032364 0.004295576
36.607998 0.027275201 -0.00037942193 0.0042271879
36.863998 0.027086859 -0.00036872437 0.0041572432
37.119999 0.026901089 -0.00035823516 0.0040860293
37.375999 0.026717839 -0.00034795762 0.0040137397
37.632 0.026537058 -0.00033789428 0.0039406186
37.888 0.026358696 -0.00032804694 0.003866852
38.143997 0.026182708 -0.00031841687 0.0037926365
38.399998 0.02600904 -0.0003090043 0.003718114
38.655998 0.025837651 -0.00029980935 0.0036434764
38.911999 0.025668495 -0.00029083152 0.0035688391
39.167999 0.025501529 -0.00028206981 0.0034943538
39.424 0.025336712 -0.00027352285 0.0034201187
39.68 0.025174 -0.00026518892 0.0033462586
39.936001 0.025013355 -0.00025706593 0.0032728993
40.191998 0.024854741 -0.00024915166 0.0032000957
40.447998 0.024698113 -0.00024144328 0.0031279214
40.703999 0.024543437 -0.00023393806 0.0030564791
40.959999 0.024390677 -0.00022663299 0.0029858258
41.216 0.024239799 -0.00021952488 0.0029160225
41.472 0.024090766 -0.00021261038 0.0028471353
41.728001 0.023943546 -0.00020588605 0.0027791765
41.983997 0.023798108 -0.00019934841 0.002712228
42.239998 0.023654416 -0.00019299363 0.0026462611
42.495998 0.023512441 -0.00018681809 0.002581381
42.751999 0.023372152 -0.00018081804 0.0025175847
43.007999 0.02323352 -0.00017498966 0.0024548829
43.264 0.023096514 -0.00016932914 0.0023933051
43.52 0.022961108 -0.00016383264 0.0023328727
43.775997 0.022827276 -0.0001584964 0.0022735529
44.031998 0.022694985 -0.00015331644 0.0022154087
44.287998 0.022564212 -0.00014828901 0.0021584067
44.543999 0.022434931 -0.00014341032 0.0021025822
44.799999 0.022307117 -0.00013867663 0.0020478723
45.056 0.022180745 -0.0001340842 0.0019943687
45.312 0.02205579 -0.00012962935 0.0019419751
45.567997 0.021932232 -0.00012530851 0.0018907638
45.823997 0.021810042 -0.00012111797 0.0018406552
46.079998 0.021689201 -0.00011705427 0.0017916687
46.335999 0.021569687 -0.00011311393 0.0017438386
46.591999 0.021451477 -0.00010929354 0.0016970785
46.848 0.02133455 -0.00010558977 0.0016513997
47.104 0.021218887 -0.00010199931 0.0016068177
47.360001 0.021104466 -9.8518964e-05 0.0015632955
47.615997 0.02099127 -9.514562e-05 0.0015208513
47.871998 0.020879275 -9.1876098e-05 0.0014793772
48.127998 0.020768465 -8.8707436e-05 0.001438951
48.383999 0.020658821 -8.5636687e-05 0.0013995194
48.639999 0.020550324 -8.2660978e-05 0.0013610459
48.896 0.020442957 -7.9777502e-05 0.0013235529
49.152 0.020336702 -7.6983521e-05 0.0012870167
49.407997 0.020231543 -7.4276408e-05 0.0012513638
49.663998 0.020127462 -7.1653479e-05 0.0012166284
49.919998 0.020024443 -6.9112243e-05 0.0011827984
50.175999 0.019922469 -6.6650234e-05 0.0011498407
50.431999 0.019821526 -6.4265052e-05 0.00111774
50.688 0.019721597 -6.1954362e-05 0.0010864476
50.944 0.019622667 -5.9715892e-05 0.0010559723
51.199997 0.019524724 -5.7547467e-05 0.0010263199
51.455997 0.019427749 -5.5446875e-05 0.00099743604
51.711998 0.01933173 -5.3412065e-05 0.00096928356
51.967999 0.019236653 -5.144101e-05 0.00094188247
52.223999 0.019142504 -4.9531743e-05 0.00091522099
52.48 0.019049269 -4.7682355e-05 0.00088928643
52.736 0.018956936 -4.5890992e-05 0.00086400633
52.991997 0.018865492 -4.415588e-05 0.00083940315
53.247997 0.018774923 -4.2475221e-05 0.00081550002
53.503998 0.018685217 -4.0847348e-05 0.00079219918
53.759998 0.018596362 -3.9270618e-05 0.00076953355
54.015999 0.018508346 -3.7743438e-05 0.0007474474
54.271999 0.018421157 -3.6264264e-05 0.00072599487
54.528 0.018334784 -3.4831597e-05 0.00070513113
54.784 0.018249215 -3.3443986e-05 0.00068477758
55.039997 0.018164441 -3.2100043e-05 0.00066500638
55.295998 0.018080447 -3.0798365e-05 0.00064578213
55.551998 0.017997225 -2.9537649e-05 0.00062708742
55.807999 0.017914764 -2.8316616e-05 0.00060882479
56.063999 0.017833054 -2.7134024e-05 0.00059111935
56.32 0.017752084 -2.5988672e-05 0.00057390579
56.576 0.017671844 -2.4879394e-05 0.00055714328
56.831997 0.017592326 -2.380508e-05 0.00054084632
57.087997 0.017513518 -2.2764604e-05 0.00052494464
57.343998 0.017435412 -2.1756925e-05 0.00050953241
57.599998 0.017357997 -2.0781017e-05 0.00049450791
57.855999 0.017281266 -1.9835888e-05 0.00047988849
58.112 0.017205209 -1.8920577e-05 0.00046568484
58.368 0.017129818 -1.8034154e-05 0.000451879
58.623997 0.017055084 -1.7175729e-05 0.000438412
58.879997 0.016980997 -1.6344405e-05 0.00042531151
59.135998 0.01690755 -1.5539349e-05 0.00041261239
59.391998 0.016834734 -1.4759742e-05 0.00040021677
59.647999 0.016762542 -1.4004794e-05 0.00038821529
59.903999 0.016690965 -1.3273737e-05 0.00037650396
60.16 0.016619996 -1.2565828e-05 0.00036509007
60.416 0.016549627 -1.1880348e-05 0.000354012
60.671997 0.016479852 -1.121661e-05 0.00034321577
60.927998 0.01641066 -1.0573921e-05 0.00033273985
61.183998 0.016342047 -9.9516379e-06 0.00032253667
61.439999 0.016274003 -9.3491285e-06 0.00031260491
61.695999 0.016206524 -8.7657809e-06 0.00030293509
61.952 0.0161396 -8.201003e-06 0.00029354984
62.208 0.016073227 -7.654221e-06 0.00028441509
62.463997 0.016007397 -7.1248869e-06 0.00027551207
62.719997 0.015942102 -6.6124472e-06 0.00026687134
62.975998 0.015877338 -6.1163884e-06 0.00025846555
63.231998 0.015813097 -5.6362076e-06 0.00025030029
63.487999 0.015749373 -5.1714153e-06 0.00024231294
63.743999 0.015686159 -4.7215387e-06 0.00023455068
64 0.015623451 -4.2861198e-06 0.00022702329
64.255997 0.015561242 -3.8647215e-06 0.00021968352
64.512001 0.015499525 -3.4568955e-06 0.00021256912
64.767998 0.015438296 -3.0622502e-06 0.00020561581
65.024002 0.015377546 -2.6803587e-06 0.00019885587
65.279999 0.015317275 -2.3108542e-06 0.0001922951
65.535995 0.015257473 -1.9533464e-06 0.00018590889
65.792 0.015198134 -1.6074595e-06 0.00017967299
66.047997 0.015139256 -1.2728597e-06 0.00017363259
66.304001 0.01508083 -9.4918257e-07 0.00016775134
66.559998 0.015022855 -6.3611551e-07 0.00016201521
66.816002 0.014965322 -3.3331648e-07 0.00015641013
67.071999 0.014908229 -4.0492325e-08 0.00015100571
67.327995 0.014851569 2.4266974e-07 0.00014569066
67.584 0.014795337 5.1647005e-07 0.00014058852
67.839996 0.01473953 7.8117697e-07 0.00013558994
68.096001 0.01468414 1.0370817e-06 0.00013074093
68.351997 0.014629166 1.2844348e-06 0.00012597772
68.608002 0.014574601 1.5235105e-06 0.00012141182
68.863998 0.014520442 1.7545442e-06 0.00011689521
69.119995 0.014466684 1.9777867e-06 0.00011253955
69.375999 0.01441332 2.193479e-06 0.00010832662
69.631996 0.01436035 2.4018358e-06 0.00010418195
69.888 0.014307766 2.6030916e-06 0.00010016657
70.143997 0.014255567 2.7974481e-06 9.6269353e-05
70.400002 0.014203746 2.985124e-06 9.2448033e-05
70.655998 0.014152301 3.1663094e-06 8.8767847e-05
70.911995 0.014101228 3.3412063e-06 8.5154686e-05
71.167999 0.014050519 3.5100074e-06 8.1659573e-05
71.423996 0.014000176 3.6728863e-06 7.8245341e-05
71.68 0.01395019 3.8300311e-06 7.4930027e-05
71.935997 0.013900561 3.9816039e-06 7.1685777e-05
72.192001 0.013851282 4.1277816e-06 6.8565959e-05
72.447998 0.013802353 4.2687173e-06 6.5540158e-05
72.703995 0.013753768 4.4045721e-06 6.2544824e-05
72.959999 0.013705522 4.5355026e-06 5.9636825e-05
73.215996 0.013657614 4.6616485e-06 5.6849948e-05
73.472 0.013610039 4.7831613e-06 5.4093758e-05
73.727997 0.013562795 4.9001716e-06 5.1417338e-05
73.984001 0.013515876 5.0128218e-06 4.8838344e-05
74.239998 0.013469282 5.1212358e-06 4.6315511e-05
74.495995 0.013423008 5.2255443e-06 4.3873681e-05
74.751999 0.01337705 5.3258722e-06 4.1468298e-05
75.007996 0.013331406 5.4223339e-06 3.9144008e-05
75.264 0.013286071 5.5150504e-06 3.6912639e-05
75.519997 0.013241044 5.6041281e-06 3.4672312e-05
75.776001 0.013196321 5.6896818e-06 3.2574435e-05
76.031998 0.013151899 5.7718118e-06 3.0462459e-05
76.287994 0.013107775 5.8506234e-06 2.847729e-05
76.543999 0.013063945 5.9262181e-06 2.6478217e-05
76.799995 0.013020409 5.998688e-06 2.4579777e-05
77.056 0.01297716 6.0681309e-06 2.2698176e-05
77.311996 0.012934198 6.1346334e-06 2.0897804e-05
77.568001 0.012891519 6.1982887e-06 1.9139685e-05
77.823997 0.012849121 6.2591774e-06 1.7413874e-05
78.080002 0.012807 6.3173867e-06 1.5765706e-05
78.335999 0.012765156 6.3729942e-06 1.4125572e-05
78.591995 0.012723584 6.4260788e-06 1.2543661e-05
78.848 0.01268228 6.4767186e-06 1.1001204e-05
79.103996 0.012641245 6.5249842e-06 9.5045382e-06
79.360001 0.012600473 6.57095e-06 8.0843998e-06
79.615997 0.012559964 6.6146826e-06 6.6881277e-06
79.872002 0.012519714 6.6562523e-06 5.3285659e-06
80.127998 0.012479722 6.6957216e-06 3.9880795e-06
80.383995 0.012439985 6.7331554e-06 2.6918185e-06
80.639999 0.012400498 6.7686165e-06 1.4117058e-06
80.895996 0.012361263 6.8021631e-06 2.2054627e-07
81.152 0.012322273 6.8338541e-06 -9.7680597e-07
81.407997 0.01228353 6.8637452e-06 -2.1375699e-06
81.664001 0.012245029 6.8918929e-06 -3.2840567e-06
81.919998 0.012206769 6.9183476e-06 -4.3715671e-06
82.175995 0.012168748 6.9431629e-06 -5.4273153e-06
82.431999 0.012130961 6.9663892e-06 -6.4486648e-06
82.687996 0.01209341 6.9880739e-06 -7.4271576e-06
82.944 0.012056089 7.0082654e-06 -8.4112291e-06
83.199997 0.012018998 7.0270084e-06 -9.3493536e-06
83.456001 0.011982134 7.0443489e-06 -1.0272084e-05
83.711998 0.011945497 7.0603289e-06 -1.1184003e-05
83.967995 0.011909082 7.0749905e-06 -1.205271e-05
84.223999 0.011872888 7.0883761e-06 -1.2900979e-05
84.479996 0.011836915 7.1005235e-06 -1.3690123e-05
84.736 0.011801157 7.1114722e-06 -1.4492853e-05
84.991997 0.011765616 7.1212594e-06 -1.5231099e-05
85.248001 0.011730287 7.1299213e-06 -1.5986036e-05
85.503998 0.011695171 7.1374932e-06 -1.6711069e-05
85.759995 0.011660264 7.1440092e-06 -1.7432444e-05
86.015999 0.011625564 7.1495034e-06 -1.8092577e-05
86.271996 0.011591071 7.1540069e-06 -1.8734882e-05
86.528 0.011556781 7.157552e-06 -1.9380972e-05
86.783997 0.011522694 7.160168e-06 -2.0017198e-05
87.040001 0.011488806 7.1618862e-06 -2.0624569e-05
87.295998 0.011455118 7.1627344e-06 -2.1190469e-05
87.551994 0.011421628 7.1627404e-06 -2.177961e-05
87.807999 0.011388331 7.1619319e-06 -2.2313007e-05
88.063995 0.011355229 7.1603347e-06 -2.284039e-05
88.32 0.011322317 7.157975e-06 -2.3371419e-05
88.575996 0.011289597 7.154877e-06 -2.3875441e-05
88.832001 0.011257065 7.1510653e-06 -2.436187e-05
89.087997 0.01122472 7.1465632e-06 -2.4833841e-05
89.343994 0.01119256 7.1413939e-06 -2.525931e-05
89.599998 0.011160584 7.1355786e-06 -2.5687747e-05
89.855995 0.01112879 7.1291401e-06 -2.6110678e-05
90.112 0.011097176 7.1220981e-06 -2.6524434e-05
90.367996 0.011065742 7.1144739e-06 -2.6948483e-05
90.624001 0.011034485 7.1062866e-06 -2.7277316e-05
90.879997 0.011003405 7.0975555e-06 -2.7650393e-05
91.135994 0.010972499 7.0882992e-06 -2.8018076e-05
91.391998 0.010941765 7.0785358e-06 -2.8395664e-05
91.647995 0.010911204 7.0682827e-06 -2.8708176e-05
91.903999 0.010880813 7.0575573e-06 -2.905917e-05
92.159996 0.010850591 7.0463761e-06 -2.9345356e-05
92.416 0.010820535 7.0347549e-06 -2.9659511e-05
92.671997 0.010790646 7.0227098e-06 -2.9955242e-05
92.928001 0.010760922 7.0102553e-06 -3.0194767e-05
93.183998 0.010731361 6.9974069e-06 -3.0492718e-05
93.439995 0.010701962 6.9841787e-06 -3.0761988e-05
93.695999 0.010672723 6.9705842e-06 -3.1011185e-05
93.951996 0.010643644 6.9566378e-06 -3.1253196e-05
94.208 0.010614722 6.9423515e-06 -3.1470835e-05
94.463997 0.010585958 6.9277394e-06 -3.1666304e-05
94.720001 0.010557349 6.9128124e-06 -3.1860378e-05
94.975998 0.010528894 6.8975837e-06 -3.213228e-05
95.231995 0.010500593 6.8820648e-06 -3.229112e-05
95.487999 0.010472442 6.8662665e-06 -3.2492644e-05
95.743996 0.010444443 6.8502004e-06 -3.2640506e-05
96 0.010416592 6.8338765e-06 -3.2856212e-05
96.255997 0.01038889 6.8173063e-06 -3.2974761e-05
96.512001 0.010361334 6.8004986e-06 -3.3175149e-05
96.767998 0.010333925 6.7834649e-06 -3.3283671e-05
97.023994 0.01030666 6.7662133e-06 -3.3469419e-05
97.279999 0.010279538 6.7487531e-06 -3.3565798e-05
97.535995 0.010252559 6.7310944e-06 -3.3714387e-05
97.792 0.010225721 6.7132446e-06 -3.3874128e-05
98.047997 0.010199024 6.6952133e-06 -3.3962243e-05
98.304001 0.010172464 6.6770079e-06 -3.4094383e-05
98.559998 0.010146044 6.6586366e-06 -3.4161936e-05
98.815994 0.01011976 6.6401077e-06 -3.4303866e-05
99.071999 0.010093612 6.6214279e-06 -3.4388043e-05
99.327995 0.010067599 6.6026052e-06 -3.4476229e-05
99.584 0.010041718 6.5836462e-06 -3.4530545e-05
99.839996 0.010015972 6.5645578e-06 -3.4650529e-05
100.096 0.0099903561 6.5453466e-06 -3.4685083e-05
100.352 0.0099648718 6.5260203e-06 -3.4805685e-05
100.60799 0.0099395172 6.5065839e-06 -3.4825166e-05
100.864 0.0099142905 6.4870437e-06 -3.4904092e-05
101.12 0.0098891923 6.467406e-06 -3.4950185e-05
101.376 0.0098642201 6.4476759e-06 -3.5030502e-05
101.632 0.0098393744 6.4278604e-06 -3.5022115e-05
101.888 0.0098146528 6.4079627e-06 -3.5092276e-05
102.144 0.0097900558 6.3879904e-06 -3.5182665e-05
102.39999 0.0097655818 6.3679477e-06 -3.5180786e-05
102.656 0.0097412291 6.3478384e-06 -3.5185607e-05
102.91199 0.0097169983 6.3276688e-06 -3.522112e-05
103.168 0.009692887 6.3074428e-06 -3.5180615e-05
103.424 0.0096688958 6.2871653e-06 -3.5295468e-05
103.68 0.0096450223 6.2668403e-06 -3.5277673e-05
103.936 0.0096212671 6.2464729e-06 -3.5325098e-05
104.19199 0.0095976286 6.2260665e-06 -3.5288365e-05
104.448 0.0095741053 6.2056247e-06 -3.5281092e-05
104.70399 0.0095506977 6.1851527e-06 -3.5340845e-05
104.96 0.0095274036 6.164652e-06 -3.5321948e-05
105.216 0.0095042235 6.144129e-06 -3.5335577e-05
105.472 0.0094811553 6.1235854e-06 -3.5292423e-05
105.728 0.0094581994 6.1030252e-06 -3.5282744e-05
105.98399 0.0094353544 6.0824519e-06 -3.5267736e-05
106.24 0.0094126188 6.0618677e-06 -3.527067e-05
106.49599 0.0093899932 6.0412772e-06 -3.5297081e-05
106.752 0.0093674754 6.0206818e-06 -3.5215341e-05
107.008 0.009345066 6.000086e-06 -3.5218119e-05
107.264 0.0093227629 5.9794912e-06 -3.5195594e-05
107.52 0.0093005667 5.9589018e-06 -3.5137652e-05
107.776 0.0092784752 5.9383182e-06 -3.5138504e-05
108.032 0.0092564891 5.9177452e-06 -3.5109588e-05
108.28799 0.0092346069 5.897184e-06 -3.5038994e-05
108.544 0.0092128273 5.8766371e-06 -3.5051047e-05
108.8 0.0091911508 5.8561075e-06 -3.5017696e-05
109.056 0.0091695754 5.835596e-06 -3.5004227e-05
109.312 0.0091481018 5.8151068e-06 -3.4958369e-05
109.568 0.0091267278 5.7946401e-06 -3.4842e-05
109.824 0.0091054541 5.7741992e-06 -3.4872727e-05
110.07999 0.0090842793 5.7537858e-06 -3.4816627e-05
110.336 0.0090632021 5.733401e-06 -3.4787491e-05
110.592 0.0090422232 5.7130478e-06 -3.4716036e-05
110.848 0.0090213405 5.6927265e-06 -3.4685496e-05
111.104 0.0090005546 5.6724405e-06 -3.458789e-05
111.36 0.0089798637 5.6521904e-06 -3.4621533e-05
111.616 0.0089592684 5.6319779e-06 -3.4510421e-05
111.87199 0.0089387672 5.6118053e-06 -3.4411856e-05
112.128 0.0089183591 5.5916724e-06 -3.4390655e-05
112.384 0.0088980446 5.5715822e-06 -3.4332408e-05
112.64 0.0088778217 5.5515354e-06 -3.4242798e-05
112.896 0.0088576912 5.5315339e-06 -3.4225111e-05
113.152 0.0088376512 5.5115779e-06 -3.4174379e-05
113.408 0.0088177022 5.49167e-06 -3.4089245e-05
113.66399 0.0087978431 5.4718106e-06 -3.4013783e-05
113.92 0.0087780726 5.4520001e-06 -3.4015339e-05
114.17599 0.0087583914 5.432241e-06 -3.3888791e-05
114.432 0.0087387977 5.4125329e-06 -3.3833472e-05
114.688 0.008719292 5.3928789e-06 -3.3789943e-05
114.944 0.0086998726 5.3732777e-06 -3.3677032e-05
115.2 0.00868054 5.353732e-06 -3.3647924e-05
115.45599 0.0086612932 5.334242e-06 -3.3541021e-05
115.712 0.008642131 5.3148079e-06 -3.3509459e-05
115.96799 0.008623054 5.2954318e-06 -3.3438477e-05
116.224 0.0086040604 5.2761127e-06 -3.3376973e-05
116.48 0.0085851509 5.2568537e-06 -3.3263174e-05
116.736 0.0085663237 5.2376536e-06 -3.3228368e-05
116.992 0.0085475795 5.2185141e-06 -3.3114389e-05
117.24799 0.0085289172 5.1994357e-06 -3.3046546e-05
117.504 0.0085103356 5.1804187e-06 -3.2979886e-05
117.75999 0.0084918353 5.1614642e-06 -3.2909633e-05
118.016 0.0084734147 5.1425719e-06 -3.284111e-05
118.272 0.0084550745 5.1237434e-06 -3.2682452e-05
118.528 0.0084368129 5.1049782e-06 -3.2655897e-05
118.784 0.0084186305 5.0862779e-06 -3.2541474e-05
119.03999 0.0084005264 5.0676426e-06 -3.2500288e-05
119.296 0.0083824994 5.0490716e-06 -3.2411277e-05
119.55199 0.0083645501 5.0305669e-06 -3.235707e-05
119.808 0.0083466771 5.0121281e-06 -3.2281231e-05
120.064 0.0083288807 4.993756e-06 -3.2227399e-05
120.32 0.0083111596 4.9754502e-06 -3.2088234e-05
120.576 0.0082935142 4.9572121e-06 -3.2034892e-05
120.832 0.0082759431 4.9390412e-06 -3.1970283e-05
121.088 0.0082584468 4.920938e-06 -3.1848558e-05
121.34399 0.0082410243 4.9029031e-06 -3.1749246e-05
121.6 0.0082236747 4.8849356e-06 -3.1728274e-05
121.856 0.0082063984 4.8670378e-06 -3.162896e-05
122.112 0.0081891941 4.8492077e-06 -3.1511737e-05
122.368 0.0081720623 4.8314469e-06 -3.1444219e-05
122.624 0.0081550015 4.8137549e-06 -3.1324317e-05
122.88 0.0081380122 4.7961329e-06 -3.1277859e-05
123.13599 0.0081210937 4.7785802e-06 -3.1178834e-05
123.392 0.0081042448 4.7610962e-06 -3.113588e-05
123.64799 0.0080874662 4.7436826e-06 -3.1004627e-05
123.904 0.0080707564 4.7263387e-06 -3.0943444e-05
124.16 0.008054116 4.709065e-06 -3.0893472e-05
124.416 0.0080375436 4.6918603e-06 -3.0748643e-05
124.672 0.0080210397 4.6747268e-06 -3.0682833e-05
124.92799 0.0080046035 4.6576627e-06 -3.0634204e-05
125.184 0.007988234 4.6406688e-06 -3.0518552e-05
125.43999 0.0079719319 4.6237452e-06 -3.0436684e-05
125.696 0.0079556956 4.6068915e-06 -3.0318296e-05
125.952 0.0079395258 4.5901084e-06 -3.0253512e-05
126.208 0.0079234211 4.5733946e-06 -3.0149439e-05
126.464 0.0079073821 4.5567518e-06 -3.0118847e-05
126.71999 0.0078914079 4.5401795e-06 -3.0017097e-05
126.976 0.0078754977 4.5236765e-06 -2.9858312e-05
127.23199 0.0078596519 4.5072445e-06 -2.9811749e-05
127.488 0.0078438693 4.4908816e-06 -2.9684363e-05
127.744 0.0078281505 4.4745892e-06 -2.9603915e-05
128 0.007812494 4.4583663e-06 -2.9542311e-05
128.256 0.0077969005 4.4422134e-06 -2.9471737e-05
128.51199 0.0077813691 4.4261307e-06 -2.9365929e-05
128.76799 0.0077658995 4.4101174e-06 -2.9312012e-05
129.024 0.0077504903 4.3941731e-06 -2.9193022e-05
129.28 0.0077351431 4.3782987e-06 -2.9115272e-05
129.536 0.0077198566 4.3624938e-06 -2.9042617e-05
129.79199 0.0077046303 4.3467579e-06 -2.8942911e-05
130.048 0.0076894631 4.3310905e-06 -2.8897459e-05
130.304 0.0076743564 4.315493e-06 -2.8777613e-05
130.56 0.0076593089 4.2999641e-06 -2.8676295e-05
130.81599 0.0076443203 4.2845038e-06 -2.8646667e-05
131.07199 0.0076293903 4.269112e-06 -2.8535379e-05
131.328 0.0076145175 4.2537881e-06 -2.8445682e-05
131.584 0.0075997036 4.2385329e-06 -2.8365648e-05
131.84 0.0075849471 4.2233457e-06 -2.8280093e-05
132.09599 0.0075702479 4.2082265e-06 -2.817565e-05
132.35199 0.0075556055 4.1931748e-06 -2.8135337e-05
132.608 0.0075410188 4.1781901e-06 -2.7999952e-05
132.864 0.0075264891 4.1632731e-06 -2.7923898e-05
133.12 0.0075120154 4.1484237e-06 -2.787339e-05
133.37599 0.0074975972 4.1336409e-06 -2.7794516e-05
133.632 0.0074832333 4.1189241e-06 -2.7689808e-05
133.888 0.0074689253 4.1042747e-06 -2.7635544e-05
134.144 0.0074546719 4.0896914e-06 -2.7526938e-05
134.39999 0.0074404727 4.0751745e-06 -2.7455846e-05
134.65599 0.0074263276 4.0607232e-06 -2.7336542e-05
134.912 0.0074122353 4.0463371e-06 -2.725176e-05
135.168 0.0073981972 4.0320171e-06 -2.718261e-05
135.424 0.0073842122 4.0177622e-06 -2.7100217e-05
135.67999 0.00737028 4.0035727e-06 -2.7056274e-05
135.93599 0.0073564002 3.9894476e-06 -2.6953654e-05
136.192 0.0073425718 3.9753864e-06 -2.6881065e-05
136.448 0.0073287961 3.9613904e-06 -2.6785986e-05
136.70399 0.007315072 3.9474587e-06 -2.671136e-05
136.95999 0.0073013992 3.9335907e-06 -2.662646e-05
137.216 0.0072877766 3.9197854e-06 -2.654765e-05
137.472 0.0072742055 3.9060442e-06 -2.6445342e-05
137.728 0.0072606849 3.8923665e-06 -2.6389104e-05
137.98399 0.0072472145 3.8787514e-06 -2.6252216e-05
138.23999 0.0072337939 3.8651992e-06 -2.6175037e-05
138.496 0.0072204222 3.8517083e-06 -2.6108174e-05
138.752 0.0072071006 3.8382806e-06 -2.6019518e-05
139.008 0.0071938281 3.8249147e-06 -2.5941173e-05
139.26399 0.0071806043 3.8116105e-06 -2.5903394e-05
139.51999 0.0071674291 3.7983676e-06 -2.5793579e-05
139.776 0.0071543014 3.7851855e-06 -2.5719536e-05
140.032 0.0071412224 3.7720647e-06 -2.566525e-05
140.28799 0.0071281912 3.7590046e-06 -2.5585064e-05
140.54399 0.0071152075 3.7460045e-06 -2.5462757e-05
140.8 0.0071022702 3.7330643e-06 -2.5424853e-05
141.056 0.0070893806 3.7201847e-06 -2.5331556e-05
141.312 0.0070765377 3.7073646e-06 -2.5302407e-05
141.56799 0.0070637413 3.6946038e-06 -2.515683e-05
141.82399 0.007050991 3.6819021e-06 -2.5084711e-05
142.08 0.007038286 3.6692583e-06 -2.4997106e-05
142.336 0.0070256274 3.6566739e-06 -2.4939434e-05
142.592 0.0070130143 3.6441481e-06 -2.4855537e-05
142.84799 0.0070004463 3.6316803e-06 -2.4792757e-05
143.104 0.0069879226 3.619269e-06 -2.475408e-05
143.36 0.0069754444 3.6069166e-06 -2.4689916e-05
143.616 0.0069630106 3.594621e-06 -2.4580959e-05
143.87199 0.0069506211 3.5823829e-06 -2.4440477e-05
144.12799 0.0069382756 3.5702008e-06 -2.4364965e-05
144.384 0.0069259732 3.5580749e-06 -2.4307825e-05
144.64 0.006913715 3.5460058e-06 -2.4201793e-05
144.896 0.0069015001 3.5339927e-06 -2.4202724e-05
145.15199 0.0068893284 3.5220352e-06 -2.4092591e-05
145.40799 0.0068771994 3.5101332e-06 -2.4071149e-05
145.664 0.0068651124 3.4982856e-06 -2.3974466e-05
145.92 0.0068530686 3.4864934e-06 -2.3904646e-05
146.17599 0.0068410669 3.474756e-06 -2.3815119e-05
146.43199 0.0068291072 3.4630731e-06 -2.3702485e-05
146.688 0.0068171885 3.4514434e-06 -2.3644728e-05
146.944 0.006805312 3.4398679e-06 -2.3612132e-05
147.2 0.0067934769 3.4283464e-06 -2.3475205e-05
147.45599 0.0067816828 3.4168782e-06 -2.341784e-05
147.71199 0.0067699296 3.405463e-06 -2.3394794e-05
147.968 0.0067582164 3.3940995e-06 -2.3284509e-05
148.224 0.0067465444 3.3827897e-06 -2.3209499e-05
148.48 0.0067349126 3.3715318e-06 -2.3139402e-05
148.73599 0.0067233208 3.3603263e-06 -2.3033938e-05
148.99199 0.0067117689 3.3491721e-06 -2.2986501e-05
149.248 0.0067002559 3.338069e-06 -2.292752e-05
149.504 0.006688783 3.3270176e-06 -2.2855709e-05
149.75999 0.0066773494 3.3160174e-06 -2.2783948e-05
150.01599 0.0066659547 3.3050676e-06 -2.2699965e-05
150.272 0.0066545983 3.2941681e-06 -2.2671984e-05
150.528 0.0066432811 3.283319e-06 -2.2578581e-05
150.784 0.0066320023 3.2725198e-06 -2.2481481e-05
151.03999 0.0066207618 3.2617704e-06 -2.2468181e-05
151.29599 0.0066095593 3.2510705e-06 -2.2394512e-05
151.552 0.006598394 3.2404194e-06 -2.2287752e-05
151.808 0.0065872671 3.2298174e-06 -2.2233947e-05
152.064 0.0065761775 3.2192644e-06 -2.2122548e-05
152.31999 0.0065651253 3.2087597e-06 -2.207179e-05
152.57599 0.0065541101 3.1983031e-06 -2.2020835e-05
152.832 0.0065431312 3.1878942e-06 -2.19939e-05
153.088 0.0065321897 3.177533e-06 -2.1893581e-05
153.34399 0.0065212847 3.1672194e-06 -2.1804697e-05
153.59999 0.006510416 3.1569532e-06 -2.1752729e-05
153.856 0.0064995829 3.1467334e-06 -2.1670754e-05
154.112 0.0064887864 3.1365608e-06 -2.1673253e-05
154.368 0.0064780257 3.1264345e-06 -2.157042e-05
154.62399 0.0064673007 3.1163546e-06 -2.1479664e-05
154.87999 0.0064566111 3.1063206e-06 -2.1439104e-05
155.136 0.0064459561 3.0963316e-06 -2.1325261e-05
155.392 0.0064353369 3.086389e-06 -2.1268347e-05
155.64799 0.0064247526 3.0764914e-06 -2.1239883e-05
155.90399 0.0064142031 3.0666391e-06 -2.1198535e-05
156.16 0.0064036875 3.056831e-06 -2.1118616e-05
156.416 0.006393207 3.0470676e-06 -2.1063169e-05
156.672 0.0063827607 3.0373489e-06 -2.0969979e-05
156.92799 0.0063723485 3.0276742e-06 -2.0927729e-05
157.18399 0.0063619703 3.0180433e-06 -2.0846202e-05
157.44 0.0063516251 3.0084553e-06 -2.0812572e-05
157.696 0.0063413142 2.9989115e-06 -2.072133e-05
157.952 0.0063310367 2.9894108e-06 -2.0678237e-05
158.20799 0.0063207924 2.9799527e-06 -2.0608562e-05
158.46399 0.0063105813 2.9705377e-06 -2.0551821e-05
158.72 0.0063004025 2.9611646e-06 -2.0499712e-05
158.976 0.006290257 2.951834e-06 -2.0437618e-05
159.23199 0.0062801442 2.9425458e-06 -2.0326606e-05
159.48799 0.0062700639 2.9332992e-06 -2.0295581e-05
159.744 0.0062600152 2.9240934e-06 -2.0225275e-05
160 0.0062499993 2.9149297e-06 -2.0219789e-05
160.256 0.0062400155 2.9058071e-06 -2.0134256e-05
160.51199 0.0062300634 2.8967256e-06 -2.0075502e-05
160.76799 0.0062201431 2.8876845e-06 -1.9989203e-05
161.024 0.0062102537 2.8786835e-06 -1.9926974e-05
161.28 0.0062003963 2.8697234e-06 -1.9870246e-05
161.536 0.0061905701 2.8608032e-06 -1.9824156e-05
161.79199 0.006180775 2.8519229e-06 -1.9764072e-05
162.04799 0.0061710109 2.843082e-06 -1.9703726e-05
162.304 0.006161277 2.8342804e-06 -1.9678407e-05
162.56 0.0061515743 2.8255183e-06 -1.9596193e-05
162.81599 0.0061419022 2.8167951e-06 -1.947911e-05
163.07199 0.0061322604 2.8081105e-06 -1.9445645e-05
163.328 0.0061226483 2.7994645e-06 -1.9401851e-05
163.584 0.0061130668 2.7908569e-06 -1.932192e-05
163.84 0.0061035152 2.7822875e-06 -1.9273818e-05
164.09599 0.0060939935 2.7737564e-06 -1.9211314e-05
164.35199 0.0060845014 2.7652628e-06 -1.9191315e-05
164.608 0.0060750383 2.7568064e-06 -1.9142993e-05
164.864 0.0060656052 2.7483878e-06 -1.905083e-05
165.12 0.0060562013 2.7400058e-06 -1.9016083e-05
165.37599 0.0060468265 2.7316615e-06 -1.8937915e-05
165.63199 0.0060374806 2.7233535e-06 -1.888834e-05
165.888 0.0060281631 2.7150817e-06 -1.886409e-05
166.144 0.0060188748 2.7068468e-06 -1.8744875e-05
166.39999 0.0060096152 2.6986478e-06 -1.8723806e-05
166.65599 0.0060003839 2.6904851e-06 -1.8688052e-05
166.912 0.0059911805 2.6823575e-06 -1.8660488e-05
167.168 0.0059820057 2.6742659e-06 -1.8542433e-05
167.424 0.0059728591 2.6662097e-06 -1.8446913e-05
167.67999 0.0059637403 2.6581888e-06 -1.849936e-05
167.93599 0.0059546494 2.650203e-06 -1.8388444e-05
168.192 0.0059455856 2.6422512e-06 -1.834082e-05
168.448 0.0059365498 2.6343349e-06 -1.834466e-05
168.70399 0.0059275415 2.626453e-06 -1.824759e-05
168.95999 0.0059185605 2.618605e-06 -1.8165104e-05
169.21599 0.0059096067 2.6107913e-06 -1.8127573e-05
169.472 0.0059006794 2.603011e-06 -1.8075298e-05
169.728 0.0058917795 2.595265e-06 -1.8067343e-05
169.98399 0.0058829065 2.5875524e-06 -1.7998966e-05
170.23999 0.0058740601 2.5798733e-06 -1.7945579e-05
170.496 0.0058652398 2.5722264e-06 -1.790547e-05
170.752 0.0058564465 2.5646135e-06 -1.7807347e-05
171.008 0.0058476795 2.5570336e-06 -1.7799515e-05
171.26399 0.0058389387 2.549486e-06 -1.772979e-05
171.51999 0.0058302239 2.5419708e-06 -1.7690808e-05
171.776 0.0058215347 2.5344875e-06 -1.7662028e-05
172.032 0.0058128718 2.527037e-06 -1.756556e-05
172.28799 0.0058042347 2.5196179e-06 -1.7494682e-05
172.54399 0.0057956231 2.5122311e-06 -1.7392042e-05
172.8 0.0057870366 2.5048751e-06 -1.7422248e-05
173.056 0.0057784761 2.4975511e-06 -1.7438202e-05
173.312 0.0057699408 2.4902585e-06 -1.7350619e-05
173.56799 0.0057614306 2.4829973e-06 -1.7310327e-05
173.82399 0.0057529456 2.4757663e-06 -1.7222031e-05
174.08 0.005744485 2.4685662e-06 -1.7153005e-05
174.336 0.0057360497 2.4613969e-06 -1.7092291e-05
174.592 0.0057276392 2.4542579e-06 -1.7067219e-05
174.84799 0.0057192533 2.4471494e-06 -1.7058232e-05
175.10399 0.0057108919 2.4400712e-06 -1.7016906e-05
175.36 0.0057025545 2.4330224e-06 -1.6976646e-05
175.616 0.0056942418 2.4260036e-06 -1.6950078e-05
175.87199 0.0056859534 2.4190151e-06 -1.6826688e-05
176.12799 0.005677689 2.4120553e-06 -1.6735419e-05
176.384 0.0056694482 2.4051248e-06 -1.6723715e-05
176.64 0.0056612317 2.3982241e-06 -1.6683341e-05
176.896 0.005653039 2.3913518e-06 -1.6640684e-05
177.15199 0.0056448699 2.3845088e-06 -1.6631005e-05
177.40799 0.0056367245 2.3776943e-06 -1.6538271e-05
177.664 0.005628602 2.3709078e-06 -1.654032e-05
177.92 0.0056205034 2.3641508e-06 -1.6485154e-05
178.17599 0.0056124281 2.3574214e-06 -1.6441731e-05
178.43199 0.005604376 2.3507204e-06 -1.6347714e-05
178.68799 0.0055963469 2.3440473e-06 -1.6303814e-05
178.944 0.0055883403 2.3374016e-06 -1.6319499e-05
179.2 0.005580357 2.330784e-06 -1.6198554e-05
179.45599 0.0055723966 2.3241941e-06 -1.6239111e-05
179.71199 0.0055644588 2.3176313e-06 -1.6160622e-05
179.968 0.0055565431 2.3110955e-06 -1.6105131e-05
180.224 0.0055486504 2.3045867e-06 -1.6002543e-05
180.48 0.0055407801 2.2981055e-06 -1.6026136e-05
180.73599 0.0055329321 2.2916508e-06 -1.5998203e-05
180.99199 0.0055251062 2.2852228e-06 -1.5935601e-05
181.248 0.0055173021 2.2788209e-06 -1.5911057e-05
181.504 0.0055095203 2.2724457e-06 -1.5879143e-05
181.75999 0.0055017606 2.2660969e-06 -1.5833349e-05
182.01599 0.0054940226 2.2597741e-06 -1.5699918e-05
182.27199 0.0054863064 2.2534774e-06 -1.5723679e-05
182.528 0.0054786113 2.2472061e-06 -1.5677819e-05
182.784 0.0054709383 2.2409605e-06 -1.563072e-05
183.03999 0.0054632868 2.234741e-06 -1.5566275e-05
183.29599 0.0054556566 2.2285468e-06 -1.5519284e-05
183.552 0.0054480472 2.2223772e-06 -1.5451858e-05
183.808 0.0054404595 2.2162335e-06 -1.5496088e-05
184.064 0.0054328929 2.2101148e-06 -1.5430845e-05
184.31999 0.0054253473 2.2040209e-06 -1.5383249e-05
184.57599 0.0054178227 2.1979517e-06 -1.5371435e-05
184.832 0.0054103184 2.1919069e-06 -1.5264354e-05
185.088 0.0054028353 2.1858871e-06 -1.5185052e-05
185.34399 0.005395373 2.1798913e-06 -1.5209083e-05
185.59999 0.0053879312 2.1739202e-06 -1.5196947e-05
185.856 0.0053805094 2.1679726e-06 -1.5104528e-05
186.112 0.0053731086 2.1620495e-06 -1.4999425e-05
186.368 0.005365728 2.1561501e-06 -1.5068878e-05
186.62399 0.0053583677 2.1502747e-06 -1.5038119e-05
186.87999 0.0053510276 2.1444229e-06 -1.4988822e-05
187.136 0.0053437071 2.1385941e-06 -1.4929441e-05
187.392 0.005336407 2.132789e-06 -1.4908166e-05
187.64799 0.0053291269 2.1270074e-06 -1.4821134e-05
187.90399 0.0053218666 2.121249e-06 -1.4808262e-05
188.15999 0.0053146261 2.1155135e-06 -1.472062e-05
188.416 0.0053074048 2.1098005e-06 -1.4751274e-05
188.672 0.0053002035 2.1041109e-06 -1.4638078e-05
188.92799 0.0052930217 2.0984437e-06 -1.470022e-05
189.18399 0.0052858594 2.0927992e-06 -1.4630494e-05
189.44 0.005278716 2.0871767e-06 -1.4564269e-05
189.696 0.0052715924 2.0815771e-06 -1.4509108e-05
189.952 0.0052644879 2.0759995e-06 -1.4457546e-05
190.20799 0.0052574025 2.0704441e-06 -1.4482178e-05
190.46399 0.0052503362 2.0649105e-06 -1.4372939e-05
190.72 0.0052432885 2.0593985e-06 -1.4379728e-05
190.976 0.00523626 2.0539089e-06 -1.4345451e-05
191.23199 0.0052292504 2.0484409e-06 -1.4293079e-05
191.48799 0.0052222595 2.0429943e-06 -1.4259849e-05
191.74399 0.0052152873 2.0375689e-06 -1.4226506e-05
192 0.0052083332 2.0321651e-06 -1.4211518e-05
192.256 0.0052013981 2.0267825e-06 -1.4198507e-05
192.51199 0.0051944815 2.021421e-06 -1.4086655e-05
192.76799 0.0051875832 2.0160804e-06 -1.4091983e-05
193.024 0.0051807028 2.0107608e-06 -1.4035023e-05
193.28 0.005173841 2.0054619e-06 -1.4024021e-05
193.536 0.0051669974 2.0001839e-06 -1.3970086e-05
193.79199 0.0051601719 1.9949263e-06 -1.3955583e-05
194.04799 0.0051533643 1.9896892e-06 -1.3941064e-05
194.304 0.0051465743 1.9844721e-06 -1.3860923e-05
194.56 0.0051398026 1.9792759e-06 -1.3832037e-05
194.81599 0.0051330487 1.9740997e-06 -1.3817257e-05
195.07199 0.0051263125 1.9689434e-06 -1.3762279e-05
195.32799 0.005119594 1.9638071e-06 -1.3707071e-05
195.584 0.0051128926 1.9586906e-06 -1.3642838e-05
195.84 0.0051062092 1.9535943e-06 -1.3616214e-05
196.09599 0.0050995432 1.9485172e-06 -1.3580667e-05
196.35199 0.0050928946 1.9434598e-06 -1.3565349e-05
196.608 0.0050862629 1.9384218e-06 -1.3518998e-05
196.864 0.0050796489 1.9334034e-06 -1.3493726e-05
197.12 0.005073052 1.9284041e-06 -1.3519264e-05
197.37599 0.0050664723 1.9234243e-06 -1.3442154e-05
197.63199 0.0050599096 1.918463e-06 -1.3405941e-05
197.888 0.0050533634 1.913521e-06 -1.3356621e-05
198.144 0.0050468346 1.9085982e-06 -1.3353853e-05
198.39999 0.0050403227 1.9036937e-06 -1.3296517e-05
198.65599 0.0050338275 1.8988081e-06 -1.3259776e-05
198.912 0.0050273487 1.893941e-06 -1.3250064e-05
199.168 0.0050208868 1.8890929e-06 -1.3191428e-05
199.424 0.0050144416 1.8842628e-06 -1.314875e-05
199.67999 0.0050080129 1.8794509e-06 -1.311147e-05
199.93599 0.0050016007 1.8746578e-06 -1.3116265e-05
200.192 0.0049952045 1.8698824e-06 -1.3104298e-05
200.448 0.004988825 1.8651252e-06 -1.3062449e-05
200.70399 0.0049824618 1.8603862e-06 -1.3024782e-05
200.95999 0.0049761148 1.8556648e-06 -1.2965653e-05
201.21599 0.004969784 1.8509613e-06 -1.28849e-05
201.472 0.0049634688 1.8462755e-06 -1.2912743e-05
201.728 0.0049571701 1.8416073e-06 -1.2872714e-05
201.98399 0.0049508873 1.8369567e-06 -1.2855884e-05
202.23999 0.0049446204 1.8323236e-06 -1.2795832e-05
202.496 0.0049383691 1.8277077e-06 -1.2800733e-05
202.752 0.0049321338 1.8231093e-06 -1.2783488e-05
203.008 0.0049259143 1.8185279e-06 -1.2635916e-05
203.26399 0.0049197105 1.813964e-06 -1.2662158e-05
203.51999 0.0049135222 1.8094167e-06 -1.2644846e-05
203.776 0.0049073492 1.8048865e-06 -1.2603204e-05
204.032 0.004901192 1.800373e-06 -1.2654071e-05
204.28799 0.0048950502 1.7958766e-06 -1.2548624e-05
204.54399 0.0048889238 1.7913967e-06 -1.2531053e-05
204.79999 0.0048828127 1.7869334e-06 -1.2557734e-05
205.056 0.0048767166 1.7824868e-06 -1.2446865e-05
205.312 0.004870636 1.7780566e-06 -1.2433602e-05
205.56799 0.0048645705 1.7736428e-06 -1.2348832e-05
205.82399 0.0048585201 1.7692452e-06 -1.2375521e-05
206.08 0.0048524844 1.7648638e-06 -1.2374313e-05
206.336 0.004846464 1.760499e-06 -1.2362011e-05
206.592 0.0048404586 1.7561498e-06 -1.2298943e-05
206.84799 0.004834468 1.7518165e-06 -1.219043e-05
207.10399 0.0048284922 1.7474995e-06 -1.2217301e-05
207.36 0.0048225308 1.7431981e-06 -1.2213742e-05
207.616 0.0048165845 1.7389123e-06 -1.2157795e-05
207.87199 0.0048106528 1.7346426e-06 -1.2162114e-05
208.12799 0.0048047357 1.7303885e-06 -1.214363e-05
208.38399 0.0047988332 1.7261496e-06 -1.2079248e-05
208.64 0.0047929448 1.721926e-06 -1.2050346e-05
208.896 0.0047870711 1.7177183e-06 -1.1995751e-05
209.15199 0.0047812119 1.7135258e-06 -1.1976859e-05
209.40799 0.004775367 1.7093482e-06 -1.1934767e-05
209.664 0.004769536 1.7051862e-06 -1.187997e-05
209.92 0.0047637195 1.7010389e-06 -1.1919899e-05
210.17599 0.0047579173 1.6969069e-06 -1.1784206e-05
210.43199 0.0047521291 1.69279e-06 -1.1858308e-05
210.68799 0.004746355 1.6886879e-06 -1.1862508e-05
210.944 0.0047405946 1.6846e-06 -1.1734631e-05
211.2 0.0047348485 1.6805274e-06 -1.1776899e-05
211.45599 0.0047291163 1.6764696e-06 -1.1686634e-05
211.71199 0.004723398 1.6724262e-06 -1.1761626e-05
211.96799 0.0047176935 1.6683973e-06 -1.1647251e-05
212.224 0.0047120024 1.664383e-06 -1.1610916e-05
212.48 0.0047063254 1.660383e-06 -1.1631498e-05
212.73599 0.004700662 1.6563972e-06 -1.1587788e-05
212.99199 0.0046950122 1.6524258e-06 -1.1567861e-05
213.248 0.0046893757 1.6484686e-06 -1.153e-05
213.504 0.004683753 1.6445254e-06 -1.1551913e-05
213.75999 0.0046781438 1.6405962e-06 -1.1507757e-05
214.01599 0.004672548 1.6366815e-06 -1.1487615e-05
214.27199 0.0046669656 1.6327804e-06 -1.1443176e-05
214.528 0.0046613962 1.6288929e-06 -1.1304657e-05
214.784 0.0046558403 1.6250196e-06 -1.1280716e-05
215.03999 0.0046502977 1.6211598e-06 -1.130883e-05
215.29599 0.0046447683 1.6173137e-06 -1.1288174e-05
215.552 0.0046392517 1.6134814e-06 -1.1270187e-05
215.808 0.0046337485 1.6096625e-06 -1.129587e-05
216.064 0.0046282584 1.6058568e-06 -1.1250509e-05
216.31999 0.0046227812 1.6020649e-06 -1.1180269e-05
216.57599 0.004617317 1.5982864e-06 -1.1233558e-05
216.832 0.0046118654 1.5945205e-06 -1.1088926e-05
217.088 0.0046064269 1.5907688e-06 -1.1117077e-05
217.34399 0.0046010013 1.5870298e-06 -1.1120832e-05
217.59999 0.0045955884 1.583304e-06 -1.1124646e-05
217.85599 0.0045901883 1.5795911e-06 -1.1028283e-05
218.112 0.0045848005 1.5758914e-06 -1.1056865e-05
218.368 0.0045794256 1.5722045e-06 -1.1035722e-05
218.62399 0.0045740634 1.5685305e-06 -1.0989055e-05
218.87999 0.0045687136 1.5648695e-06 -1.1043383e-05
219.136 0.0045633761 1.5612206e-06 -1.0944132e-05
219.392 0.0045580514 1.5575851e-06 -1.0873381e-05
219.64799 0.004552739 1.5539618e-06 -1.0876989e-05
219.90399 0.004547439 1.5503517e-06 -1.0829592e-05
220.15999 0.0045421514 1.5467537e-06 -1.0858782e-05
220.416 0.0045368757 1.543168e-06 -1.0781616e-05
220.672 0.0045316126 1.5395948e-06 -1.0686295e-05
220.92799 0.0045263616 1.5360341e-06 -1.0818546e-05
221.18399 0.0045211229 1.5324855e-06 -1.0718984e-05
221.43999 0.0045158962 1.5289494e-06 -1.0644886e-05
221.696 0.0045106813 1.5254251e-06 -1.0642484e-05
221.952 0.0045054787 1.5219129e-06 -1.0703842e-05
222.20799 0.0045002882 1.5184132e-06 -1.0577165e-05
222.46399 0.0044951095 1.5149254e-06 -1.0580585e-05
222.72 0.0044899425 1.5114494e-06 -1.0630221e-05
222.976 0.0044847876 1.5079851e-06 -1.053508e-05
223.23199 0.0044796446 1.5045331e-06 -1.0538535e-05
223.48799 0.0044745133 1.5010926e-06 -1.0462929e-05
223.74399 0.0044693938 1.4976641e-06 -1.0492735e-05
224 0.0044642857 1.4942471e-06 -1.0434409e-05
224.256 0.0044591895 1.4908419e-06 -1.0473207e-05
224.51199 0.004454105 1.4874484e-06 -1.0450122e-05
224.76799 0.0044490321 1.4840665e-06 -1.0453639e-05
225.02399 0.0044439707 1.4806954e-06 -1.0377003e-05
225.28 0.0044389205 1.4773362e-06 -1.0343423e-05
225.536 0.004433882 1.4739883e-06 -1.0303353e-05
225.79199 0.004428855 1.4706521e-06 -1.0306704e-05
226.04799 0.0044238394 1.4673267e-06 -1.0229168e-05
226.304 0.0044188348 1.4640128e-06 -1.0329951e-05
226.56 0.0044138418 1.4607096e-06 -1.0262845e-05
226.81599 0.0044088601 1.457418e-06 -1.0184783e-05
227.07199 0.0044038897 1.4541376e-06 -1.018807e-05
227.32799 0.0043989304 1.4508681e-06 -1.0109552e-05
227.584 0.004393982 1.4476093e-06 -1.0209731e-05
227.84 0.004389045 1.4443617e-06 -1.0115994e-05
228.09599 0.0043841191 1.441125e-06 -1.0119287e-05
228.35199 0.0043792042 1.4378988e-06 -1.0040034e-05
228.608 0.0043743001 1.4346835e-06 -1.0056326e-05
228.864 0.0043694072 1.4314792e-06 -1.0003631e-05
229.12 0.0043645252 1.4282856e-06 -1.0049777e-05
229.37599 0.0043596542 1.4251025e-06 -9.9420053e-06
229.63199 0.004354794 1.4219299e-06 -9.9451434e-06
229.888 0.0043499443 1.418768e-06 -9.9884629e-06
230.144 0.0043451057 1.4156166e-06 -9.8676653e-06
230.39999 0.0043402779 1.4124758e-06 -9.8987806e-06
230.65599 0.0043354608 1.4093453e-06 -9.7896216e-06
230.91199 0.0043306543 1.406225e-06 -9.820764e-06
231.168 0.0043258583 1.4031149e-06 -9.8627508e-06
231.424 0.0043210731 1.4000154e-06 -9.827006e-06
231.67999 0.0043162985 1.3969266e-06 -9.7735178e-06
231.93599 0.0043115344 1.3938472e-06 -9.7198209e-06
232.192 0.0043067806 1.3907778e-06 -9.7319056e-06
232.448 0.0043020375 1.3877193e-06 -9.725916e-06
232.70399 0.0042973048 1.3846704e-06 -9.5860793e-06
232.95999 0.0042925826 1.3816313e-06 -9.7035314e-06
233.21599 0.0042878707 1.3786028e-06 -9.7066691e-06
233.472 0.0042831688 1.3755837e-06 -9.6021655e-06
233.728 0.0042784776 1.3725743e-06 -9.6553873e-06
233.98399 0.0042737966 1.3695753e-06 -9.5718119e-06
234.23999 0.0042691259 1.366586e-06 -9.5168674e-06
234.49599 0.0042644653 1.3636063e-06 -9.6068709e-06
234.752 0.0042598146 1.3606363e-06 -9.5586355e-06
235.008 0.0042551744 1.3576761e-06 -9.4965595e-06
235.26399 0.0042505442 1.3547255e-06 -9.4995299e-06
235.51999 0.0042459241 1.3517843e-06 -9.4732553e-06
235.776 0.0042413138 1.3488529e-06 -9.422658e-06
236.032 0.0042367137 1.3459307e-06 -9.3616228e-06
236.28799 0.0042321236 1.343018e-06 -9.3644395e-06
236.54399 0.0042275434 1.3401153e-06 -9.3672982e-06
236.79999 0.0042229732 1.3372212e-06 -9.3109854e-06
237.056 0.0042184125 1.3343373e-06 -9.2875139e-06
237.312 0.004213862 1.3314618e-06 -9.2571814e-06
237.56799 0.0042093212 1.3285962e-06 -9.3493376e-06
237.82399 0.0042047903 1.3257398e-06 -9.232887e-06
238.07999 0.004200269 1.322892e-06 -9.235664e-06
238.336 0.0041957573 1.3200535e-06 -9.2411831e-06
238.592 0.0041912554 1.3172244e-06 -9.1812299e-06
238.84799 0.0041867633 1.3144043e-06 -9.2141171e-06
239.10399 0.0041822807 1.3115933e-06 -9.1868048e-06
239.36 0.0041778075 1.3087911e-06 -9.0385882e-06
239.616 0.0041733441 1.3059981e-06 -9.1622225e-06
239.87199 0.0041688902 1.303214e-06 -9.1347035e-06
240.12799 0.0041644458 1.3004385e-06 -9.0766494e-06
240.38399 0.0041600109 1.2976721e-06 -9.1098986e-06
240.64 0.0041555851 1.2949145e-06 -9.0517805e-06
240.896 0.004151169 1.2921651e-06 -8.9930721e-06
241.15199 0.0041467623 1.2894255e-06 -9.0571403e-06
241.40799 0.004142365 1.2866937e-06 -8.8753559e-06
241.664 0.0041379767 1.2839706e-06 -8.9382003e-06
241.92 0.0041335979 1.2812568e-06 -9.0033811e-06
242.17599 0.0041292284 1.2785511e-06 -8.9757834e-06
242.43199 0.0041248681 1.2758537e-06 -8.8854736e-06
242.68799 0.0041205171 1.2731655e-06 -8.8880964e-06
242.944 0.0041161749 1.2704851e-06 -8.9833022e-06
243.2 0.0041118422 1.2678135e-06 -8.8309956e-06
243.45599 0.0041075185 1.26515e-06 -8.9274734e-06
243.71199 0.0041032039 1.2624952e-06 -8.86759e-06
243.96799 0.0040988984 1.2598485e-06 -8.8074788e-06
244.224 0.0040946017 1.2572105e-06 -8.8387753e-06
244.48 0.0040903142 1.2545804e-06 -8.6865741e-06
244.73599 0.0040860357 1.2519589e-06 -8.7522697e-06
244.99199 0.0040817661 1.249345e-06 -8.6915081e-06
245.248 0.0040775052 1.2467397e-06 -8.7535339e-06
245.504 0.0040732534 1.2441424e-06 -8.6965848e-06
245.75999 0.0040690105 1.2415532e-06 -8.6353993e-06
246.01599 0.0040647764 1.2389721e-06 -8.6059374e-06
246.27199 0.0040605511 1.236399e-06 -8.608398e-06
246.528 0.0040563344 1.2338338e-06 -8.6373917e-06
246.784 0.0040521266 1.2312767e-06 -8.677732e-06
247.03999 0.0040479276 1.2287274e-06 -8.6159875e-06
247.29599 0.0040437372 1.2261866e-06 -8.6508751e-06
247.55199 0.0040395555 1.2236529e-06 -8.4270914e-06
247.808 0.0040353822 1.2211272e-06 -8.5522272e-06
248.064 0.0040312178 1.2186092e-06 -8.4641433e-06
248.31999 0.004027062 1.2160993e-06 -8.5316544e-06
248.57599 0.0040229147 1.2135973e-06 -8.4363534e-06
248.832 0.0040187757 1.2111025e-06 -8.3310607e-06
249.088 0.0040146455 1.208615e-06 -8.4084249e-06
249.34399 0.0040105237 1.206136e-06 -8.4108234e-06
249.59999 0.0040064104 1.2036645e-06 -8.3803624e-06
249.85599 0.0040023055 1.2012002e-06 -8.3827576e-06
250.112 0.0039982088 1.1987438e-06 -8.4427115e-06
250.368 0.0039941207 1.196295e-06 -8.354554e-06
250.62399 0.003990041 1.1938531e-06 -8.4233043e-06
250.87999 0.0039859695 1.1914193e-06 -8.3262078e-06
251.13599 0.0039819064 1.1889928e-06 -8.3286309e-06
251.392 0.0039778513 1.1865733e-06 -8.3208645e-06
251.64799 0.0039738048 1.1841616e-06 -8.2667045e-06
251.90399 0.0039697664 1.181757e-06 -8.3025892e-06
252.15999 0.0039657362 1.1793592e-06 -8.2714997e-06
252.416 0.003961714 1.1769696e-06 -8.2628345e-06
252.672 0.0039577001 1.1745869e-06 -8.1753038e-06
252.92799 0.0039536944 1.1722114e-06 -8.1776077e-06
253.18399 0.0039496968 1.1698429e-06 -8.2476292e-06
253.43999 0.0039457073 1.1674823e-06 -8.1144854e-06
253.696 0.0039417255 1.1651277e-06 -8.0690888e-06
253.952 0.0039377521 1.162781e-06 -8.1871335e-06
254.20799 0.0039337866 1.1604412e-06 -8.0531206e-06
254.46399 0.0039298291 1.1581085e-06 -8.0553352e-06
254.71999 0.0039258796 1.1557825e-06 -8.0918343e-06
254.976 0.0039219378 1.1534638e-06 -8.0803659e-06
255.23199 0.0039180041 1.1511522e-06 -8.0277666e-06
255.48799 0.0039140783 1.1488472e-06 -7.9955701e-06
255.74399 0.0039101603 1.1465494e-06 -7.9977972e-06
