1 1 40 500 300 0.707107 0 0.707107 0 1 0 0 0 0
2 2 40 500 300.075 0.707107 0 0.707107 0 1 0 0 0 0
3 3 40 500 300.15 0.707107 0 0.707107 0 1 0 0 0 0
4 4 40 500 300.225 0.707107 0 0.707107 0 1 0 0 0 0
5 5 40 500 300.3 0.707107 0 0.707107 0 1 0 0 0 0
6 6 40 500 300.375 0.707107 0 0.707107 0 1 0 0 0 0
7 7 40 500 300.45 0.707107 0 0.707107 0 1 0 0 0 0
8 8 40 500 300.525 0.707107 0 0.707107 0 1 0 0 0 0
9 9 40 500 300.6 0.707107 0 0.707107 0 1 0 0 0 0
10 10 40 500 300.675 0.707107 0 0.707107 0 1 0 0 0 0
11 11 40 500 300.75 0.707107 0 0.707107 0 1 0 0 0 0
12 12 40 500 300.825 0.707107 0 0.707107 0 1 0 0 0 0
13 13 40 500 300.9 0.707107 0 0.707107 0 1 0 0 0 0
14 14 40 500 300.975 0.707107 0 0.707107 0 1 0 0 0 0
15 15 40 500 301.05 0.707107 0 0.707107 0 1 0 0 0 0
16 16 40 500 301.125 0.707107 0 0.707107 0 1 0 0 0 0
17 17 40 500 301.2 0.707107 0 0.707107 0 1 0 0 0 0
18 18 40 500 301.275 0.707107 0 0.707107 0 1 0 0 0 0
19 19 40 500 301.35 0.707107 0 0.707107 0 1 0 0 0 0
20 20 40 500 301.425 0.707107 0 0.707107 0 1 0 0 0 0
21 21 40 500 301.5 0.707107 0 0.707107 0 1 0 0 0 0
22 22 40 500 301.575 0.707107 0 0.707107 0 1 0 0 0 0
23 23 40 500 301.65 0.707107 0 0.707107 0 1 0 0 0 0
24 24 40 500 301.725 0.707107 0 0.707107 0 1 0 0 0 0
25 25 40 500 301.8 0.707107 0 0.707107 0 1 0 0 0 0
26 26 40 500 301.875 0.707107 0 0.707107 0 1 0 0 0 0
27 27 40 500 301.95 0.707107 0 0.707107 0 1 0 0 0 0
28 28 40 500 302.025 0.707107 0 0.707107 0 1 0 0 0 0
29 29 40 500 302.1 0.707107 0 0.707107 0 1 0 0 0 0
30 30 40 500 302.175 0.707107 0 0.707107 0 1 0 0 0 0
31 31 40 500 302.25 0.707107 0 0.707107 0 1 0 0 0 0
32 32 40 500 302.325 0.707107 0 0.707107 0 1 0 0 0 0
33 33 40 500 302.4 0.707107 0 0.707107 0 1 0 0 0 0
34 34 40 500 302.475 0.707107 0 0.707107 0 1 0 0 0 0
35 35 40 500 302.55 0.707107 0 0.707107 0 1 0 0 0 0
36 36 40 500 302.625 0.707107 0 0.707107 0 1 0 0 0 0
37 37 40 500 302.7 0.707107 0 0.707107 0 1 0 0 0 0
38 38 40 500 302.775 0.707107 0 0.707107 0 1 0 0 0 0
39 39 40 500 302.85 0.707107 0 0.707107 0 1 0 0 0 0
40 40 40 500 302.925 0.707107 0 0.707107 0 1 0 0 0 0
41 41 40 500 303 0.707107 0 0.707107 0 1 0 0 0 0
42 42 40 500 303.075 0.707107 0 0.707107 0 1 0 0 0 0
43 43 40 500 303.15 0.707107 0 0.707107 0 1 0 0 0 0
44 44 40 500 303.225 0.707107 0 0.707107 0 1 0 0 0 0
45 45 40 500 303.3 0.707107 0 0.707107 0 1 0 0 0 0
46 46 40 500 303.375 0.707107 0 0.707107 0 1 0 0 0 0
47 47 40 500 303.45 0.707107 0 0.707107 0 1 0 0 0 0
48 48 40 500 303.525 0.707107 0 0.707107 0 1 0 0 0 0
49 49 40 500 303.6 0.707107 0 0.707107 0 1 0 0 0 0
50 50 40 500 303.675 0.707107 0 0.707107 0 1 0 0 0 0
51 51 40 500 303.75 0.707107 0 0.707107 0 1 0 0 0 0
52 52 40 500 303.825 0.707107 0 0.707107 0 1 0 0 0 0
53 53 40 500 303.9 0.707107 0 0.707107 0 1 0 0 0 0
54 54 40 500 303.975 0.707107 0 0.707107 0 1 0 0 0 0
55 55 40 500 304.05 0.707107 0 0.707107 0 1 0 0 0 0
56 56 40 500 304.125 0.707107 0 0.707107 0 1 0 0 0 0
57 57 40 500 304.2 0.707107 0 0.707107 0 1 0 0 0 0
58 58 40 500 304.275 0.707107 0 0.707107 0 1 0 0 0 0
59 59 40 500 304.35 0.707107 0 0.707107 0 1 0 0 0 0
60 60 40 500 304.425 0.707107 0 0.707107 0 1 0 0 0 0
61 61 40 500 304.5 0.707107 0 0.707107 0 1 0 0 0 0
62 62 40 500 304.575 0.707107 0 0.707107 0 1 0 0 0 0
63 63 40 500 304.65 0.707107 0 0.707107 0 1 0 0 0 0
64 64 40 500 304.725 0.707107 0 0.707107 0 1 0 0 0 0
65 65 40 500 304.8 0.707107 0 0.707107 0 1 0 0 0 0
66 66 40 500 304.875 0.707107 0 0.707107 0 1 0 0 0 0
67 67 40 500 304.95 0.707107 0 0.707107 0 1 0 0 0 0
68 68 40 500 305.025 0.707107 0 0.707107 0 1 0 0 0 0
69 69 40 500 305.1 0.707107 0 0.707107 0 1 0 0 0 0
70 70 40 500 305.175 0.707107 0 0.707107 0 1 0 0 0 0
71 71 40 500 305.25 0.707107 0 0.707107 0 1 0 0 0 0
72 72 40 500 305.325 0.707107 0 0.707107 0 1 0 0 0 0
73 73 40 500 305.4 0.707107 0 0.707107 0 1 0 0 0 0
74 74 40 500 305.475 0.707107 0 0.707107 0 1 0 0 0 0
75 75 40 500 305.55 0.707107 0 0.707107 0 1 0 0 0 0
76 76 40 500 305.625 0.707107 0 0.707107 0 1 0 0 0 0
77 77 40 500 305.7 0.707107 0 0.707107 0 1 0 0 0 0
78 78 40 500 305.775 0.707107 0 0.707107 0 1 0 0 0 0
79 79 40 500 305.85 0.707107 0 0.707107 0 1 0 0 0 0
80 80 40 500 305.925 0.707107 0 0.707107 0 1 0 0 0 0
81 81 40 500 306 0.707107 0 0.707107 0 1 0 0 0 0
82 82 40 500 306.075 0.707107 0 0.707107 0 1 0 0 0 0
83 83 40 500 306.15 0.707107 0 0.707107 0 1 0 0 0 0
84 84 40 500 306.225 0.707107 0 0.707107 0 1 0 0 0 0
85 85 40 500 306.3 0.707107 0 0.707107 0 1 0 0 0 0
86 86 40 500 306.375 0.707107 0 0.707107 0 1 0 0 0 0
87 87 40 500 306.45 0.707107 0 0.707107 0 1 0 0 0 0
88 88 40 500 306.525 0.707107 0 0.707107 0 1 0 0 0 0
89 89 40 500 306.6 0.707107 0 0.707107 0 1 0 0 0 0
90 90 40 500 306.675 0.707107 0 0.707107 0 1 0 0 0 0
91 91 40 500 306.75 0.707107 0 0.707107 0 1 0 0 0 0
92 92 40 500 306.825 0.707107 0 0.707107 0 1 0 0 0 0
93 93 40 500 306.9 0.707107 0 0.707107 0 1 0 0 0 0
94 94 40 500 306.975 0.707107 0 0.707107 0 1 0 0 0 0
95 95 40 500 307.05 0.707107 0 0.707107 0 1 0 0 0 0
96 96 40 500 307.125 0.707107 0 0.707107 0 1 0 0 0 0
97 97 40 500 307.2 0.707107 0 0.707107 0 1 0 0 0 0
98 98 40 500 307.275 0.707107 0 0.707107 0 1 0 0 0 0
99 99 40 500 307.35 0.707107 0 0.707107 0 1 0 0 0 0
100 100 40 500 307.425 0.707107 0 0.707107 0 1 0 0 0 0
101 101 40 500 307.5 0.707107 0 0.707107 0 1 0 0 0 0
102 102 40 500 307.575 0.707107 0 0.707107 0 1 0 0 0 0
103 103 40 500 307.65 0.707107 0 0.707107 0 1 0 0 0 0
104 104 40 500 307.725 0.707107 0 0.707107 0 1 0 0 0 0
105 105 40 500 307.8 0.707107 0 0.707107 0 1 0 0 0 0
106 106 40 500 307.875 0.707107 0 0.707107 0 1 0 0 0 0
107 107 40 500 307.95 0.707107 0 0.707107 0 1 0 0 0 0
108 108 40 500 308.025 0.707107 0 0.707107 0 1 0 0 0 0
109 109 40 500 308.1 0.707107 0 0.707107 0 1 0 0 0 0
110 110 40 500 308.175 0.707107 0 0.707107 0 1 0 0 0 0
111 111 40 500 308.25 0.707107 0 0.707107 0 1 0 0 0 0
112 112 40 500 308.325 0.707107 0 0.707107 0 1 0 0 0 0
113 113 40 500 308.4 0.707107 0 0.707107 0 1 0 0 0 0
114 114 40 500 308.475 0.707107 0 0.707107 0 1 0 0 0 0
115 115 40 500 308.55 0.707107 0 0.707107 0 1 0 0 0 0
116 116 40 500 308.625 0.707107 0 0.707107 0 1 0 0 0 0
117 117 40 500 308.7 0.707107 0 0.707107 0 1 0 0 0 0
118 118 40 500 308.775 0.707107 0 0.707107 0 1 0 0 0 0
119 119 40 500 308.85 0.707107 0 0.707107 0 1 0 0 0 0
120 120 40 500 308.925 0.707107 0 0.707107 0 1 0 0 0 0
121 121 40 500 309 0.707107 0 0.707107 0 1 0 0 0 0
122 122 40 500 309.075 0.707107 0 0.707107 0 1 0 0 0 0
123 123 40 500 309.15 0.707107 0 0.707107 0 1 0 0 0 0
124 124 40 500 309.225 0.707107 0 0.707107 0 1 0 0 0 0
125 125 40 500 309.3 0.707107 0 0.707107 0 1 0 0 0 0
126 126 40 500 309.375 0.707107 0 0.707107 0 1 0 0 0 0
127 127 40 500 309.45 0.707107 0 0.707107 0 1 0 0 0 0
128 128 40 500 309.525 0.707107 0 0.707107 0 1 0 0 0 0
129 129 40 500 309.6 0.707107 0 0.707107 0 1 0 0 0 0
130 130 40 500 309.675 0.707107 0 0.707107 0 1 0 0 0 0
131 131 40 500 309.75 0.707107 0 0.707107 0 1 0 0 0 0
132 132 40 500 309.825 0.707107 0 0.707107 0 1 0 0 0 0
133 133 40 500 309.9 0.707107 0 0.707107 0 1 0 0 0 0
134 134 40 500 309.975 0.707107 0 0.707107 0 1 0 0 0 0
135 135 40 500 310.05 0.707107 0 0.707107 0 1 0 0 0 0
136 136 40 500 310.125 0.707107 0 0.707107 0 1 0 0 0 0
137 137 40 500 310.2 0.707107 0 0.707107 0 1 0 0 0 0
138 138 40 500 310.275 0.707107 0 0.707107 0 1 0 0 0 0
139 139 40 500 310.35 0.707107 0 0.707107 0 1 0 0 0 0
140 140 40 500 310.425 0.707107 0 0.707107 0 1 0 0 0 0
141 141 40 500 310.5 0.707107 0 0.707107 0 1 0 0 0 0
142 142 40 500 310.575 0.707107 0 0.707107 0 1 0 0 0 0
143 143 40 500 310.65 0.707107 0 0.707107 0 1 0 0 0 0
144 144 40 500 310.725 0.707107 0 0.707107 0 1 0 0 0 0
145 145 40 500 310.8 0.707107 0 0.707107 0 1 0 0 0 0
146 146 40 500 310.875 0.707107 0 0.707107 0 1 0 0 0 0
147 147 40 500 310.95 0.707107 0 0.707107 0 1 0 0 0 0
148 148 40 500 311.025 0.707107 0 0.707107 0 1 0 0 0 0
149 149 40 500 311.1 0.707107 0 0.707107 0 1 0 0 0 0
150 150 40 500 311.175 0.707107 0 0.707107 0 1 0 0 0 0
151 151 40 500 311.25 0.707107 0 0.707107 0 1 0 0 0 0
152 152 40 500 311.325 0.707107 0 0.707107 0 1 0 0 0 0
153 153 40 500 311.4 0.707107 0 0.707107 0 1 0 0 0 0
154 154 40 500 311.475 0.707107 0 0.707107 0 1 0 0 0 0
155 155 40 500 311.55 0.707107 0 0.707107 0 1 0 0 0 0
156 156 40 500 311.625 0.707107 0 0.707107 0 1 0 0 0 0
157 157 40 500 311.7 0.707107 0 0.707107 0 1 0 0 0 0
158 158 40 500 311.775 0.707107 0 0.707107 0 1 0 0 0 0
159 159 40 500 311.85 0.707107 0 0.707107 0 1 0 0 0 0
160 160 40 500 311.925 0.707107 0 0.707107 0 1 0 0 0 0
161 161 40 500 312 0.707107 0 0.707107 0 1 0 0 0 0
162 162 40 500 312.075 0.707107 0 0.707107 0 1 0 0 0 0
163 163 40 500 312.15 0.707107 0 0.707107 0 1 0 0 0 0
164 164 40 500 312.225 0.707107 0 0.707107 0 1 0 0 0 0
165 165 40 500 312.3 0.707107 0 0.707107 0 1 0 0 0 0
166 166 40 500 312.375 0.707107 0 0.707107 0 1 0 0 0 0
167 167 40 500 312.45 0.707107 0 0.707107 0 1 0 0 0 0
168 168 40 500 312.525 0.707107 0 0.707107 0 1 0 0 0 0
169 169 40 500 312.6 0.707107 0 0.707107 0 1 0 0 0 0
170 170 40 500 312.675 0.707107 0 0.707107 0 1 0 0 0 0
171 171 40 500 312.75 0.707107 0 0.707107 0 1 0 0 0 0
172 172 40 500 312.825 0.707107 0 0.707107 0 1 0 0 0 0
173 173 40 500 312.9 0.707107 0 0.707107 0 1 0 0 0 0
174 174 40 500 312.975 0.707107 0 0.707107 0 1 0 0 0 0
175 175 40 500 313.05 0.707107 0 0.707107 0 1 0 0 0 0
176 176 40 500 313.125 0.707107 0 0.707107 0 1 0 0 0 0
177 177 40 500 313.2 0.707107 0 0.707107 0 1 0 0 0 0
178 178 40 500 313.275 0.707107 0 0.707107 0 1 0 0 0 0
179 179 40 500 313.35 0.707107 0 0.707107 0 1 0 0 0 0
180 180 40 500 313.425 0.707107 0 0.707107 0 1 0 0 0 0
181 181 40 500 313.5 0.707107 0 0.707107 0 1 0 0 0 0
182 182 40 500 313.575 0.707107 0 0.707107 0 1 0 0 0 0
183 183 40 500 313.65 0.707107 0 0.707107 0 1 0 0 0 0
184 184 40 500 313.725 0.707107 0 0.707107 0 1 0 0 0 0
185 185 40 500 313.8 0.707107 0 0.707107 0 1 0 0 0 0
186 186 40 500 313.875 0.707107 0 0.707107 0 1 0 0 0 0
187 187 40 500 313.95 0.707107 0 0.707107 0 1 0 0 0 0
188 188 40 500 314.025 0.707107 0 0.707107 0 1 0 0 0 0
189 189 40 500 314.1 0.707107 0 0.707107 0 1 0 0 0 0
190 190 40 500 314.175 0.707107 0 0.707107 0 1 0 0 0 0
191 191 40 500 314.25 0.707107 0 0.707107 0 1 0 0 0 0
192 192 40 500 314.325 0.707107 0 0.707107 0 1 0 0 0 0
193 193 40 500 314.4 0.707107 0 0.707107 0 1 0 0 0 0
194 194 40 500 314.475 0.707107 0 0.707107 0 1 0 0 0 0
195 195 40 500 314.55 0.707107 0 0.707107 0 1 0 0 0 0
196 196 40 500 314.625 0.707107 0 0.707107 0 1 0 0 0 0
197 197 40 500 314.7 0.707107 0 0.707107 0 1 0 0 0 0
198 198 40 500 314.775 0.707107 0 0.707107 0 1 0 0 0 0
199 199 40 500 314.85 0.707107 0 0.707107 0 1 0 0 0 0
200 200 40 500 314.925 0.707107 0 0.707107 0 1 0 0 0 0
201 201 40 500 315 0.707107 0 0.707107 0 1 0 0 0 0
202 202 40 500 315.075 0.707107 0 0.707107 0 1 0 0 0 0
203 203 40 500 315.15 0.707107 0 0.707107 0 1 0 0 0 0
204 204 40 500 315.225 0.707107 0 0.707107 0 1 0 0 0 0
205 205 40 500 315.3 0.707107 0 0.707107 0 1 0 0 0 0
206 206 40 500 315.375 0.707107 0 0.707107 0 1 0 0 0 0
207 207 40 500 315.45 0.707107 0 0.707107 0 1 0 0 0 0
208 208 40 500 315.525 0.707107 0 0.707107 0 1 0 0 0 0
209 209 40 500 315.6 0.707107 0 0.707107 0 1 0 0 0 0
210 210 40 500 315.675 0.707107 0 0.707107 0 1 0 0 0 0
211 211 40 500 315.75 0.707107 0 0.707107 0 1 0 0 0 0
212 212 40 500 315.825 0.707107 0 0.707107 0 1 0 0 0 0
213 213 40 500 315.9 0.707107 0 0.707107 0 1 0 0 0 0
214 214 40 500 315.975 0.707107 0 0.707107 0 1 0 0 0 0
215 215 40 500 316.05 0.707107 0 0.707107 0 1 0 0 0 0
216 216 40 500 316.125 0.707107 0 0.707107 0 1 0 0 0 0
217 217 40 500 316.2 0.707107 0 0.707107 0 1 0 0 0 0
218 218 40 500 316.275 0.707107 0 0.707107 0 1 0 0 0 0
219 219 40 500 316.35 0.707107 0 0.707107 0 1 0 0 0 0
220 220 40 500 316.425 0.707107 0 0.707107 0 1 0 0 0 0
221 221 40 500 316.5 0.707107 0 0.707107 0 1 0 0 0 0
222 222 40 500 316.575 0.707107 0 0.707107 0 1 0 0 0 0
223 223 40 500 316.65 0.707107 0 0.707107 0 1 0 0 0 0
224 224 40 500 316.725 0.707107 0 0.707107 0 1 0 0 0 0
225 225 40 500 316.8 0.707107 0 0.707107 0 1 0 0 0 0
226 226 40 500 316.875 0.707107 0 0.707107 0 1 0 0 0 0
227 227 40 500 316.95 0.707107 0 0.707107 0 1 0 0 0 0
228 228 40 500 317.025 0.707107 0 0.707107 0 1 0 0 0 0
229 229 40 500 317.1 0.707107 0 0.707107 0 1 0 0 0 0
230 230 40 500 317.175 0.707107 0 0.707107 0 1 0 0 0 0
231 231 40 500 317.25 0.707107 0 0.707107 0 1 0 0 0 0
232 232 40 500 317.325 0.707107 0 0.707107 0 1 0 0 0 0
233 233 40 500 317.4 0.707107 0 0.707107 0 1 0 0 0 0
234 234 40 500 317.475 0.707107 0 0.707107 0 1 0 0 0 0
235 235 40 500 317.55 0.707107 0 0.707107 0 1 0 0 0 0
236 236 40 500 317.625 0.707107 0 0.707107 0 1 0 0 0 0
237 237 40 500 317.7 0.707107 0 0.707107 0 1 0 0 0 0
238 238 40 500 317.775 0.707107 0 0.707107 0 1 0 0 0 0
239 239 40 500 317.85 0.707107 0 0.707107 0 1 0 0 0 0
240 240 40 500 317.925 0.707107 0 0.707107 0 1 0 0 0 0
241 241 40 500 318 0.707107 0 0.707107 0 1 0 0 0 0
242 242 40 500 318.075 0.707107 0 0.707107 0 1 0 0 0 0
243 243 40 500 318.15 0.707107 0 0.707107 0 1 0 0 0 0
244 244 40 500 318.225 0.707107 0 0.707107 0 1 0 0 0 0
245 245 40 500 318.3 0.707107 0 0.707107 0 1 0 0 0 0
246 246 40 500 318.375 0.707107 0 0.707107 0 1 0 0 0 0
247 247 40 500 318.45 0.707107 0 0.707107 0 1 0 0 0 0
248 248 40 500 318.525 0.707107 0 0.707107 0 1 0 0 0 0
249 249 40 500 318.6 0.707107 0 0.707107 0 1 0 0 0 0
250 250 40 500 318.675 0.707107 0 0.707107 0 1 0 0 0 0
251 251 40 500 318.75 0.707107 0 0.707107 0 1 0 0 0 0
252 252 40 500 318.825 0.707107 0 0.707107 0 1 0 0 0 0
253 253 40 500 318.9 0.707107 0 0.707107 0 1 0 0 0 0
254 254 40 500 318.975 0.707107 0 0.707107 0 1 0 0 0 0
255 255 40 500 319.05 0.707107 0 0.707107 0 1 0 0 0 0
256 256 40 500 319.125 0.707107 0 0.707107 0 1 0 0 0 0
257 257 40 500 319.2 0.707107 0 0.707107 0 1 0 0 0 0
258 258 40 500 319.275 0.707107 0 0.707107 0 1 0 0 0 0
259 259 40 500 319.35 0.707107 0 0.707107 0 1 0 0 0 0
260 260 40 500 319.425 0.707107 0 0.707107 0 1 0 0 0 0
261 261 40 500 319.5 0.707107 0 0.707107 0 1 0 0 0 0
262 262 40 500 319.575 0.707107 0 0.707107 0 1 0 0 0 0
263 263 40 500 319.65 0.707107 0 0.707107 0 1 0 0 0 0
264 264 40 500 319.725 0.707107 0 0.707107 0 1 0 0 0 0
265 265 40 500 319.8 0.707107 0 0.707107 0 1 0 0 0 0
266 266 40 500 319.875 0.707107 0 0.707107 0 1 0 0 0 0
267 267 40 500 319.95 0.707107 0 0.707107 0 1 0 0 0 0
268 268 40 500 320.025 0.707107 0 0.707107 0 1 0 0 0 0
269 269 40 500 320.1 0.707107 0 0.707107 0 1 0 0 0 0
270 270 40 500 320.175 0.707107 0 0.707107 0 1 0 0 0 0
271 271 40 500 320.25 0.707107 0 0.707107 0 1 0 0 0 0
272 272 40 500 320.325 0.707107 0 0.707107 0 1 0 0 0 0
273 273 40 500 320.4 0.707107 0 0.707107 0 1 0 0 0 0
274 274 40 500 320.475 0.707107 0 0.707107 0 1 0 0 0 0
275 275 40 500 320.55 0.707107 0 0.707107 0 1 0 0 0 0
276 276 40 500 320.625 0.707107 0 0.707107 0 1 0 0 0 0
277 277 40 500 320.7 0.707107 0 0.707107 0 1 0 0 0 0
278 278 40 500 320.775 0.707107 0 0.707107 0 1 0 0 0 0
279 279 40 500 320.85 0.707107 0 0.707107 0 1 0 0 0 0
280 280 40 500 320.925 0.707107 0 0.707107 0 1 0 0 0 0
281 281 40 500 321 0.707107 0 0.707107 0 1 0 0 0 0
282 282 40 500 321.075 0.707107 0 0.707107 0 1 0 0 0 0
283 283 40 500 321.15 0.707107 0 0.707107 0 1 0 0 0 0
284 284 40 500 321.225 0.707107 0 0.707107 0 1 0 0 0 0
285 285 40 500 321.3 0.707107 0 0.707107 0 1 0 0 0 0
286 286 40 500 321.375 0.707107 0 0.707107 0 1 0 0 0 0
287 287 40 500 321.45 0.707107 0 0.707107 0 1 0 0 0 0
288 288 40 500 321.525 0.707107 0 0.707107 0 1 0 0 0 0
289 289 40 500 321.6 0.707107 0 0.707107 0 1 0 0 0 0
290 290 40 500 321.675 0.707107 0 0.707107 0 1 0 0 0 0
291 291 40 500 321.75 0.707107 0 0.707107 0 1 0 0 0 0
292 292 40 500 321.825 0.707107 0 0.707107 0 1 0 0 0 0
293 293 40 500 321.9 0.707107 0 0.707107 0 1 0 0 0 0
294 294 40 500 321.975 0.707107 0 0.707107 0 1 0 0 0 0
295 295 40 500 322.05 0.707107 0 0.707107 0 1 0 0 0 0
296 296 40 500 322.125 0.707107 0 0.707107 0 1 0 0 0 0
297 297 40 500 322.2 0.707107 0 0.707107 0 1 0 0 0 0
298 298 40 500 322.275 0.707107 0 0.707107 0 1 0 0 0 0
299 299 40 500 322.35 0.707107 0 0.707107 0 1 0 0 0 0
300 300 40 500 322.425 0.707107 0 0.707107 0 1 0 0 0 0
301 301 40 500 322.5 0.707107 0 0.707107 0 1 0 0 0 0
302 302 40 500 322.575 0.707107 0 0.707107 0 1 0 0 0 0
303 303 40 500 322.65 0.707107 0 0.707107 0 1 0 0 0 0
304 304 40 500 322.725 0.707107 0 0.707107 0 1 0 0 0 0
305 305 40 500 322.8 0.707107 0 0.707107 0 1 0 0 0 0
306 306 40 500 322.875 0.707107 0 0.707107 0 1 0 0 0 0
307 307 40 500 322.95 0.707107 0 0.707107 0 1 0 0 0 0
308 308 40 500 323.025 0.707107 0 0.707107 0 1 0 0 0 0
309 309 40 500 323.1 0.707107 0 0.707107 0 1 0 0 0 0
310 310 40 500 323.175 0.707107 0 0.707107 0 1 0 0 0 0
311 311 40 500 323.25 0.707107 0 0.707107 0 1 0 0 0 0
312 312 40 500 323.325 0.707107 0 0.707107 0 1 0 0 0 0
313 313 40 500 323.4 0.707107 0 0.707107 0 1 0 0 0 0
314 314 40 500 323.475 0.707107 0 0.707107 0 1 0 0 0 0
315 315 40 500 323.55 0.707107 0 0.707107 0 1 0 0 0 0
316 316 40 500 323.625 0.707107 0 0.707107 0 1 0 0 0 0
317 317 40 500 323.7 0.707107 0 0.707107 0 1 0 0 0 0
318 318 40 500 323.775 0.707107 0 0.707107 0 1 0 0 0 0
319 319 40 500 323.85 0.707107 0 0.707107 0 1 0 0 0 0
320 320 40 500 323.925 0.707107 0 0.707107 0 1 0 0 0 0
321 321 40 500 324 0.707107 0 0.707107 0 1 0 0 0 0
322 322 40 500 324.075 0.707107 0 0.707107 0 1 0 0 0 0
323 323 40 500 324.15 0.707107 0 0.707107 0 1 0 0 0 0
324 324 40 500 324.225 0.707107 0 0.707107 0 1 0 0 0 0
325 325 40 500 324.3 0.707107 0 0.707107 0 1 0 0 0 0
326 326 40 500 324.375 0.707107 0 0.707107 0 1 0 0 0 0
327 327 40 500 324.45 0.707107 0 0.707107 0 1 0 0 0 0
328 328 40 500 324.525 0.707107 0 0.707107 0 1 0 0 0 0
329 329 40 500 324.6 0.707107 0 0.707107 0 1 0 0 0 0
330 330 40 500 324.675 0.707107 0 0.707107 0 1 0 0 0 0
331 331 40 500 324.75 0.707107 0 0.707107 0 1 0 0 0 0
332 332 40 500 324.825 0.707107 0 0.707107 0 1 0 0 0 0
333 333 40 500 324.9 0.707107 0 0.707107 0 1 0 0 0 0
334 334 40 500 324.975 0.707107 0 0.707107 0 1 0 0 0 0
335 335 40 500 325.05 0.707107 0 0.707107 0 1 0 0 0 0
336 336 40 500 325.125 0.707107 0 0.707107 0 1 0 0 0 0
337 337 40 500 325.2 0.707107 0 0.707107 0 1 0 0 0 0
338 338 40 500 325.275 0.707107 0 0.707107 0 1 0 0 0 0
339 339 40 500 325.35 0.707107 0 0.707107 0 1 0 0 0 0
340 340 40 500 325.425 0.707107 0 0.707107 0 1 0 0 0 0
341 341 40 500 325.5 0.707107 0 0.707107 0 1 0 0 0 0
342 342 40 500 325.575 0.707107 0 0.707107 0 1 0 0 0 0
343 343 40 500 325.65 0.707107 0 0.707107 0 1 0 0 0 0
344 344 40 500 325.725 0.707107 0 0.707107 0 1 0 0 0 0
345 345 40 500 325.8 0.707107 0 0.707107 0 1 0 0 0 0
346 346 40 500 325.875 0.707107 0 0.707107 0 1 0 0 0 0
347 347 40 500 325.95 0.707107 0 0.707107 0 1 0 0 0 0
348 348 40 500 326.025 0.707107 0 0.707107 0 1 0 0 0 0
349 349 40 500 326.1 0.707107 0 0.707107 0 1 0 0 0 0
350 350 40 500 326.175 0.707107 0 0.707107 0 1 0 0 0 0
351 351 40 500 326.25 0.707107 0 0.707107 0 1 0 0 0 0
352 352 40 500 326.325 0.707107 0 0.707107 0 1 0 0 0 0
353 353 40 500 326.4 0.707107 0 0.707107 0 1 0 0 0 0
354 354 40 500 326.475 0.707107 0 0.707107 0 1 0 0 0 0
355 355 40 500 326.55 0.707107 0 0.707107 0 1 0 0 0 0
356 356 40 500 326.625 0.707107 0 0.707107 0 1 0 0 0 0
357 357 40 500 326.7 0.707107 0 0.707107 0 1 0 0 0 0
358 358 40 500 326.775 0.707107 0 0.707107 0 1 0 0 0 0
359 359 40 500 326.85 0.707107 0 0.707107 0 1 0 0 0 0
360 360 40 500 326.925 0.707107 0 0.707107 0 1 0 0 0 0
361 361 40 500 327 0.707107 0 0.707107 0 1 0 0 0 0
362 362 40 500 327.075 0.707107 0 0.707107 0 1 0 0 0 0
363 363 40 500 327.15 0.707107 0 0.707107 0 1 0 0 0 0
364 364 40 500 327.225 0.707107 0 0.707107 0 1 0 0 0 0
365 365 40 500 327.3 0.707107 0 0.707107 0 1 0 0 0 0
366 366 40 500 327.375 0.707107 0 0.707107 0 1 0 0 0 0
367 367 40 500 327.45 0.707107 0 0.707107 0 1 0 0 0 0
368 368 40 500 327.525 0.707107 0 0.707107 0 1 0 0 0 0
369 369 40 500 327.6 0.707107 0 0.707107 0 1 0 0 0 0
370 370 40 500 327.675 0.707107 0 0.707107 0 1 0 0 0 0
371 371 40 500 327.75 0.707107 0 0.707107 0 1 0 0 0 0
372 372 40 500 327.825 0.707107 0 0.707107 0 1 0 0 0 0
373 373 40 500 327.9 0.707107 0 0.707107 0 1 0 0 0 0
374 374 40 500 327.975 0.707107 0 0.707107 0 1 0 0 0 0
375 375 40 500 328.05 0.707107 0 0.707107 0 1 0 0 0 0
376 376 40 500 328.125 0.707107 0 0.707107 0 1 0 0 0 0
377 377 40 500 328.2 0.707107 0 0.707107 0 1 0 0 0 0
378 378 40 500 328.275 0.707107 0 0.707107 0 1 0 0 0 0
379 379 40 500 328.35 0.707107 0 0.707107 0 1 0 0 0 0
380 380 40 500 328.425 0.707107 0 0.707107 0 1 0 0 0 0
381 381 40 500 328.5 0.707107 0 0.707107 0 1 0 0 0 0
382 382 40 500 328.575 0.707107 0 0.707107 0 1 0 0 0 0
383 383 40 500 328.65 0.707107 0 0.707107 0 1 0 0 0 0
384 384 40 500 328.725 0.707107 0 0.707107 0 1 0 0 0 0
385 385 40 500 328.8 0.707107 0 0.707107 0 1 0 0 0 0
386 386 40 500 328.875 0.707107 0 0.707107 0 1 0 0 0 0
387 387 40 500 328.95 0.707107 0 0.707107 0 1 0 0 0 0
388 388 40 500 329.025 0.707107 0 0.707107 0 1 0 0 0 0
389 389 40 500 329.1 0.707107 0 0.707107 0 1 0 0 0 0
390 390 40 500 329.175 0.707107 0 0.707107 0 1 0 0 0 0
391 391 40 500 329.25 0.707107 0 0.707107 0 1 0 0 0 0
392 392 40 500 329.325 0.707107 0 0.707107 0 1 0 0 0 0
393 393 40 500 329.4 0.707107 0 0.707107 0 1 0 0 0 0
394 394 40 500 329.475 0.707107 0 0.707107 0 1 0 0 0 0
395 395 40 500 329.55 0.707107 0 0.707107 0 1 0 0 0 0
396 396 40 500 329.625 0.707107 0 0.707107 0 1 0 0 0 0
397 397 40 500 329.7 0.707107 0 0.707107 0 1 0 0 0 0
398 398 40 500 329.775 0.707107 0 0.707107 0 1 0 0 0 0
399 399 40 500 329.85 0.707107 0 0.707107 0 1 0 0 0 0
400 400 40 500 329.925 0.707107 0 0.707107 0 1 0 0 0 0
401 401 40 500 330 0.707107 0 0.707107 0 1 0 0 0 0
402 402 40 500 330.075 0.707107 0 0.707107 0 1 0 0 0 0
403 403 40 500 330.15 0.707107 0 0.707107 0 1 0 0 0 0
404 404 40 500 330.225 0.707107 0 0.707107 0 1 0 0 0 0
405 405 40 500 330.3 0.707107 0 0.707107 0 1 0 0 0 0
406 406 40 500 330.375 0.707107 0 0.707107 0 1 0 0 0 0
407 407 40 500 330.45 0.707107 0 0.707107 0 1 0 0 0 0
408 408 40 500 330.525 0.707107 0 0.707107 0 1 0 0 0 0
409 409 40 500 330.6 0.707107 0 0.707107 0 1 0 0 0 0
410 410 40 500 330.675 0.707107 0 0.707107 0 1 0 0 0 0
411 411 40 500 330.75 0.707107 0 0.707107 0 1 0 0 0 0
412 412 40 500 330.825 0.707107 0 0.707107 0 1 0 0 0 0
413 413 40 500 330.9 0.707107 0 0.707107 0 1 0 0 0 0
414 414 40 500 330.975 0.707107 0 0.707107 0 1 0 0 0 0
415 415 40 500 331.05 0.707107 0 0.707107 0 1 0 0 0 0
416 416 40 500 331.125 0.707107 0 0.707107 0 1 0 0 0 0
417 417 40 500 331.2 0.707107 0 0.707107 0 1 0 0 0 0
418 418 40 500 331.275 0.707107 0 0.707107 0 1 0 0 0 0
419 419 40 500 331.35 0.707107 0 0.707107 0 1 0 0 0 0
420 420 40 500 331.425 0.707107 0 0.707107 0 1 0 0 0 0
421 421 40 500 331.5 0.707107 0 0.707107 0 1 0 0 0 0
422 422 40 500 331.575 0.707107 0 0.707107 0 1 0 0 0 0
423 423 40 500 331.65 0.707107 0 0.707107 0 1 0 0 0 0
424 424 40 500 331.725 0.707107 0 0.707107 0 1 0 0 0 0
425 425 40 500 331.8 0.707107 0 0.707107 0 1 0 0 0 0
426 426 40 500 331.875 0.707107 0 0.707107 0 1 0 0 0 0
427 427 40 500 331.95 0.707107 0 0.707107 0 1 0 0 0 0
428 428 40 500 332.025 0.707107 0 0.707107 0 1 0 0 0 0
429 429 40 500 332.1 0.707107 0 0.707107 0 1 0 0 0 0
430 430 40 500 332.175 0.707107 0 0.707107 0 1 0 0 0 0
431 431 40 500 332.25 0.707107 0 0.707107 0 1 0 0 0 0
432 432 40 500 332.325 0.707107 0 0.707107 0 1 0 0 0 0
433 433 40 500 332.4 0.707107 0 0.707107 0 1 0 0 0 0
434 434 40 500 332.475 0.707107 0 0.707107 0 1 0 0 0 0
435 435 40 500 332.55 0.707107 0 0.707107 0 1 0 0 0 0
436 436 40 500 332.625 0.707107 0 0.707107 0 1 0 0 0 0
437 437 40 500 332.7 0.707107 0 0.707107 0 1 0 0 0 0
438 438 40 500 332.775 0.707107 0 0.707107 0 1 0 0 0 0
439 439 40 500 332.85 0.707107 0 0.707107 0 1 0 0 0 0
440 440 40 500 332.925 0.707107 0 0.707107 0 1 0 0 0 0
441 441 40 500 333 0.707107 0 0.707107 0 1 0 0 0 0
442 442 40 500 333.075 0.707107 0 0.707107 0 1 0 0 0 0
443 443 40 500 333.15 0.707107 0 0.707107 0 1 0 0 0 0
444 444 40 500 333.225 0.707107 0 0.707107 0 1 0 0 0 0
445 445 40 500 333.3 0.707107 0 0.707107 0 1 0 0 0 0
446 446 40 500 333.375 0.707107 0 0.707107 0 1 0 0 0 0
447 447 40 500 333.45 0.707107 0 0.707107 0 1 0 0 0 0
448 448 40 500 333.525 0.707107 0 0.707107 0 1 0 0 0 0
449 449 40 500 333.6 0.707107 0 0.707107 0 1 0 0 0 0
450 450 40 500 333.675 0.707107 0 0.707107 0 1 0 0 0 0
451 451 40 500 333.75 0.707107 0 0.707107 0 1 0 0 0 0
452 452 40 500 333.825 0.707107 0 0.707107 0 1 0 0 0 0
453 453 40 500 333.9 0.707107 0 0.707107 0 1 0 0 0 0
454 454 40 500 333.975 0.707107 0 0.707107 0 1 0 0 0 0
455 455 40 500 334.05 0.707107 0 0.707107 0 1 0 0 0 0
456 456 40 500 334.125 0.707107 0 0.707107 0 1 0 0 0 0
457 457 40 500 334.2 0.707107 0 0.707107 0 1 0 0 0 0
458 458 40 500 334.275 0.707107 0 0.707107 0 1 0 0 0 0
459 459 40 500 334.35 0.707107 0 0.707107 0 1 0 0 0 0
460 460 40 500 334.425 0.707107 0 0.707107 0 1 0 0 0 0
461 461 40 500 334.5 0.707107 0 0.707107 0 1 0 0 0 0
462 462 40 500 334.575 0.707107 0 0.707107 0 1 0 0 0 0
463 463 40 500 334.65 0.707107 0 0.707107 0 1 0 0 0 0
464 464 40 500 334.725 0.707107 0 0.707107 0 1 0 0 0 0
465 465 40 500 334.8 0.707107 0 0.707107 0 1 0 0 0 0
466 466 40 500 334.875 0.707107 0 0.707107 0 1 0 0 0 0
467 467 40 500 334.95 0.707107 0 0.707107 0 1 0 0 0 0
468 468 40 500 335.025 0.707107 0 0.707107 0 1 0 0 0 0
469 469 40 500 335.1 0.707107 0 0.707107 0 1 0 0 0 0
470 470 40 500 335.175 0.707107 0 0.707107 0 1 0 0 0 0
471 471 40 500 335.25 0.707107 0 0.707107 0 1 0 0 0 0
472 472 40 500 335.325 0.707107 0 0.707107 0 1 0 0 0 0
473 473 40 500 335.4 0.707107 0 0.707107 0 1 0 0 0 0
474 474 40 500 335.475 0.707107 0 0.707107 0 1 0 0 0 0
475 475 40 500 335.55 0.707107 0 0.707107 0 1 0 0 0 0
476 476 40 500 335.625 0.707107 0 0.707107 0 1 0 0 0 0
477 477 40 500 335.7 0.707107 0 0.707107 0 1 0 0 0 0
478 478 40 500 335.775 0.707107 0 0.707107 0 1 0 0 0 0
479 479 40 500 335.85 0.707107 0 0.707107 0 1 0 0 0 0
480 480 40 500 335.925 0.707107 0 0.707107 0 1 0 0 0 0
481 481 40 500 336 0.707107 0 0.707107 0 1 0 0 0 0
482 482 40 500 336.075 0.707107 0 0.707107 0 1 0 0 0 0
483 483 40 500 336.15 0.707107 0 0.707107 0 1 0 0 0 0
484 484 40 500 336.225 0.707107 0 0.707107 0 1 0 0 0 0
485 485 40 500 336.3 0.707107 0 0.707107 0 1 0 0 0 0
486 486 40 500 336.375 0.707107 0 0.707107 0 1 0 0 0 0
487 487 40 500 336.45 0.707107 0 0.707107 0 1 0 0 0 0
488 488 40 500 336.525 0.707107 0 0.707107 0 1 0 0 0 0
489 489 40 500 336.6 0.707107 0 0.707107 0 1 0 0 0 0
490 490 40 500 336.675 0.707107 0 0.707107 0 1 0 0 0 0
491 491 40 500 336.75 0.707107 0 0.707107 0 1 0 0 0 0
492 492 40 500 336.825 0.707107 0 0.707107 0 1 0 0 0 0
493 493 40 500 336.9 0.707107 0 0.707107 0 1 0 0 0 0
494 494 40 500 336.975 0.707107 0 0.707107 0 1 0 0 0 0
495 495 40 500 337.05 0.707107 0 0.707107 0 1 0 0 0 0
496 496 40 500 337.125 0.707107 0 0.707107 0 1 0 0 0 0
497 497 40 500 337.2 0.707107 0 0.707107 0 1 0 0 0 0
498 498 40 500 337.275 0.707107 0 0.707107 0 1 0 0 0 0
499 499 40 500 337.35 0.707107 0 0.707107 0 1 0 0 0 0
500 500 40 500 337.425 0.707107 0 0.707107 0 1 0 0 0 0
501 501 40 500 337.5 0.707107 0 0.707107 0 1 0 0 0 0
502 502 40 500 337.575 0.707107 0 0.707107 0 1 0 0 0 0
503 503 40 500 337.65 0.707107 0 0.707107 0 1 0 0 0 0
504 504 40 500 337.725 0.707107 0 0.707107 0 1 0 0 0 0
505 505 40 500 337.8 0.707107 0 0.707107 0 1 0 0 0 0
506 506 40 500 337.875 0.707107 0 0.707107 0 1 0 0 0 0
507 507 40 500 337.95 0.707107 0 0.707107 0 1 0 0 0 0
508 508 40 500 338.025 0.707107 0 0.707107 0 1 0 0 0 0
509 509 40 500 338.1 0.707107 0 0.707107 0 1 0 0 0 0
510 510 40 500 338.175 0.707107 0 0.707107 0 1 0 0 0 0
511 511 40 500 338.25 0.707107 0 0.707107 0 1 0 0 0 0
512 512 40 500 338.325 0.707107 0 0.707107 0 1 0 0 0 0
513 513 40 500 338.4 0.707107 0 0.707107 0 1 0 0 0 0
514 514 40 500 338.475 0.707107 0 0.707107 0 1 0 0 0 0
515 515 40 500 338.55 0.707107 0 0.707107 0 1 0 0 0 0
516 516 40 500 338.625 0.707107 0 0.707107 0 1 0 0 0 0
517 517 40 500 338.7 0.707107 0 0.707107 0 1 0 0 0 0
518 518 40 500 338.775 0.707107 0 0.707107 0 1 0 0 0 0
519 519 40 500 338.85 0.707107 0 0.707107 0 1 0 0 0 0
520 520 40 500 338.925 0.707107 0 0.707107 0 1 0 0 0 0
521 521 40 500 339 0.707107 0 0.707107 0 1 0 0 0 0
522 522 40 500 339.075 0.707107 0 0.707107 0 1 0 0 0 0
523 523 40 500 339.15 0.707107 0 0.707107 0 1 0 0 0 0
524 524 40 500 339.225 0.707107 0 0.707107 0 1 0 0 0 0
525 525 40 500 339.3 0.707107 0 0.707107 0 1 0 0 0 0
526 526 40 500 339.375 0.707107 0 0.707107 0 1 0 0 0 0
527 527 40 500 339.45 0.707107 0 0.707107 0 1 0 0 0 0
528 528 40 500 339.525 0.707107 0 0.707107 0 1 0 0 0 0
529 529 40 500 339.6 0.707107 0 0.707107 0 1 0 0 0 0
530 530 40 500 339.675 0.707107 0 0.707107 0 1 0 0 0 0
531 531 40 500 339.75 0.707107 0 0.707107 0 1 0 0 0 0
532 532 40 500 339.825 0.707107 0 0.707107 0 1 0 0 0 0
533 533 40 500 339.9 0.707107 0 0.707107 0 1 0 0 0 0
534 534 40 500 339.975 0.707107 0 0.707107 0 1 0 0 0 0
535 535 40 500 340.05 0.707107 0 0.707107 0 1 0 0 0 0
536 536 40 500 340.125 0.707107 0 0.707107 0 1 0 0 0 0
537 537 40 500 340.2 0.707107 0 0.707107 0 1 0 0 0 0
538 538 40 500 340.275 0.707107 0 0.707107 0 1 0 0 0 0
539 539 40 500 340.35 0.707107 0 0.707107 0 1 0 0 0 0
540 540 40 500 340.425 0.707107 0 0.707107 0 1 0 0 0 0
541 541 40 500 340.5 0.707107 0 0.707107 0 1 0 0 0 0
542 542 40 500 340.575 0.707107 0 0.707107 0 1 0 0 0 0
543 543 40 500 340.65 0.707107 0 0.707107 0 1 0 0 0 0
544 544 40 500 340.725 0.707107 0 0.707107 0 1 0 0 0 0
545 545 40 500 340.8 0.707107 0 0.707107 0 1 0 0 0 0
546 546 40 500 340.875 0.707107 0 0.707107 0 1 0 0 0 0
547 547 40 500 340.95 0.707107 0 0.707107 0 1 0 0 0 0
548 548 40 500 341.025 0.707107 0 0.707107 0 1 0 0 0 0
549 549 40 500 341.1 0.707107 0 0.707107 0 1 0 0 0 0
550 550 40 500 341.175 0.707107 0 0.707107 0 1 0 0 0 0
551 551 40 500 341.25 0.707107 0 0.707107 0 1 0 0 0 0
552 552 40 500 341.325 0.707107 0 0.707107 0 1 0 0 0 0
553 553 40 500 341.4 0.707107 0 0.707107 0 1 0 0 0 0
554 554 40 500 341.475 0.707107 0 0.707107 0 1 0 0 0 0
555 555 40 500 341.55 0.707107 0 0.707107 0 1 0 0 0 0
556 556 40 500 341.625 0.707107 0 0.707107 0 1 0 0 0 0
557 557 40 500 341.7 0.707107 0 0.707107 0 1 0 0 0 0
558 558 40 500 341.775 0.707107 0 0.707107 0 1 0 0 0 0
559 559 40 500 341.85 0.707107 0 0.707107 0 1 0 0 0 0
560 560 40 500 341.925 0.707107 0 0.707107 0 1 0 0 0 0
561 561 40 500 342 0.707107 0 0.707107 0 1 0 0 0 0
562 562 40 500 342.075 0.707107 0 0.707107 0 1 0 0 0 0
563 563 40 500 342.15 0.707107 0 0.707107 0 1 0 0 0 0
564 564 40 500 342.225 0.707107 0 0.707107 0 1 0 0 0 0
565 565 40 500 342.3 0.707107 0 0.707107 0 1 0 0 0 0
566 566 40 500 342.375 0.707107 0 0.707107 0 1 0 0 0 0
567 567 40 500 342.45 0.707107 0 0.707107 0 1 0 0 0 0
568 568 40 500 342.525 0.707107 0 0.707107 0 1 0 0 0 0
569 569 40 500 342.6 0.707107 0 0.707107 0 1 0 0 0 0
570 570 40 500 342.675 0.707107 0 0.707107 0 1 0 0 0 0
571 571 40 500 342.75 0.707107 0 0.707107 0 1 0 0 0 0
572 572 40 500 342.825 0.707107 0 0.707107 0 1 0 0 0 0
573 573 40 500 342.9 0.707107 0 0.707107 0 1 0 0 0 0
574 574 40 500 342.975 0.707107 0 0.707107 0 1 0 0 0 0
575 575 40 500 343.05 0.707107 0 0.707107 0 1 0 0 0 0
576 576 40 500 343.125 0.707107 0 0.707107 0 1 0 0 0 0
577 577 40 500 343.2 0.707107 0 0.707107 0 1 0 0 0 0
578 578 40 500 343.275 0.707107 0 0.707107 0 1 0 0 0 0
579 579 40 500 343.35 0.707107 0 0.707107 0 1 0 0 0 0
580 580 40 500 343.425 0.707107 0 0.707107 0 1 0 0 0 0
581 581 40 500 343.5 0.707107 0 0.707107 0 1 0 0 0 0
582 582 40 500 343.575 0.707107 0 0.707107 0 1 0 0 0 0
583 583 40 500 343.65 0.707107 0 0.707107 0 1 0 0 0 0
584 584 40 500 343.725 0.707107 0 0.707107 0 1 0 0 0 0
585 585 40 500 343.8 0.707107 0 0.707107 0 1 0 0 0 0
586 586 40 500 343.875 0.707107 0 0.707107 0 1 0 0 0 0
587 587 40 500 343.95 0.707107 0 0.707107 0 1 0 0 0 0
588 588 40 500 344.025 0.707107 0 0.707107 0 1 0 0 0 0
589 589 40 500 344.1 0.707107 0 0.707107 0 1 0 0 0 0
590 590 40 500 344.175 0.707107 0 0.707107 0 1 0 0 0 0
591 591 40 500 344.25 0.707107 0 0.707107 0 1 0 0 0 0
592 592 40 500 344.325 0.707107 0 0.707107 0 1 0 0 0 0
593 593 40 500 344.4 0.707107 0 0.707107 0 1 0 0 0 0
594 594 40 500 344.475 0.707107 0 0.707107 0 1 0 0 0 0
595 595 40 500 344.55 0.707107 0 0.707107 0 1 0 0 0 0
596 596 40 500 344.625 0.707107 0 0.707107 0 1 0 0 0 0
597 597 40 500 344.7 0.707107 0 0.707107 0 1 0 0 0 0
598 598 40 500 344.775 0.707107 0 0.707107 0 1 0 0 0 0
599 599 40 500 344.85 0.707107 0 0.707107 0 1 0 0 0 0
600 600 40 500 344.925 0.707107 0 0.707107 0 1 0 0 0 0
601 601 40 500 345 0.707107 0 0.707107 0 1 0 0 0 0
602 602 40 500 345.075 0.707107 0 0.707107 0 1 0 0 0 0
603 603 40 500 345.15 0.707107 0 0.707107 0 1 0 0 0 0
604 604 40 500 345.225 0.707107 0 0.707107 0 1 0 0 0 0
605 605 40 500 345.3 0.707107 0 0.707107 0 1 0 0 0 0
606 606 40 500 345.375 0.707107 0 0.707107 0 1 0 0 0 0
607 607 40 500 345.45 0.707107 0 0.707107 0 1 0 0 0 0
608 608 40 500 345.525 0.707107 0 0.707107 0 1 0 0 0 0
609 609 40 500 345.6 0.707107 0 0.707107 0 1 0 0 0 0
610 610 40 500 345.675 0.707107 0 0.707107 0 1 0 0 0 0
611 611 40 500 345.75 0.707107 0 0.707107 0 1 0 0 0 0
612 612 40 500 345.825 0.707107 0 0.707107 0 1 0 0 0 0
613 613 40 500 345.9 0.707107 0 0.707107 0 1 0 0 0 0
614 614 40 500 345.975 0.707107 0 0.707107 0 1 0 0 0 0
615 615 40 500 346.05 0.707107 0 0.707107 0 1 0 0 0 0
616 616 40 500 346.125 0.707107 0 0.707107 0 1 0 0 0 0
617 617 40 500 346.2 0.707107 0 0.707107 0 1 0 0 0 0
618 618 40 500 346.275 0.707107 0 0.707107 0 1 0 0 0 0
619 619 40 500 346.35 0.707107 0 0.707107 0 1 0 0 0 0
620 620 40 500 346.425 0.707107 0 0.707107 0 1 0 0 0 0
621 621 40 500 346.5 0.707107 0 0.707107 0 1 0 0 0 0
622 622 40 500 346.575 0.707107 0 0.707107 0 1 0 0 0 0
623 623 40 500 346.65 0.707107 0 0.707107 0 1 0 0 0 0
624 624 40 500 346.725 0.707107 0 0.707107 0 1 0 0 0 0
625 625 40 500 346.8 0.707107 0 0.707107 0 1 0 0 0 0
626 626 40 500 346.875 0.707107 0 0.707107 0 1 0 0 0 0
627 627 40 500 346.95 0.707107 0 0.707107 0 1 0 0 0 0
628 628 40 500 347.025 0.707107 0 0.707107 0 1 0 0 0 0
629 629 40 500 347.1 0.707107 0 0.707107 0 1 0 0 0 0
630 630 40 500 347.175 0.707107 0 0.707107 0 1 0 0 0 0
631 631 40 500 347.25 0.707107 0 0.707107 0 1 0 0 0 0
632 632 40 500 347.325 0.707107 0 0.707107 0 1 0 0 0 0
633 633 40 500 347.4 0.707107 0 0.707107 0 1 0 0 0 0
634 634 40 500 347.475 0.707107 0 0.707107 0 1 0 0 0 0
635 635 40 500 347.55 0.707107 0 0.707107 0 1 0 0 0 0
636 636 40 500 347.625 0.707107 0 0.707107 0 1 0 0 0 0
637 637 40 500 347.7 0.707107 0 0.707107 0 1 0 0 0 0
638 638 40 500 347.775 0.707107 0 0.707107 0 1 0 0 0 0
639 639 40 500 347.85 0.707107 0 0.707107 0 1 0 0 0 0
640 640 40 500 347.925 0.707107 0 0.707107 0 1 0 0 0 0
641 641 40 500 348 0.707107 0 0.707107 0 1 0 0 0 0
642 642 40 500 348.075 0.707107 0 0.707107 0 1 0 0 0 0
643 643 40 500 348.15 0.707107 0 0.707107 0 1 0 0 0 0
644 644 40 500 348.225 0.707107 0 0.707107 0 1 0 0 0 0
645 645 40 500 348.3 0.707107 0 0.707107 0 1 0 0 0 0
646 646 40 500 348.375 0.707107 0 0.707107 0 1 0 0 0 0
647 647 40 500 348.45 0.707107 0 0.707107 0 1 0 0 0 0
648 648 40 500 348.525 0.707107 0 0.707107 0 1 0 0 0 0
649 649 40 500 348.6 0.707107 0 0.707107 0 1 0 0 0 0
650 650 40 500 348.675 0.707107 0 0.707107 0 1 0 0 0 0
651 651 40 500 348.75 0.707107 0 0.707107 0 1 0 0 0 0
652 652 40 500 348.825 0.707107 0 0.707107 0 1 0 0 0 0
653 653 40 500 348.9 0.707107 0 0.707107 0 1 0 0 0 0
654 654 40 500 348.975 0.707107 0 0.707107 0 1 0 0 0 0
655 655 40 500 349.05 0.707107 0 0.707107 0 1 0 0 0 0
656 656 40 500 349.125 0.707107 0 0.707107 0 1 0 0 0 0
657 657 40 500 349.2 0.707107 0 0.707107 0 1 0 0 0 0
658 658 40 500 349.275 0.707107 0 0.707107 0 1 0 0 0 0
659 659 40 500 349.35 0.707107 0 0.707107 0 1 0 0 0 0
660 660 40 500 349.425 0.707107 0 0.707107 0 1 0 0 0 0
661 661 40 500 349.5 0.707107 0 0.707107 0 1 0 0 0 0
662 662 40 500 349.575 0.707107 0 0.707107 0 1 0 0 0 0
663 663 40 500 349.65 0.707107 0 0.707107 0 1 0 0 0 0
664 664 40 500 349.725 0.707107 0 0.707107 0 1 0 0 0 0
665 665 40 500 349.8 0.707107 0 0.707107 0 1 0 0 0 0
666 666 40 500 349.875 0.707107 0 0.707107 0 1 0 0 0 0
667 667 40 500 349.95 0.707107 0 0.707107 0 1 0 0 0 0
668 668 40 500 350.025 0.707107 0 0.707107 0 1 0 0 0 0
669 669 40 500 350.1 0.707107 0 0.707107 0 1 0 0 0 0
670 670 40 500 350.175 0.707107 0 0.707107 0 1 0 0 0 0
671 671 40 500 350.25 0.707107 0 0.707107 0 1 0 0 0 0
672 672 40 500 350.325 0.707107 0 0.707107 0 1 0 0 0 0
673 673 40 500 350.4 0.707107 0 0.707107 0 1 0 0 0 0
674 674 40 500 350.475 0.707107 0 0.707107 0 1 0 0 0 0
675 675 40 500 350.55 0.707107 0 0.707107 0 1 0 0 0 0
676 676 40 500 350.625 0.707107 0 0.707107 0 1 0 0 0 0
677 677 40 500 350.7 0.707107 0 0.707107 0 1 0 0 0 0
678 678 40 500 350.775 0.707107 0 0.707107 0 1 0 0 0 0
679 679 40 500 350.85 0.707107 0 0.707107 0 1 0 0 0 0
680 680 40 500 350.925 0.707107 0 0.707107 0 1 0 0 0 0
681 681 40 500 351 0.707107 0 0.707107 0 1 0 0 0 0
682 682 40 500 351.075 0.707107 0 0.707107 0 1 0 0 0 0
683 683 40 500 351.15 0.707107 0 0.707107 0 1 0 0 0 0
684 684 40 500 351.225 0.707107 0 0.707107 0 1 0 0 0 0
685 685 40 500 351.3 0.707107 0 0.707107 0 1 0 0 0 0
686 686 40 500 351.375 0.707107 0 0.707107 0 1 0 0 0 0
687 687 40 500 351.45 0.707107 0 0.707107 0 1 0 0 0 0
688 688 40 500 351.525 0.707107 0 0.707107 0 1 0 0 0 0
689 689 40 500 351.6 0.707107 0 0.707107 0 1 0 0 0 0
690 690 40 500 351.675 0.707107 0 0.707107 0 1 0 0 0 0
691 691 40 500 351.75 0.707107 0 0.707107 0 1 0 0 0 0
692 692 40 500 351.825 0.707107 0 0.707107 0 1 0 0 0 0
693 693 40 500 351.9 0.707107 0 0.707107 0 1 0 0 0 0
694 694 40 500 351.975 0.707107 0 0.707107 0 1 0 0 0 0
695 695 40 500 352.05 0.707107 0 0.707107 0 1 0 0 0 0
696 696 40 500 352.125 0.707107 0 0.707107 0 1 0 0 0 0
697 697 40 500 352.2 0.707107 0 0.707107 0 1 0 0 0 0
698 698 40 500 352.275 0.707107 0 0.707107 0 1 0 0 0 0
699 699 40 500 352.35 0.707107 0 0.707107 0 1 0 0 0 0
700 700 40 500 352.425 0.707107 0 0.707107 0 1 0 0 0 0
701 701 40 500 352.5 0.707107 0 0.707107 0 1 0 0 0 0
702 702 40 500 352.575 0.707107 0 0.707107 0 1 0 0 0 0
703 703 40 500 352.65 0.707107 0 0.707107 0 1 0 0 0 0
704 704 40 500 352.725 0.707107 0 0.707107 0 1 0 0 0 0
705 705 40 500 352.8 0.707107 0 0.707107 0 1 0 0 0 0
706 706 40 500 352.875 0.707107 0 0.707107 0 1 0 0 0 0
707 707 40 500 352.95 0.707107 0 0.707107 0 1 0 0 0 0
708 708 40 500 353.025 0.707107 0 0.707107 0 1 0 0 0 0
709 709 40 500 353.1 0.707107 0 0.707107 0 1 0 0 0 0
710 710 40 500 353.175 0.707107 0 0.707107 0 1 0 0 0 0
711 711 40 500 353.25 0.707107 0 0.707107 0 1 0 0 0 0
712 712 40 500 353.325 0.707107 0 0.707107 0 1 0 0 0 0
713 713 40 500 353.4 0.707107 0 0.707107 0 1 0 0 0 0
714 714 40 500 353.475 0.707107 0 0.707107 0 1 0 0 0 0
715 715 40 500 353.55 0.707107 0 0.707107 0 1 0 0 0 0
716 716 40 500 353.625 0.707107 0 0.707107 0 1 0 0 0 0
717 717 40 500 353.7 0.707107 0 0.707107 0 1 0 0 0 0
718 718 40 500 353.775 0.707107 0 0.707107 0 1 0 0 0 0
719 719 40 500 353.85 0.707107 0 0.707107 0 1 0 0 0 0
720 720 40 500 353.925 0.707107 0 0.707107 0 1 0 0 0 0
721 721 40 500 354 0.707107 0 0.707107 0 1 0 0 0 0
722 722 40 500 354.075 0.707107 0 0.707107 0 1 0 0 0 0
723 723 40 500 354.15 0.707107 0 0.707107 0 1 0 0 0 0
724 724 40 500 354.225 0.707107 0 0.707107 0 1 0 0 0 0
725 725 40 500 354.3 0.707107 0 0.707107 0 1 0 0 0 0
726 726 40 500 354.375 0.707107 0 0.707107 0 1 0 0 0 0
727 727 40 500 354.45 0.707107 0 0.707107 0 1 0 0 0 0
728 728 40 500 354.525 0.707107 0 0.707107 0 1 0 0 0 0
729 729 40 500 354.6 0.707107 0 0.707107 0 1 0 0 0 0
730 730 40 500 354.675 0.707107 0 0.707107 0 1 0 0 0 0
731 731 40 500 354.75 0.707107 0 0.707107 0 1 0 0 0 0
732 732 40 500 354.825 0.707107 0 0.707107 0 1 0 0 0 0
733 733 40 500 354.9 0.707107 0 0.707107 0 1 0 0 0 0
734 734 40 500 354.975 0.707107 0 0.707107 0 1 0 0 0 0
735 735 40 500 355.05 0.707107 0 0.707107 0 1 0 0 0 0
736 736 40 500 355.125 0.707107 0 0.707107 0 1 0 0 0 0
737 737 40 500 355.2 0.707107 0 0.707107 0 1 0 0 0 0
738 738 40 500 355.275 0.707107 0 0.707107 0 1 0 0 0 0
739 739 40 500 355.35 0.707107 0 0.707107 0 1 0 0 0 0
740 740 40 500 355.425 0.707107 0 0.707107 0 1 0 0 0 0
741 741 40 500 355.5 0.707107 0 0.707107 0 1 0 0 0 0
742 742 40 500 355.575 0.707107 0 0.707107 0 1 0 0 0 0
743 743 40 500 355.65 0.707107 0 0.707107 0 1 0 0 0 0
744 744 40 500 355.725 0.707107 0 0.707107 0 1 0 0 0 0
745 745 40 500 355.8 0.707107 0 0.707107 0 1 0 0 0 0
746 746 40 500 355.875 0.707107 0 0.707107 0 1 0 0 0 0
747 747 40 500 355.95 0.707107 0 0.707107 0 1 0 0 0 0
748 748 40 500 356.025 0.707107 0 0.707107 0 1 0 0 0 0
749 749 40 500 356.1 0.707107 0 0.707107 0 1 0 0 0 0
750 750 40 500 356.175 0.707107 0 0.707107 0 1 0 0 0 0
751 751 40 500 356.25 0.707107 0 0.707107 0 1 0 0 0 0
752 752 40 500 356.325 0.707107 0 0.707107 0 1 0 0 0 0
753 753 40 500 356.4 0.707107 0 0.707107 0 1 0 0 0 0
754 754 40 500 356.475 0.707107 0 0.707107 0 1 0 0 0 0
755 755 40 500 356.55 0.707107 0 0.707107 0 1 0 0 0 0
756 756 40 500 356.625 0.707107 0 0.707107 0 1 0 0 0 0
757 757 40 500 356.7 0.707107 0 0.707107 0 1 0 0 0 0
758 758 40 500 356.775 0.707107 0 0.707107 0 1 0 0 0 0
759 759 40 500 356.85 0.707107 0 0.707107 0 1 0 0 0 0
760 760 40 500 356.925 0.707107 0 0.707107 0 1 0 0 0 0
761 761 40 500 357 0.707107 0 0.707107 0 1 0 0 0 0
762 762 40 500 357.075 0.707107 0 0.707107 0 1 0 0 0 0
763 763 40 500 357.15 0.707107 0 0.707107 0 1 0 0 0 0
764 764 40 500 357.225 0.707107 0 0.707107 0 1 0 0 0 0
765 765 40 500 357.3 0.707107 0 0.707107 0 1 0 0 0 0
766 766 40 500 357.375 0.707107 0 0.707107 0 1 0 0 0 0
767 767 40 500 357.45 0.707107 0 0.707107 0 1 0 0 0 0
768 768 40 500 357.525 0.707107 0 0.707107 0 1 0 0 0 0
769 769 40 500 357.6 0.707107 0 0.707107 0 1 0 0 0 0
770 770 40 500 357.675 0.707107 0 0.707107 0 1 0 0 0 0
771 771 40 500 357.75 0.707107 0 0.707107 0 1 0 0 0 0
772 772 40 500 357.825 0.707107 0 0.707107 0 1 0 0 0 0
773 773 40 500 357.9 0.707107 0 0.707107 0 1 0 0 0 0
774 774 40 500 357.975 0.707107 0 0.707107 0 1 0 0 0 0
775 775 40 500 358.05 0.707107 0 0.707107 0 1 0 0 0 0
776 776 40 500 358.125 0.707107 0 0.707107 0 1 0 0 0 0
777 777 40 500 358.2 0.707107 0 0.707107 0 1 0 0 0 0
778 778 40 500 358.275 0.707107 0 0.707107 0 1 0 0 0 0
779 779 40 500 358.35 0.707107 0 0.707107 0 1 0 0 0 0
780 780 40 500 358.425 0.707107 0 0.707107 0 1 0 0 0 0
781 781 40 500 358.5 0.707107 0 0.707107 0 1 0 0 0 0
782 782 40 500 358.575 0.707107 0 0.707107 0 1 0 0 0 0
783 783 40 500 358.65 0.707107 0 0.707107 0 1 0 0 0 0
784 784 40 500 358.725 0.707107 0 0.707107 0 1 0 0 0 0
785 785 40 500 358.8 0.707107 0 0.707107 0 1 0 0 0 0
786 786 40 500 358.875 0.707107 0 0.707107 0 1 0 0 0 0
787 787 40 500 358.95 0.707107 0 0.707107 0 1 0 0 0 0
788 788 40 500 359.025 0.707107 0 0.707107 0 1 0 0 0 0
789 789 40 500 359.1 0.707107 0 0.707107 0 1 0 0 0 0
790 790 40 500 359.175 0.707107 0 0.707107 0 1 0 0 0 0
791 791 40 500 359.25 0.707107 0 0.707107 0 1 0 0 0 0
792 792 40 500 359.325 0.707107 0 0.707107 0 1 0 0 0 0
793 793 40 500 359.4 0.707107 0 0.707107 0 1 0 0 0 0
794 794 40 500 359.475 0.707107 0 0.707107 0 1 0 0 0 0
795 795 40 500 359.55 0.707107 0 0.707107 0 1 0 0 0 0
796 796 40 500 359.625 0.707107 0 0.707107 0 1 0 0 0 0
797 797 40 500 359.7 0.707107 0 0.707107 0 1 0 0 0 0
798 798 40 500 359.775 0.707107 0 0.707107 0 1 0 0 0 0
799 799 40 500 359.85 0.707107 0 0.707107 0 1 0 0 0 0
800 800 40 500 359.925 0.707107 0 0.707107 0 1 0 0 0 0
801 801 40 500 360 0.707107 0 0.707107 0 1 0 0 0 0
802 802 40 500 360.075 0.707107 0 0.707107 0 1 0 0 0 0
803 803 40 500 360.15 0.707107 0 0.707107 0 1 0 0 0 0
804 804 40 500 360.225 0.707107 0 0.707107 0 1 0 0 0 0
805 805 40 500 360.3 0.707107 0 0.707107 0 1 0 0 0 0
806 806 40 500 360.375 0.707107 0 0.707107 0 1 0 0 0 0
807 807 40 500 360.45 0.707107 0 0.707107 0 1 0 0 0 0
808 808 40 500 360.525 0.707107 0 0.707107 0 1 0 0 0 0
809 809 40 500 360.6 0.707107 0 0.707107 0 1 0 0 0 0
810 810 40 500 360.675 0.707107 0 0.707107 0 1 0 0 0 0
811 811 40 500 360.75 0.707107 0 0.707107 0 1 0 0 0 0
812 812 40 500 360.825 0.707107 0 0.707107 0 1 0 0 0 0
813 813 40 500 360.9 0.707107 0 0.707107 0 1 0 0 0 0
814 814 40 500 360.975 0.707107 0 0.707107 0 1 0 0 0 0
815 815 40 500 361.05 0.707107 0 0.707107 0 1 0 0 0 0
816 816 40 500 361.125 0.707107 0 0.707107 0 1 0 0 0 0
817 817 40 500 361.2 0.707107 0 0.707107 0 1 0 0 0 0
818 818 40 500 361.275 0.707107 0 0.707107 0 1 0 0 0 0
819 819 40 500 361.35 0.707107 0 0.707107 0 1 0 0 0 0
820 820 40 500 361.425 0.707107 0 0.707107 0 1 0 0 0 0
821 821 40 500 361.5 0.707107 0 0.707107 0 1 0 0 0 0
822 822 40 500 361.575 0.707107 0 0.707107 0 1 0 0 0 0
823 823 40 500 361.65 0.707107 0 0.707107 0 1 0 0 0 0
824 824 40 500 361.725 0.707107 0 0.707107 0 1 0 0 0 0
825 825 40 500 361.8 0.707107 0 0.707107 0 1 0 0 0 0
826 826 40 500 361.875 0.707107 0 0.707107 0 1 0 0 0 0
827 827 40 500 361.95 0.707107 0 0.707107 0 1 0 0 0 0
828 828 40 500 362.025 0.707107 0 0.707107 0 1 0 0 0 0
829 829 40 500 362.1 0.707107 0 0.707107 0 1 0 0 0 0
830 830 40 500 362.175 0.707107 0 0.707107 0 1 0 0 0 0
831 831 40 500 362.25 0.707107 0 0.707107 0 1 0 0 0 0
832 832 40 500 362.325 0.707107 0 0.707107 0 1 0 0 0 0
833 833 40 500 362.4 0.707107 0 0.707107 0 1 0 0 0 0
834 834 40 500 362.475 0.707107 0 0.707107 0 1 0 0 0 0
835 835 40 500 362.55 0.707107 0 0.707107 0 1 0 0 0 0
836 836 40 500 362.625 0.707107 0 0.707107 0 1 0 0 0 0
837 837 40 500 362.7 0.707107 0 0.707107 0 1 0 0 0 0
838 838 40 500 362.775 0.707107 0 0.707107 0 1 0 0 0 0
839 839 40 500 362.85 0.707107 0 0.707107 0 1 0 0 0 0
840 840 40 500 362.925 0.707107 0 0.707107 0 1 0 0 0 0
841 841 40 500 363 0.707107 0 0.707107 0 1 0 0 0 0
842 842 40 500 363.075 0.707107 0 0.707107 0 1 0 0 0 0
843 843 40 500 363.15 0.707107 0 0.707107 0 1 0 0 0 0
844 844 40 500 363.225 0.707107 0 0.707107 0 1 0 0 0 0
845 845 40 500 363.3 0.707107 0 0.707107 0 1 0 0 0 0
846 846 40 500 363.375 0.707107 0 0.707107 0 1 0 0 0 0
847 847 40 500 363.45 0.707107 0 0.707107 0 1 0 0 0 0
848 848 40 500 363.525 0.707107 0 0.707107 0 1 0 0 0 0
849 849 40 500 363.6 0.707107 0 0.707107 0 1 0 0 0 0
850 850 40 500 363.675 0.707107 0 0.707107 0 1 0 0 0 0
851 851 40 500 363.75 0.707107 0 0.707107 0 1 0 0 0 0
852 852 40 500 363.825 0.707107 0 0.707107 0 1 0 0 0 0
853 853 40 500 363.9 0.707107 0 0.707107 0 1 0 0 0 0
854 854 40 500 363.975 0.707107 0 0.707107 0 1 0 0 0 0
855 855 40 500 364.05 0.707107 0 0.707107 0 1 0 0 0 0
856 856 40 500 364.125 0.707107 0 0.707107 0 1 0 0 0 0
857 857 40 500 364.2 0.707107 0 0.707107 0 1 0 0 0 0
858 858 40 500 364.275 0.707107 0 0.707107 0 1 0 0 0 0
859 859 40 500 364.35 0.707107 0 0.707107 0 1 0 0 0 0
860 860 40 500 364.425 0.707107 0 0.707107 0 1 0 0 0 0
861 861 40 500 364.5 0.707107 0 0.707107 0 1 0 0 0 0
862 862 40 500 364.575 0.707107 0 0.707107 0 1 0 0 0 0
863 863 40 500 364.65 0.707107 0 0.707107 0 1 0 0 0 0
864 864 40 500 364.725 0.707107 0 0.707107 0 1 0 0 0 0
865 865 40 500 364.8 0.707107 0 0.707107 0 1 0 0 0 0
866 866 40 500 364.875 0.707107 0 0.707107 0 1 0 0 0 0
867 867 40 500 364.95 0.707107 0 0.707107 0 1 0 0 0 0
868 868 40 500 365.025 0.707107 0 0.707107 0 1 0 0 0 0
869 869 40 500 365.1 0.707107 0 0.707107 0 1 0 0 0 0
870 870 40 500 365.175 0.707107 0 0.707107 0 1 0 0 0 0
871 871 40 500 365.25 0.707107 0 0.707107 0 1 0 0 0 0
872 872 40 500 365.325 0.707107 0 0.707107 0 1 0 0 0 0
873 873 40 500 365.4 0.707107 0 0.707107 0 1 0 0 0 0
874 874 40 500 365.475 0.707107 0 0.707107 0 1 0 0 0 0
875 875 40 500 365.55 0.707107 0 0.707107 0 1 0 0 0 0
876 876 40 500 365.625 0.707107 0 0.707107 0 1 0 0 0 0
877 877 40 500 365.7 0.707107 0 0.707107 0 1 0 0 0 0
878 878 40 500 365.775 0.707107 0 0.707107 0 1 0 0 0 0
879 879 40 500 365.85 0.707107 0 0.707107 0 1 0 0 0 0
880 880 40 500 365.925 0.707107 0 0.707107 0 1 0 0 0 0
881 881 40 500 366 0.707107 0 0.707107 0 1 0 0 0 0
882 882 40 500 366.075 0.707107 0 0.707107 0 1 0 0 0 0
883 883 40 500 366.15 0.707107 0 0.707107 0 1 0 0 0 0
884 884 40 500 366.225 0.707107 0 0.707107 0 1 0 0 0 0
885 885 40 500 366.3 0.707107 0 0.707107 0 1 0 0 0 0
886 886 40 500 366.375 0.707107 0 0.707107 0 1 0 0 0 0
887 887 40 500 366.45 0.707107 0 0.707107 0 1 0 0 0 0
888 888 40 500 366.525 0.707107 0 0.707107 0 1 0 0 0 0
889 889 40 500 366.6 0.707107 0 0.707107 0 1 0 0 0 0
890 890 40 500 366.675 0.707107 0 0.707107 0 1 0 0 0 0
891 891 40 500 366.75 0.707107 0 0.707107 0 1 0 0 0 0
892 892 40 500 366.825 0.707107 0 0.707107 0 1 0 0 0 0
893 893 40 500 366.9 0.707107 0 0.707107 0 1 0 0 0 0
894 894 40 500 366.975 0.707107 0 0.707107 0 1 0 0 0 0
895 895 40 500 367.05 0.707107 0 0.707107 0 1 0 0 0 0
896 896 40 500 367.125 0.707107 0 0.707107 0 1 0 0 0 0
897 897 40 500 367.2 0.707107 0 0.707107 0 1 0 0 0 0
898 898 40 500 367.275 0.707107 0 0.707107 0 1 0 0 0 0
899 899 40 500 367.35 0.707107 0 0.707107 0 1 0 0 0 0
900 900 40 500 367.425 0.707107 0 0.707107 0 1 0 0 0 0
901 901 40 500 367.5 0.707107 0 0.707107 0 1 0 0 0 0
902 902 40 500 367.575 0.707107 0 0.707107 0 1 0 0 0 0
903 903 40 500 367.65 0.707107 0 0.707107 0 1 0 0 0 0
904 904 40 500 367.725 0.707107 0 0.707107 0 1 0 0 0 0
905 905 40 500 367.8 0.707107 0 0.707107 0 1 0 0 0 0
906 906 40 500 367.875 0.707107 0 0.707107 0 1 0 0 0 0
907 907 40 500 367.95 0.707107 0 0.707107 0 1 0 0 0 0
908 908 40 500 368.025 0.707107 0 0.707107 0 1 0 0 0 0
909 909 40 500 368.1 0.707107 0 0.707107 0 1 0 0 0 0
910 910 40 500 368.175 0.707107 0 0.707107 0 1 0 0 0 0
911 911 40 500 368.25 0.707107 0 0.707107 0 1 0 0 0 0
912 912 40 500 368.325 0.707107 0 0.707107 0 1 0 0 0 0
913 913 40 500 368.4 0.707107 0 0.707107 0 1 0 0 0 0
914 914 40 500 368.475 0.707107 0 0.707107 0 1 0 0 0 0
915 915 40 500 368.55 0.707107 0 0.707107 0 1 0 0 0 0
916 916 40 500 368.625 0.707107 0 0.707107 0 1 0 0 0 0
917 917 40 500 368.7 0.707107 0 0.707107 0 1 0 0 0 0
918 918 40 500 368.775 0.707107 0 0.707107 0 1 0 0 0 0
919 919 40 500 368.85 0.707107 0 0.707107 0 1 0 0 0 0
920 920 40 500 368.925 0.707107 0 0.707107 0 1 0 0 0 0
921 921 40 500 369 0.707107 0 0.707107 0 1 0 0 0 0
922 922 40 500 369.075 0.707107 0 0.707107 0 1 0 0 0 0
923 923 40 500 369.15 0.707107 0 0.707107 0 1 0 0 0 0
924 924 40 500 369.225 0.707107 0 0.707107 0 1 0 0 0 0
925 925 40 500 369.3 0.707107 0 0.707107 0 1 0 0 0 0
926 926 40 500 369.375 0.707107 0 0.707107 0 1 0 0 0 0
927 927 40 500 369.45 0.707107 0 0.707107 0 1 0 0 0 0
928 928 40 500 369.525 0.707107 0 0.707107 0 1 0 0 0 0
929 929 40 500 369.6 0.707107 0 0.707107 0 1 0 0 0 0
930 930 40 500 369.675 0.707107 0 0.707107 0 1 0 0 0 0
931 931 40 500 369.75 0.707107 0 0.707107 0 1 0 0 0 0
932 932 40 500 369.825 0.707107 0 0.707107 0 1 0 0 0 0
933 933 40 500 369.9 0.707107 0 0.707107 0 1 0 0 0 0
934 934 40 500 369.975 0.707107 0 0.707107 0 1 0 0 0 0
935 935 40 500 370.05 0.707107 0 0.707107 0 1 0 0 0 0
936 936 40 500 370.125 0.707107 0 0.707107 0 1 0 0 0 0
937 937 40 500 370.2 0.707107 0 0.707107 0 1 0 0 0 0
938 938 40 500 370.275 0.707107 0 0.707107 0 1 0 0 0 0
939 939 40 500 370.35 0.707107 0 0.707107 0 1 0 0 0 0
940 940 40 500 370.425 0.707107 0 0.707107 0 1 0 0 0 0
941 941 40 500 370.5 0.707107 0 0.707107 0 1 0 0 0 0
942 942 40 500 370.575 0.707107 0 0.707107 0 1 0 0 0 0
943 943 40 500 370.65 0.707107 0 0.707107 0 1 0 0 0 0
944 944 40 500 370.725 0.707107 0 0.707107 0 1 0 0 0 0
945 945 40 500 370.8 0.707107 0 0.707107 0 1 0 0 0 0
946 946 40 500 370.875 0.707107 0 0.707107 0 1 0 0 0 0
947 947 40 500 370.95 0.707107 0 0.707107 0 1 0 0 0 0
948 948 40 500 371.025 0.707107 0 0.707107 0 1 0 0 0 0
949 949 40 500 371.1 0.707107 0 0.707107 0 1 0 0 0 0
950 950 40 500 371.175 0.707107 0 0.707107 0 1 0 0 0 0
951 951 40 500 371.25 0.707107 0 0.707107 0 1 0 0 0 0
952 952 40 500 371.325 0.707107 0 0.707107 0 1 0 0 0 0
953 953 40 500 371.4 0.707107 0 0.707107 0 1 0 0 0 0
954 954 40 500 371.475 0.707107 0 0.707107 0 1 0 0 0 0
955 955 40 500 371.55 0.707107 0 0.707107 0 1 0 0 0 0
956 956 40 500 371.625 0.707107 0 0.707107 0 1 0 0 0 0
957 957 40 500 371.7 0.707107 0 0.707107 0 1 0 0 0 0
958 958 40 500 371.775 0.707107 0 0.707107 0 1 0 0 0 0
959 959 40 500 371.85 0.707107 0 0.707107 0 1 0 0 0 0
960 960 40 500 371.925 0.707107 0 0.707107 0 1 0 0 0 0
961 961 40 500 372 0.707107 0 0.707107 0 1 0 0 0 0
962 962 40 500 372.075 0.707107 0 0.707107 0 1 0 0 0 0
963 963 40 500 372.15 0.707107 0 0.707107 0 1 0 0 0 0
964 964 40 500 372.225 0.707107 0 0.707107 0 1 0 0 0 0
965 965 40 500 372.3 0.707107 0 0.707107 0 1 0 0 0 0
966 966 40 500 372.375 0.707107 0 0.707107 0 1 0 0 0 0
967 967 40 500 372.45 0.707107 0 0.707107 0 1 0 0 0 0
968 968 40 500 372.525 0.707107 0 0.707107 0 1 0 0 0 0
969 969 40 500 372.6 0.707107 0 0.707107 0 1 0 0 0 0
970 970 40 500 372.675 0.707107 0 0.707107 0 1 0 0 0 0
971 971 40 500 372.75 0.707107 0 0.707107 0 1 0 0 0 0
972 972 40 500 372.825 0.707107 0 0.707107 0 1 0 0 0 0
973 973 40 500 372.9 0.707107 0 0.707107 0 1 0 0 0 0
974 974 40 500 372.975 0.707107 0 0.707107 0 1 0 0 0 0
975 975 40 500 373.05 0.707107 0 0.707107 0 1 0 0 0 0
976 976 40 500 373.125 0.707107 0 0.707107 0 1 0 0 0 0
977 977 40 500 373.2 0.707107 0 0.707107 0 1 0 0 0 0
978 978 40 500 373.275 0.707107 0 0.707107 0 1 0 0 0 0
979 979 40 500 373.35 0.707107 0 0.707107 0 1 0 0 0 0
980 980 40 500 373.425 0.707107 0 0.707107 0 1 0 0 0 0
981 981 40 500 373.5 0.707107 0 0.707107 0 1 0 0 0 0
982 982 40 500 373.575 0.707107 0 0.707107 0 1 0 0 0 0
983 983 40 500 373.65 0.707107 0 0.707107 0 1 0 0 0 0
984 984 40 500 373.725 0.707107 0 0.707107 0 1 0 0 0 0
985 985 40 500 373.8 0.707107 0 0.707107 0 1 0 0 0 0
986 986 40 500 373.875 0.707107 0 0.707107 0 1 0 0 0 0
987 987 40 500 373.95 0.707107 0 0.707107 0 1 0 0 0 0
988 988 40 500 374.025 0.707107 0 0.707107 0 1 0 0 0 0
989 989 40 500 374.1 0.707107 0 0.707107 0 1 0 0 0 0
990 990 40 500 374.175 0.707107 0 0.707107 0 1 0 0 0 0
991 991 40 500 374.25 0.707107 0 0.707107 0 1 0 0 0 0
992 992 40 500 374.325 0.707107 0 0.707107 0 1 0 0 0 0
993 993 40 500 374.4 0.707107 0 0.707107 0 1 0 0 0 0
994 994 40 500 374.475 0.707107 0 0.707107 0 1 0 0 0 0
995 995 40 500 374.55 0.707107 0 0.707107 0 1 0 0 0 0
996 996 40 500 374.625 0.707107 0 0.707107 0 1 0 0 0 0
997 997 40 500 374.7 0.707107 0 0.707107 0 1 0 0 0 0
998 998 40 500 374.775 0.707107 0 0.707107 0 1 0 0 0 0
999 999 40 500 374.85 0.707107 0 0.707107 0 1 0 0 0 0
1000 1000 40 500 374.925 0.707107 0 0.707107 0 1 0 0 0 0
1001 1001 40 500 375 0.707107 0 0.707107 0 1 0 0 0 0
1002 1002 40 500 375.075 0.707107 0 0.707107 0 1 0 0 0 0
1003 1003 40 500 375.15 0.707107 0 0.707107 0 1 0 0 0 0
1004 1004 40 500 375.225 0.707107 0 0.707107 0 1 0 0 0 0
1005 1005 40 500 375.3 0.707107 0 0.707107 0 1 0 0 0 0
1006 1006 40 500 375.375 0.707107 0 0.707107 0 1 0 0 0 0
1007 1007 40 500 375.45 0.707107 0 0.707107 0 1 0 0 0 0
1008 1008 40 500 375.525 0.707107 0 0.707107 0 1 0 0 0 0
1009 1009 40 500 375.6 0.707107 0 0.707107 0 1 0 0 0 0
1010 1010 40 500 375.675 0.707107 0 0.707107 0 1 0 0 0 0
1011 1011 40 500 375.75 0.707107 0 0.707107 0 1 0 0 0 0
1012 1012 40 500 375.825 0.707107 0 0.707107 0 1 0 0 0 0
1013 1013 40 500 375.9 0.707107 0 0.707107 0 1 0 0 0 0
1014 1014 40 500 375.975 0.707107 0 0.707107 0 1 0 0 0 0
1015 1015 40 500 376.05 0.707107 0 0.707107 0 1 0 0 0 0
1016 1016 40 500 376.125 0.707107 0 0.707107 0 1 0 0 0 0
1017 1017 40 500 376.2 0.707107 0 0.707107 0 1 0 0 0 0
1018 1018 40 500 376.275 0.707107 0 0.707107 0 1 0 0 0 0
1019 1019 40 500 376.35 0.707107 0 0.707107 0 1 0 0 0 0
1020 1020 40 500 376.425 0.707107 0 0.707107 0 1 0 0 0 0
1021 1021 40 500 376.5 0.707107 0 0.707107 0 1 0 0 0 0
1022 1022 40 500 376.575 0.707107 0 0.707107 0 1 0 0 0 0
1023 1023 40 500 376.65 0.707107 0 0.707107 0 1 0 0 0 0
1024 1024 40 500 376.725 0.707107 0 0.707107 0 1 0 0 0 0
1025 1025 40 500 376.8 0.707107 0 0.707107 0 1 0 0 0 0
1026 1026 40 500 376.875 0.707107 0 0.707107 0 1 0 0 0 0
1027 1027 40 500 376.95 0.707107 0 0.707107 0 1 0 0 0 0
1028 1028 40 500 377.025 0.707107 0 0.707107 0 1 0 0 0 0
1029 1029 40 500 377.1 0.707107 0 0.707107 0 1 0 0 0 0
1030 1030 40 500 377.175 0.707107 0 0.707107 0 1 0 0 0 0
1031 1031 40 500 377.25 0.707107 0 0.707107 0 1 0 0 0 0
1032 1032 40 500 377.325 0.707107 0 0.707107 0 1 0 0 0 0
1033 1033 40 500 377.4 0.707107 0 0.707107 0 1 0 0 0 0
1034 1034 40 500 377.475 0.707107 0 0.707107 0 1 0 0 0 0
1035 1035 40 500 377.55 0.707107 0 0.707107 0 1 0 0 0 0
1036 1036 40 500 377.625 0.707107 0 0.707107 0 1 0 0 0 0
1037 1037 40 500 377.7 0.707107 0 0.707107 0 1 0 0 0 0
1038 1038 40 500 377.775 0.707107 0 0.707107 0 1 0 0 0 0
1039 1039 40 500 377.85 0.707107 0 0.707107 0 1 0 0 0 0
1040 1040 40 500 377.925 0.707107 0 0.707107 0 1 0 0 0 0
1041 1041 40 500 378 0.707107 0 0.707107 0 1 0 0 0 0
1042 1042 40 500 378.075 0.707107 0 0.707107 0 1 0 0 0 0
1043 1043 40 500 378.15 0.707107 0 0.707107 0 1 0 0 0 0
1044 1044 40 500 378.225 0.707107 0 0.707107 0 1 0 0 0 0
1045 1045 40 500 378.3 0.707107 0 0.707107 0 1 0 0 0 0
1046 1046 40 500 378.375 0.707107 0 0.707107 0 1 0 0 0 0
1047 1047 40 500 378.45 0.707107 0 0.707107 0 1 0 0 0 0
1048 1048 40 500 378.525 0.707107 0 0.707107 0 1 0 0 0 0
1049 1049 40 500 378.6 0.707107 0 0.707107 0 1 0 0 0 0
1050 1050 40 500 378.675 0.707107 0 0.707107 0 1 0 0 0 0
1051 1051 40 500 378.75 0.707107 0 0.707107 0 1 0 0 0 0
1052 1052 40 500 378.825 0.707107 0 0.707107 0 1 0 0 0 0
1053 1053 40 500 378.9 0.707107 0 0.707107 0 1 0 0 0 0
1054 1054 40 500 378.975 0.707107 0 0.707107 0 1 0 0 0 0
1055 1055 40 500 379.05 0.707107 0 0.707107 0 1 0 0 0 0
1056 1056 40 500 379.125 0.707107 0 0.707107 0 1 0 0 0 0
1057 1057 40 500 379.2 0.707107 0 0.707107 0 1 0 0 0 0
1058 1058 40 500 379.275 0.707107 0 0.707107 0 1 0 0 0 0
1059 1059 40 500 379.35 0.707107 0 0.707107 0 1 0 0 0 0
1060 1060 40 500 379.425 0.707107 0 0.707107 0 1 0 0 0 0
1061 1061 40 500 379.5 0.707107 0 0.707107 0 1 0 0 0 0
1062 1062 40 500 379.575 0.707107 0 0.707107 0 1 0 0 0 0
1063 1063 40 500 379.65 0.707107 0 0.707107 0 1 0 0 0 0
1064 1064 40 500 379.725 0.707107 0 0.707107 0 1 0 0 0 0
1065 1065 40 500 379.8 0.707107 0 0.707107 0 1 0 0 0 0
1066 1066 40 500 379.875 0.707107 0 0.707107 0 1 0 0 0 0
1067 1067 40 500 379.95 0.707107 0 0.707107 0 1 0 0 0 0
1068 1068 40 500 380.025 0.707107 0 0.707107 0 1 0 0 0 0
1069 1069 40 500 380.1 0.707107 0 0.707107 0 1 0 0 0 0
1070 1070 40 500 380.175 0.707107 0 0.707107 0 1 0 0 0 0
1071 1071 40 500 380.25 0.707107 0 0.707107 0 1 0 0 0 0
1072 1072 40 500 380.325 0.707107 0 0.707107 0 1 0 0 0 0
1073 1073 40 500 380.4 0.707107 0 0.707107 0 1 0 0 0 0
1074 1074 40 500 380.475 0.707107 0 0.707107 0 1 0 0 0 0
1075 1075 40 500 380.55 0.707107 0 0.707107 0 1 0 0 0 0
1076 1076 40 500 380.625 0.707107 0 0.707107 0 1 0 0 0 0
1077 1077 40 500 380.7 0.707107 0 0.707107 0 1 0 0 0 0
1078 1078 40 500 380.775 0.707107 0 0.707107 0 1 0 0 0 0
1079 1079 40 500 380.85 0.707107 0 0.707107 0 1 0 0 0 0
1080 1080 40 500 380.925 0.707107 0 0.707107 0 1 0 0 0 0
1081 1081 40 500 381 0.707107 0 0.707107 0 1 0 0 0 0
1082 1082 40 500 381.075 0.707107 0 0.707107 0 1 0 0 0 0
1083 1083 40 500 381.15 0.707107 0 0.707107 0 1 0 0 0 0
1084 1084 40 500 381.225 0.707107 0 0.707107 0 1 0 0 0 0
1085 1085 40 500 381.3 0.707107 0 0.707107 0 1 0 0 0 0
1086 1086 40 500 381.375 0.707107 0 0.707107 0 1 0 0 0 0
1087 1087 40 500 381.45 0.707107 0 0.707107 0 1 0 0 0 0
1088 1088 40 500 381.525 0.707107 0 0.707107 0 1 0 0 0 0
1089 1089 40 500 381.6 0.707107 0 0.707107 0 1 0 0 0 0
1090 1090 40 500 381.675 0.707107 0 0.707107 0 1 0 0 0 0
1091 1091 40 500 381.75 0.707107 0 0.707107 0 1 0 0 0 0
1092 1092 40 500 381.825 0.707107 0 0.707107 0 1 0 0 0 0
1093 1093 40 500 381.9 0.707107 0 0.707107 0 1 0 0 0 0
1094 1094 40 500 381.975 0.707107 0 0.707107 0 1 0 0 0 0
1095 1095 40 500 382.05 0.707107 0 0.707107 0 1 0 0 0 0
1096 1096 40 500 382.125 0.707107 0 0.707107 0 1 0 0 0 0
1097 1097 40 500 382.2 0.707107 0 0.707107 0 1 0 0 0 0
1098 1098 40 500 382.275 0.707107 0 0.707107 0 1 0 0 0 0
1099 1099 40 500 382.35 0.707107 0 0.707107 0 1 0 0 0 0
1100 1100 40 500 382.425 0.707107 0 0.707107 0 1 0 0 0 0
1101 1101 40 500 382.5 0.707107 0 0.707107 0 1 0 0 0 0
1102 1102 40 500 382.575 0.707107 0 0.707107 0 1 0 0 0 0
1103 1103 40 500 382.65 0.707107 0 0.707107 0 1 0 0 0 0
1104 1104 40 500 382.725 0.707107 0 0.707107 0 1 0 0 0 0
1105 1105 40 500 382.8 0.707107 0 0.707107 0 1 0 0 0 0
1106 1106 40 500 382.875 0.707107 0 0.707107 0 1 0 0 0 0
1107 1107 40 500 382.95 0.707107 0 0.707107 0 1 0 0 0 0
1108 1108 40 500 383.025 0.707107 0 0.707107 0 1 0 0 0 0
1109 1109 40 500 383.1 0.707107 0 0.707107 0 1 0 0 0 0
1110 1110 40 500 383.175 0.707107 0 0.707107 0 1 0 0 0 0
1111 1111 40 500 383.25 0.707107 0 0.707107 0 1 0 0 0 0
1112 1112 40 500 383.325 0.707107 0 0.707107 0 1 0 0 0 0
1113 1113 40 500 383.4 0.707107 0 0.707107 0 1 0 0 0 0
1114 1114 40 500 383.475 0.707107 0 0.707107 0 1 0 0 0 0
1115 1115 40 500 383.55 0.707107 0 0.707107 0 1 0 0 0 0
1116 1116 40 500 383.625 0.707107 0 0.707107 0 1 0 0 0 0
1117 1117 40 500 383.7 0.707107 0 0.707107 0 1 0 0 0 0
1118 1118 40 500 383.775 0.707107 0 0.707107 0 1 0 0 0 0
1119 1119 40 500 383.85 0.707107 0 0.707107 0 1 0 0 0 0
1120 1120 40 500 383.925 0.707107 0 0.707107 0 1 0 0 0 0
1121 1121 40 500 384 0.707107 0 0.707107 0 1 0 0 0 0
1122 1122 40 500 384.075 0.707107 0 0.707107 0 1 0 0 0 0
1123 1123 40 500 384.15 0.707107 0 0.707107 0 1 0 0 0 0
1124 1124 40 500 384.225 0.707107 0 0.707107 0 1 0 0 0 0
1125 1125 40 500 384.3 0.707107 0 0.707107 0 1 0 0 0 0
1126 1126 40 500 384.375 0.707107 0 0.707107 0 1 0 0 0 0
1127 1127 40 500 384.45 0.707107 0 0.707107 0 1 0 0 0 0
1128 1128 40 500 384.525 0.707107 0 0.707107 0 1 0 0 0 0
1129 1129 40 500 384.6 0.707107 0 0.707107 0 1 0 0 0 0
1130 1130 40 500 384.675 0.707107 0 0.707107 0 1 0 0 0 0
1131 1131 40 500 384.75 0.707107 0 0.707107 0 1 0 0 0 0
1132 1132 40 500 384.825 0.707107 0 0.707107 0 1 0 0 0 0
1133 1133 40 500 384.9 0.707107 0 0.707107 0 1 0 0 0 0
1134 1134 40 500 384.975 0.707107 0 0.707107 0 1 0 0 0 0
1135 1135 40 500 385.05 0.707107 0 0.707107 0 1 0 0 0 0
1136 1136 40 500 385.125 0.707107 0 0.707107 0 1 0 0 0 0
1137 1137 40 500 385.2 0.707107 0 0.707107 0 1 0 0 0 0
1138 1138 40 500 385.275 0.707107 0 0.707107 0 1 0 0 0 0
1139 1139 40 500 385.35 0.707107 0 0.707107 0 1 0 0 0 0
1140 1140 40 500 385.425 0.707107 0 0.707107 0 1 0 0 0 0
1141 1141 40 500 385.5 0.707107 0 0.707107 0 1 0 0 0 0
1142 1142 40 500 385.575 0.707107 0 0.707107 0 1 0 0 0 0
1143 1143 40 500 385.65 0.707107 0 0.707107 0 1 0 0 0 0
1144 1144 40 500 385.725 0.707107 0 0.707107 0 1 0 0 0 0
1145 1145 40 500 385.8 0.707107 0 0.707107 0 1 0 0 0 0
1146 1146 40 500 385.875 0.707107 0 0.707107 0 1 0 0 0 0
1147 1147 40 500 385.95 0.707107 0 0.707107 0 1 0 0 0 0
1148 1148 40 500 386.025 0.707107 0 0.707107 0 1 0 0 0 0
1149 1149 40 500 386.1 0.707107 0 0.707107 0 1 0 0 0 0
1150 1150 40 500 386.175 0.707107 0 0.707107 0 1 0 0 0 0
1151 1151 40 500 386.25 0.707107 0 0.707107 0 1 0 0 0 0
1152 1152 40 500 386.325 0.707107 0 0.707107 0 1 0 0 0 0
1153 1153 40 500 386.4 0.707107 0 0.707107 0 1 0 0 0 0
1154 1154 40 500 386.475 0.707107 0 0.707107 0 1 0 0 0 0
1155 1155 40 500 386.55 0.707107 0 0.707107 0 1 0 0 0 0
1156 1156 40 500 386.625 0.707107 0 0.707107 0 1 0 0 0 0
1157 1157 40 500 386.7 0.707107 0 0.707107 0 1 0 0 0 0
1158 1158 40 500 386.775 0.707107 0 0.707107 0 1 0 0 0 0
1159 1159 40 500 386.85 0.707107 0 0.707107 0 1 0 0 0 0
1160 1160 40 500 386.925 0.707107 0 0.707107 0 1 0 0 0 0
1161 1161 40 500 387 0.707107 0 0.707107 0 1 0 0 0 0
1162 1162 40 500 387.075 0.707107 0 0.707107 0 1 0 0 0 0
1163 1163 40 500 387.15 0.707107 0 0.707107 0 1 0 0 0 0
1164 1164 40 500 387.225 0.707107 0 0.707107 0 1 0 0 0 0
1165 1165 40 500 387.3 0.707107 0 0.707107 0 1 0 0 0 0
1166 1166 40 500 387.375 0.707107 0 0.707107 0 1 0 0 0 0
1167 1167 40 500 387.45 0.707107 0 0.707107 0 1 0 0 0 0
1168 1168 40 500 387.525 0.707107 0 0.707107 0 1 0 0 0 0
1169 1169 40 500 387.6 0.707107 0 0.707107 0 1 0 0 0 0
1170 1170 40 500 387.675 0.707107 0 0.707107 0 1 0 0 0 0
1171 1171 40 500 387.75 0.707107 0 0.707107 0 1 0 0 0 0
1172 1172 40 500 387.825 0.707107 0 0.707107 0 1 0 0 0 0
1173 1173 40 500 387.9 0.707107 0 0.707107 0 1 0 0 0 0
1174 1174 40 500 387.975 0.707107 0 0.707107 0 1 0 0 0 0
1175 1175 40 500 388.05 0.707107 0 0.707107 0 1 0 0 0 0
1176 1176 40 500 388.125 0.707107 0 0.707107 0 1 0 0 0 0
1177 1177 40 500 388.2 0.707107 0 0.707107 0 1 0 0 0 0
1178 1178 40 500 388.275 0.707107 0 0.707107 0 1 0 0 0 0
1179 1179 40 500 388.35 0.707107 0 0.707107 0 1 0 0 0 0
1180 1180 40 500 388.425 0.707107 0 0.707107 0 1 0 0 0 0
1181 1181 40 500 388.5 0.707107 0 0.707107 0 1 0 0 0 0
1182 1182 40 500 388.575 0.707107 0 0.707107 0 1 0 0 0 0
1183 1183 40 500 388.65 0.707107 0 0.707107 0 1 0 0 0 0
1184 1184 40 500 388.725 0.707107 0 0.707107 0 1 0 0 0 0
1185 1185 40 500 388.8 0.707107 0 0.707107 0 1 0 0 0 0
1186 1186 40 500 388.875 0.707107 0 0.707107 0 1 0 0 0 0
1187 1187 40 500 388.95 0.707107 0 0.707107 0 1 0 0 0 0
1188 1188 40 500 389.025 0.707107 0 0.707107 0 1 0 0 0 0
1189 1189 40 500 389.1 0.707107 0 0.707107 0 1 0 0 0 0
1190 1190 40 500 389.175 0.707107 0 0.707107 0 1 0 0 0 0
1191 1191 40 500 389.25 0.707107 0 0.707107 0 1 0 0 0 0
1192 1192 40 500 389.325 0.707107 0 0.707107 0 1 0 0 0 0
1193 1193 40 500 389.4 0.707107 0 0.707107 0 1 0 0 0 0
1194 1194 40 500 389.475 0.707107 0 0.707107 0 1 0 0 0 0
1195 1195 40 500 389.55 0.707107 0 0.707107 0 1 0 0 0 0
1196 1196 40 500 389.625 0.707107 0 0.707107 0 1 0 0 0 0
1197 1197 40 500 389.7 0.707107 0 0.707107 0 1 0 0 0 0
1198 1198 40 500 389.775 0.707107 0 0.707107 0 1 0 0 0 0
1199 1199 40 500 389.85 0.707107 0 0.707107 0 1 0 0 0 0
1200 1200 40 500 389.925 0.707107 0 0.707107 0 1 0 0 0 0
1201 1201 40 500 390 0.707107 0 0.707107 0 1 0 0 0 0
1202 1202 40 500 390.075 0.707107 0 0.707107 0 1 0 0 0 0
1203 1203 40 500 390.15 0.707107 0 0.707107 0 1 0 0 0 0
1204 1204 40 500 390.225 0.707107 0 0.707107 0 1 0 0 0 0
1205 1205 40 500 390.3 0.707107 0 0.707107 0 1 0 0 0 0
1206 1206 40 500 390.375 0.707107 0 0.707107 0 1 0 0 0 0
1207 1207 40 500 390.45 0.707107 0 0.707107 0 1 0 0 0 0
1208 1208 40 500 390.525 0.707107 0 0.707107 0 1 0 0 0 0
1209 1209 40 500 390.6 0.707107 0 0.707107 0 1 0 0 0 0
1210 1210 40 500 390.675 0.707107 0 0.707107 0 1 0 0 0 0
1211 1211 40 500 390.75 0.707107 0 0.707107 0 1 0 0 0 0
1212 1212 40 500 390.825 0.707107 0 0.707107 0 1 0 0 0 0
1213 1213 40 500 390.9 0.707107 0 0.707107 0 1 0 0 0 0
1214 1214 40 500 390.975 0.707107 0 0.707107 0 1 0 0 0 0
1215 1215 40 500 391.05 0.707107 0 0.707107 0 1 0 0 0 0
1216 1216 40 500 391.125 0.707107 0 0.707107 0 1 0 0 0 0
1217 1217 40 500 391.2 0.707107 0 0.707107 0 1 0 0 0 0
1218 1218 40 500 391.275 0.707107 0 0.707107 0 1 0 0 0 0
1219 1219 40 500 391.35 0.707107 0 0.707107 0 1 0 0 0 0
1220 1220 40 500 391.425 0.707107 0 0.707107 0 1 0 0 0 0
1221 1221 40 500 391.5 0.707107 0 0.707107 0 1 0 0 0 0
1222 1222 40 500 391.575 0.707107 0 0.707107 0 1 0 0 0 0
1223 1223 40 500 391.65 0.707107 0 0.707107 0 1 0 0 0 0
1224 1224 40 500 391.725 0.707107 0 0.707107 0 1 0 0 0 0
1225 1225 40 500 391.8 0.707107 0 0.707107 0 1 0 0 0 0
1226 1226 40 500 391.875 0.707107 0 0.707107 0 1 0 0 0 0
1227 1227 40 500 391.95 0.707107 0 0.707107 0 1 0 0 0 0
1228 1228 40 500 392.025 0.707107 0 0.707107 0 1 0 0 0 0
1229 1229 40 500 392.1 0.707107 0 0.707107 0 1 0 0 0 0
1230 1230 40 500 392.175 0.707107 0 0.707107 0 1 0 0 0 0
1231 1231 40 500 392.25 0.707107 0 0.707107 0 1 0 0 0 0
1232 1232 40 500 392.325 0.707107 0 0.707107 0 1 0 0 0 0
1233 1233 40 500 392.4 0.707107 0 0.707107 0 1 0 0 0 0
1234 1234 40 500 392.475 0.707107 0 0.707107 0 1 0 0 0 0
1235 1235 40 500 392.55 0.707107 0 0.707107 0 1 0 0 0 0
1236 1236 40 500 392.625 0.707107 0 0.707107 0 1 0 0 0 0
1237 1237 40 500 392.7 0.707107 0 0.707107 0 1 0 0 0 0
1238 1238 40 500 392.775 0.707107 0 0.707107 0 1 0 0 0 0
1239 1239 40 500 392.85 0.707107 0 0.707107 0 1 0 0 0 0
1240 1240 40 500 392.925 0.707107 0 0.707107 0 1 0 0 0 0
1241 1241 40 500 393 0.707107 0 0.707107 0 1 0 0 0 0
1242 1242 40 500 393.075 0.707107 0 0.707107 0 1 0 0 0 0
1243 1243 40 500 393.15 0.707107 0 0.707107 0 1 0 0 0 0
1244 1244 40 500 393.225 0.707107 0 0.707107 0 1 0 0 0 0
1245 1245 40 500 393.3 0.707107 0 0.707107 0 1 0 0 0 0
1246 1246 40 500 393.375 0.707107 0 0.707107 0 1 0 0 0 0
1247 1247 40 500 393.45 0.707107 0 0.707107 0 1 0 0 0 0
1248 1248 40 500 393.525 0.707107 0 0.707107 0 1 0 0 0 0
1249 1249 40 500 393.6 0.707107 0 0.707107 0 1 0 0 0 0
1250 1250 40 500 393.675 0.707107 0 0.707107 0 1 0 0 0 0
1251 1251 40 500 393.75 0.707107 0 0.707107 0 1 0 0 0 0
1252 1252 40 500 393.825 0.707107 0 0.707107 0 1 0 0 0 0
1253 1253 40 500 393.9 0.707107 0 0.707107 0 1 0 0 0 0
1254 1254 40 500 393.975 0.707107 0 0.707107 0 1 0 0 0 0
1255 1255 40 500 394.05 0.707107 0 0.707107 0 1 0 0 0 0
1256 1256 40 500 394.125 0.707107 0 0.707107 0 1 0 0 0 0
1257 1257 40 500 394.2 0.707107 0 0.707107 0 1 0 0 0 0
1258 1258 40 500 394.275 0.707107 0 0.707107 0 1 0 0 0 0
1259 1259 40 500 394.35 0.707107 0 0.707107 0 1 0 0 0 0
1260 1260 40 500 394.425 0.707107 0 0.707107 0 1 0 0 0 0
1261 1261 40 500 394.5 0.707107 0 0.707107 0 1 0 0 0 0
1262 1262 40 500 394.575 0.707107 0 0.707107 0 1 0 0 0 0
1263 1263 40 500 394.65 0.707107 0 0.707107 0 1 0 0 0 0
1264 1264 40 500 394.725 0.707107 0 0.707107 0 1 0 0 0 0
1265 1265 40 500 394.8 0.707107 0 0.707107 0 1 0 0 0 0
1266 1266 40 500 394.875 0.707107 0 0.707107 0 1 0 0 0 0
1267 1267 40 500 394.95 0.707107 0 0.707107 0 1 0 0 0 0
1268 1268 40 500 395.025 0.707107 0 0.707107 0 1 0 0 0 0
1269 1269 40 500 395.1 0.707107 0 0.707107 0 1 0 0 0 0
1270 1270 40 500 395.175 0.707107 0 0.707107 0 1 0 0 0 0
1271 1271 40 500 395.25 0.707107 0 0.707107 0 1 0 0 0 0
1272 1272 40 500 395.325 0.707107 0 0.707107 0 1 0 0 0 0
1273 1273 40 500 395.4 0.707107 0 0.707107 0 1 0 0 0 0
1274 1274 40 500 395.475 0.707107 0 0.707107 0 1 0 0 0 0
1275 1275 40 500 395.55 0.707107 0 0.707107 0 1 0 0 0 0
1276 1276 40 500 395.625 0.707107 0 0.707107 0 1 0 0 0 0
1277 1277 40 500 395.7 0.707107 0 0.707107 0 1 0 0 0 0
1278 1278 40 500 395.775 0.707107 0 0.707107 0 1 0 0 0 0
1279 1279 40 500 395.85 0.707107 0 0.707107 0 1 0 0 0 0
1280 1280 40 500 395.925 0.707107 0 0.707107 0 1 0 0 0 0
1281 1281 40 500 396 0.707107 0 0.707107 0 1 0 0 0 0
1282 1282 40 500 396.075 0.707107 0 0.707107 0 1 0 0 0 0
1283 1283 40 500 396.15 0.707107 0 0.707107 0 1 0 0 0 0
1284 1284 40 500 396.225 0.707107 0 0.707107 0 1 0 0 0 0
1285 1285 40 500 396.3 0.707107 0 0.707107 0 1 0 0 0 0
1286 1286 40 500 396.375 0.707107 0 0.707107 0 1 0 0 0 0
1287 1287 40 500 396.45 0.707107 0 0.707107 0 1 0 0 0 0
1288 1288 40 500 396.525 0.707107 0 0.707107 0 1 0 0 0 0
1289 1289 40 500 396.6 0.707107 0 0.707107 0 1 0 0 0 0
1290 1290 40 500 396.675 0.707107 0 0.707107 0 1 0 0 0 0
1291 1291 40 500 396.75 0.707107 0 0.707107 0 1 0 0 0 0
1292 1292 40 500 396.825 0.707107 0 0.707107 0 1 0 0 0 0
1293 1293 40 500 396.9 0.707107 0 0.707107 0 1 0 0 0 0
1294 1294 40 500 396.975 0.707107 0 0.707107 0 1 0 0 0 0
1295 1295 40 500 397.05 0.707107 0 0.707107 0 1 0 0 0 0
1296 1296 40 500 397.125 0.707107 0 0.707107 0 1 0 0 0 0
1297 1297 40 500 397.2 0.707107 0 0.707107 0 1 0 0 0 0
1298 1298 40 500 397.275 0.707107 0 0.707107 0 1 0 0 0 0
1299 1299 40 500 397.35 0.707107 0 0.707107 0 1 0 0 0 0
1300 1300 40 500 397.425 0.707107 0 0.707107 0 1 0 0 0 0
1301 1301 40 500 397.5 0.707107 0 0.707107 0 1 0 0 0 0
1302 1302 40 500 397.575 0.707107 0 0.707107 0 1 0 0 0 0
1303 1303 40 500 397.65 0.707107 0 0.707107 0 1 0 0 0 0
1304 1304 40 500 397.725 0.707107 0 0.707107 0 1 0 0 0 0
1305 1305 40 500 397.8 0.707107 0 0.707107 0 1 0 0 0 0
1306 1306 40 500 397.875 0.707107 0 0.707107 0 1 0 0 0 0
1307 1307 40 500 397.95 0.707107 0 0.707107 0 1 0 0 0 0
1308 1308 40 500 398.025 0.707107 0 0.707107 0 1 0 0 0 0
1309 1309 40 500 398.1 0.707107 0 0.707107 0 1 0 0 0 0
1310 1310 40 500 398.175 0.707107 0 0.707107 0 1 0 0 0 0
1311 1311 40 500 398.25 0.707107 0 0.707107 0 1 0 0 0 0
1312 1312 40 500 398.325 0.707107 0 0.707107 0 1 0 0 0 0
1313 1313 40 500 398.4 0.707107 0 0.707107 0 1 0 0 0 0
1314 1314 40 500 398.475 0.707107 0 0.707107 0 1 0 0 0 0
1315 1315 40 500 398.55 0.707107 0 0.707107 0 1 0 0 0 0
1316 1316 40 500 398.625 0.707107 0 0.707107 0 1 0 0 0 0
1317 1317 40 500 398.7 0.707107 0 0.707107 0 1 0 0 0 0
1318 1318 40 500 398.775 0.707107 0 0.707107 0 1 0 0 0 0
1319 1319 40 500 398.85 0.707107 0 0.707107 0 1 0 0 0 0
1320 1320 40 500 398.925 0.707107 0 0.707107 0 1 0 0 0 0
1321 1321 40 500 399 0.707107 0 0.707107 0 1 0 0 0 0
1322 1322 40 500 399.075 0.707107 0 0.707107 0 1 0 0 0 0
1323 1323 40 500 399.15 0.707107 0 0.707107 0 1 0 0 0 0
1324 1324 40 500 399.225 0.707107 0 0.707107 0 1 0 0 0 0
1325 1325 40 500 399.3 0.707107 0 0.707107 0 1 0 0 0 0
1326 1326 40 500 399.375 0.707107 0 0.707107 0 1 0 0 0 0
1327 1327 40 500 399.45 0.707107 0 0.707107 0 1 0 0 0 0
1328 1328 40 500 399.525 0.707107 0 0.707107 0 1 0 0 0 0
1329 1329 40 500 399.6 0.707107 0 0.707107 0 1 0 0 0 0
1330 1330 40 500 399.675 0.707107 0 0.707107 0 1 0 0 0 0
1331 1331 40 500 399.75 0.707107 0 0.707107 0 1 0 0 0 0
1332 1332 40 500 399.825 0.707107 0 0.707107 0 1 0 0 0 0
1333 1333 40 500 399.9 0.707107 0 0.707107 0 1 0 0 0 0
1334 1334 40 500 399.975 0.707107 0 0.707107 0 1 0 0 0 0
1335 1335 40 500 400.05 0.707107 0 0.707107 0 1 0 0 0 0
1336 1336 40 500 400.125 0.707107 0 0.707107 0 1 0 0 0 0
1337 1337 40 500 400.2 0.707107 0 0.707107 0 1 0 0 0 0
1338 1338 40 500 400.275 0.707107 0 0.707107 0 1 0 0 0 0
1339 1339 40 500 400.35 0.707107 0 0.707107 0 1 0 0 0 0
1340 1340 40 500 400.425 0.707107 0 0.707107 0 1 0 0 0 0
1341 1341 40 500 400.5 0.707107 0 0.707107 0 1 0 0 0 0
1342 1342 40 500 400.575 0.707107 0 0.707107 0 1 0 0 0 0
1343 1343 40 500 400.65 0.707107 0 0.707107 0 1 0 0 0 0
1344 1344 40 500 400.725 0.707107 0 0.707107 0 1 0 0 0 0
1345 1345 40 500 400.8 0.707107 0 0.707107 0 1 0 0 0 0
1346 1346 40 500 400.875 0.707107 0 0.707107 0 1 0 0 0 0
1347 1347 40 500 400.95 0.707107 0 0.707107 0 1 0 0 0 0
1348 1348 40 500 401.025 0.707107 0 0.707107 0 1 0 0 0 0
1349 1349 40 500 401.1 0.707107 0 0.707107 0 1 0 0 0 0
1350 1350 40 500 401.175 0.707107 0 0.707107 0 1 0 0 0 0
1351 1351 40 500 401.25 0.707107 0 0.707107 0 1 0 0 0 0
1352 1352 40 500 401.325 0.707107 0 0.707107 0 1 0 0 0 0
1353 1353 40 500 401.4 0.707107 0 0.707107 0 1 0 0 0 0
1354 1354 40 500 401.475 0.707107 0 0.707107 0 1 0 0 0 0
1355 1355 40 500 401.55 0.707107 0 0.707107 0 1 0 0 0 0
1356 1356 40 500 401.625 0.707107 0 0.707107 0 1 0 0 0 0
1357 1357 40 500 401.7 0.707107 0 0.707107 0 1 0 0 0 0
1358 1358 40 500 401.775 0.707107 0 0.707107 0 1 0 0 0 0
1359 1359 40 500 401.85 0.707107 0 0.707107 0 1 0 0 0 0
1360 1360 40 500 401.925 0.707107 0 0.707107 0 1 0 0 0 0
1361 1361 40 500 402 0.707107 0 0.707107 0 1 0 0 0 0
1362 1362 40 500 402.075 0.707107 0 0.707107 0 1 0 0 0 0
1363 1363 40 500 402.15 0.707107 0 0.707107 0 1 0 0 0 0
1364 1364 40 500 402.225 0.707107 0 0.707107 0 1 0 0 0 0
1365 1365 40 500 402.3 0.707107 0 0.707107 0 1 0 0 0 0
1366 1366 40 500 402.375 0.707107 0 0.707107 0 1 0 0 0 0
1367 1367 40 500 402.45 0.707107 0 0.707107 0 1 0 0 0 0
1368 1368 40 500 402.525 0.707107 0 0.707107 0 1 0 0 0 0
1369 1369 40 500 402.6 0.707107 0 0.707107 0 1 0 0 0 0
1370 1370 40 500 402.675 0.707107 0 0.707107 0 1 0 0 0 0
1371 1371 40 500 402.75 0.707107 0 0.707107 0 1 0 0 0 0
1372 1372 40 500 402.825 0.707107 0 0.707107 0 1 0 0 0 0
1373 1373 40 500 402.9 0.707107 0 0.707107 0 1 0 0 0 0
1374 1374 40 500 402.975 0.707107 0 0.707107 0 1 0 0 0 0
1375 1375 40 500 403.05 0.707107 0 0.707107 0 1 0 0 0 0
1376 1376 40 500 403.125 0.707107 0 0.707107 0 1 0 0 0 0
1377 1377 40 500 403.2 0.707107 0 0.707107 0 1 0 0 0 0
1378 1378 40 500 403.275 0.707107 0 0.707107 0 1 0 0 0 0
1379 1379 40 500 403.35 0.707107 0 0.707107 0 1 0 0 0 0
1380 1380 40 500 403.425 0.707107 0 0.707107 0 1 0 0 0 0
1381 1381 40 500 403.5 0.707107 0 0.707107 0 1 0 0 0 0
1382 1382 40 500 403.575 0.707107 0 0.707107 0 1 0 0 0 0
1383 1383 40 500 403.65 0.707107 0 0.707107 0 1 0 0 0 0
1384 1384 40 500 403.725 0.707107 0 0.707107 0 1 0 0 0 0
1385 1385 40 500 403.8 0.707107 0 0.707107 0 1 0 0 0 0
1386 1386 40 500 403.875 0.707107 0 0.707107 0 1 0 0 0 0
1387 1387 40 500 403.95 0.707107 0 0.707107 0 1 0 0 0 0
1388 1388 40 500 404.025 0.707107 0 0.707107 0 1 0 0 0 0
1389 1389 40 500 404.1 0.707107 0 0.707107 0 1 0 0 0 0
1390 1390 40 500 404.175 0.707107 0 0.707107 0 1 0 0 0 0
1391 1391 40 500 404.25 0.707107 0 0.707107 0 1 0 0 0 0
1392 1392 40 500 404.325 0.707107 0 0.707107 0 1 0 0 0 0
1393 1393 40 500 404.4 0.707107 0 0.707107 0 1 0 0 0 0
1394 1394 40 500 404.475 0.707107 0 0.707107 0 1 0 0 0 0
1395 1395 40 500 404.55 0.707107 0 0.707107 0 1 0 0 0 0
1396 1396 40 500 404.625 0.707107 0 0.707107 0 1 0 0 0 0
1397 1397 40 500 404.7 0.707107 0 0.707107 0 1 0 0 0 0
1398 1398 40 500 404.775 0.707107 0 0.707107 0 1 0 0 0 0
1399 1399 40 500 404.85 0.707107 0 0.707107 0 1 0 0 0 0
1400 1400 40 500 404.925 0.707107 0 0.707107 0 1 0 0 0 0
1401 1401 40 500 405 0.707107 0 0.707107 0 1 0 0 0 0
1402 1402 40 500 405.075 0.707107 0 0.707107 0 1 0 0 0 0
1403 1403 40 500 405.15 0.707107 0 0.707107 0 1 0 0 0 0
1404 1404 40 500 405.225 0.707107 0 0.707107 0 1 0 0 0 0
1405 1405 40 500 405.3 0.707107 0 0.707107 0 1 0 0 0 0
1406 1406 40 500 405.375 0.707107 0 0.707107 0 1 0 0 0 0
1407 1407 40 500 405.45 0.707107 0 0.707107 0 1 0 0 0 0
1408 1408 40 500 405.525 0.707107 0 0.707107 0 1 0 0 0 0
1409 1409 40 500 405.6 0.707107 0 0.707107 0 1 0 0 0 0
1410 1410 40 500 405.675 0.707107 0 0.707107 0 1 0 0 0 0
1411 1411 40 500 405.75 0.707107 0 0.707107 0 1 0 0 0 0
1412 1412 40 500 405.825 0.707107 0 0.707107 0 1 0 0 0 0
1413 1413 40 500 405.9 0.707107 0 0.707107 0 1 0 0 0 0
1414 1414 40 500 405.975 0.707107 0 0.707107 0 1 0 0 0 0
1415 1415 40 500 406.05 0.707107 0 0.707107 0 1 0 0 0 0
1416 1416 40 500 406.125 0.707107 0 0.707107 0 1 0 0 0 0
1417 1417 40 500 406.2 0.707107 0 0.707107 0 1 0 0 0 0
1418 1418 40 500 406.275 0.707107 0 0.707107 0 1 0 0 0 0
1419 1419 40 500 406.35 0.707107 0 0.707107 0 1 0 0 0 0
1420 1420 40 500 406.425 0.707107 0 0.707107 0 1 0 0 0 0
1421 1421 40 500 406.5 0.707107 0 0.707107 0 1 0 0 0 0
1422 1422 40 500 406.575 0.707107 0 0.707107 0 1 0 0 0 0
1423 1423 40 500 406.65 0.707107 0 0.707107 0 1 0 0 0 0
1424 1424 40 500 406.725 0.707107 0 0.707107 0 1 0 0 0 0
1425 1425 40 500 406.8 0.707107 0 0.707107 0 1 0 0 0 0
1426 1426 40 500 406.875 0.707107 0 0.707107 0 1 0 0 0 0
1427 1427 40 500 406.95 0.707107 0 0.707107 0 1 0 0 0 0
1428 1428 40 500 407.025 0.707107 0 0.707107 0 1 0 0 0 0
1429 1429 40 500 407.1 0.707107 0 0.707107 0 1 0 0 0 0
1430 1430 40 500 407.175 0.707107 0 0.707107 0 1 0 0 0 0
1431 1431 40 500 407.25 0.707107 0 0.707107 0 1 0 0 0 0
1432 1432 40 500 407.325 0.707107 0 0.707107 0 1 0 0 0 0
1433 1433 40 500 407.4 0.707107 0 0.707107 0 1 0 0 0 0
1434 1434 40 500 407.475 0.707107 0 0.707107 0 1 0 0 0 0
1435 1435 40 500 407.55 0.707107 0 0.707107 0 1 0 0 0 0
1436 1436 40 500 407.625 0.707107 0 0.707107 0 1 0 0 0 0
1437 1437 40 500 407.7 0.707107 0 0.707107 0 1 0 0 0 0
1438 1438 40 500 407.775 0.707107 0 0.707107 0 1 0 0 0 0
1439 1439 40 500 407.85 0.707107 0 0.707107 0 1 0 0 0 0
1440 1440 40 500 407.925 0.707107 0 0.707107 0 1 0 0 0 0
1441 1441 40 500 408 0.707107 0 0.707107 0 1 0 0 0 0
1442 1442 40 500 408.075 0.707107 0 0.707107 0 1 0 0 0 0
1443 1443 40 500 408.15 0.707107 0 0.707107 0 1 0 0 0 0
1444 1444 40 500 408.225 0.707107 0 0.707107 0 1 0 0 0 0
1445 1445 40 500 408.3 0.707107 0 0.707107 0 1 0 0 0 0
1446 1446 40 500 408.375 0.707107 0 0.707107 0 1 0 0 0 0
1447 1447 40 500 408.45 0.707107 0 0.707107 0 1 0 0 0 0
1448 1448 40 500 408.525 0.707107 0 0.707107 0 1 0 0 0 0
1449 1449 40 500 408.6 0.707107 0 0.707107 0 1 0 0 0 0
1450 1450 40 500 408.675 0.707107 0 0.707107 0 1 0 0 0 0
1451 1451 40 500 408.75 0.707107 0 0.707107 0 1 0 0 0 0
1452 1452 40 500 408.825 0.707107 0 0.707107 0 1 0 0 0 0
1453 1453 40 500 408.9 0.707107 0 0.707107 0 1 0 0 0 0
1454 1454 40 500 408.975 0.707107 0 0.707107 0 1 0 0 0 0
1455 1455 40 500 409.05 0.707107 0 0.707107 0 1 0 0 0 0
1456 1456 40 500 409.125 0.707107 0 0.707107 0 1 0 0 0 0
1457 1457 40 500 409.2 0.707107 0 0.707107 0 1 0 0 0 0
1458 1458 40 500 409.275 0.707107 0 0.707107 0 1 0 0 0 0
1459 1459 40 500 409.35 0.707107 0 0.707107 0 1 0 0 0 0
1460 1460 40 500 409.425 0.707107 0 0.707107 0 1 0 0 0 0
1461 1461 40 500 409.5 0.707107 0 0.707107 0 1 0 0 0 0
1462 1462 40 500 409.575 0.707107 0 0.707107 0 1 0 0 0 0
1463 1463 40 500 409.65 0.707107 0 0.707107 0 1 0 0 0 0
1464 1464 40 500 409.725 0.707107 0 0.707107 0 1 0 0 0 0
1465 1465 40 500 409.8 0.707107 0 0.707107 0 1 0 0 0 0
1466 1466 40 500 409.875 0.707107 0 0.707107 0 1 0 0 0 0
1467 1467 40 500 409.95 0.707107 0 0.707107 0 1 0 0 0 0
1468 1468 40 500 410.025 0.707107 0 0.707107 0 1 0 0 0 0
1469 1469 40 500 410.1 0.707107 0 0.707107 0 1 0 0 0 0
1470 1470 40 500 410.175 0.707107 0 0.707107 0 1 0 0 0 0
1471 1471 40 500 410.25 0.707107 0 0.707107 0 1 0 0 0 0
1472 1472 40 500 410.325 0.707107 0 0.707107 0 1 0 0 0 0
1473 1473 40 500 410.4 0.707107 0 0.707107 0 1 0 0 0 0
1474 1474 40 500 410.475 0.707107 0 0.707107 0 1 0 0 0 0
1475 1475 40 500 410.55 0.707107 0 0.707107 0 1 0 0 0 0
1476 1476 40 500 410.625 0.707107 0 0.707107 0 1 0 0 0 0
1477 1477 40 500 410.7 0.707107 0 0.707107 0 1 0 0 0 0
1478 1478 40 500 410.775 0.707107 0 0.707107 0 1 0 0 0 0
1479 1479 40 500 410.85 0.707107 0 0.707107 0 1 0 0 0 0
1480 1480 40 500 410.925 0.707107 0 0.707107 0 1 0 0 0 0
1481 1481 40 500 411 0.707107 0 0.707107 0 1 0 0 0 0
1482 1482 40 500 411.075 0.707107 0 0.707107 0 1 0 0 0 0
1483 1483 40 500 411.15 0.707107 0 0.707107 0 1 0 0 0 0
1484 1484 40 500 411.225 0.707107 0 0.707107 0 1 0 0 0 0
1485 1485 40 500 411.3 0.707107 0 0.707107 0 1 0 0 0 0
1486 1486 40 500 411.375 0.707107 0 0.707107 0 1 0 0 0 0
1487 1487 40 500 411.45 0.707107 0 0.707107 0 1 0 0 0 0
1488 1488 40 500 411.525 0.707107 0 0.707107 0 1 0 0 0 0
1489 1489 40 500 411.6 0.707107 0 0.707107 0 1 0 0 0 0
1490 1490 40 500 411.675 0.707107 0 0.707107 0 1 0 0 0 0
1491 1491 40 500 411.75 0.707107 0 0.707107 0 1 0 0 0 0
1492 1492 40 500 411.825 0.707107 0 0.707107 0 1 0 0 0 0
1493 1493 40 500 411.9 0.707107 0 0.707107 0 1 0 0 0 0
1494 1494 40 500 411.975 0.707107 0 0.707107 0 1 0 0 0 0
1495 1495 40 500 412.05 0.707107 0 0.707107 0 1 0 0 0 0
1496 1496 40 500 412.125 0.707107 0 0.707107 0 1 0 0 0 0
1497 1497 40 500 412.2 0.707107 0 0.707107 0 1 0 0 0 0
1498 1498 40 500 412.275 0.707107 0 0.707107 0 1 0 0 0 0
1499 1499 40 500 412.35 0.707107 0 0.707107 0 1 0 0 0 0
1500 1500 40 500 412.425 0.707107 0 0.707107 0 1 0 0 0 0
1501 1501 40 500 412.5 0.707107 0 0.707107 0 1 0 0 0 0
1502 1502 40 500 412.575 0.707107 0 0.707107 0 1 0 0 0 0
1503 1503 40 500 412.65 0.707107 0 0.707107 0 1 0 0 0 0
1504 1504 40 500 412.725 0.707107 0 0.707107 0 1 0 0 0 0
1505 1505 40 500 412.8 0.707107 0 0.707107 0 1 0 0 0 0
1506 1506 40 500 412.875 0.707107 0 0.707107 0 1 0 0 0 0
1507 1507 40 500 412.95 0.707107 0 0.707107 0 1 0 0 0 0
1508 1508 40 500 413.025 0.707107 0 0.707107 0 1 0 0 0 0
1509 1509 40 500 413.1 0.707107 0 0.707107 0 1 0 0 0 0
1510 1510 40 500 413.175 0.707107 0 0.707107 0 1 0 0 0 0
1511 1511 40 500 413.25 0.707107 0 0.707107 0 1 0 0 0 0
1512 1512 40 500 413.325 0.707107 0 0.707107 0 1 0 0 0 0
1513 1513 40 500 413.4 0.707107 0 0.707107 0 1 0 0 0 0
1514 1514 40 500 413.475 0.707107 0 0.707107 0 1 0 0 0 0
1515 1515 40 500 413.55 0.707107 0 0.707107 0 1 0 0 0 0
1516 1516 40 500 413.625 0.707107 0 0.707107 0 1 0 0 0 0
1517 1517 40 500 413.7 0.707107 0 0.707107 0 1 0 0 0 0
1518 1518 40 500 413.775 0.707107 0 0.707107 0 1 0 0 0 0
1519 1519 40 500 413.85 0.707107 0 0.707107 0 1 0 0 0 0
1520 1520 40 500 413.925 0.707107 0 0.707107 0 1 0 0 0 0
1521 1521 40 500 414 0.707107 0 0.707107 0 1 0 0 0 0
1522 1522 40 500 414.075 0.707107 0 0.707107 0 1 0 0 0 0
1523 1523 40 500 414.15 0.707107 0 0.707107 0 1 0 0 0 0
1524 1524 40 500 414.225 0.707107 0 0.707107 0 1 0 0 0 0
1525 1525 40 500 414.3 0.707107 0 0.707107 0 1 0 0 0 0
1526 1526 40 500 414.375 0.707107 0 0.707107 0 1 0 0 0 0
1527 1527 40 500 414.45 0.707107 0 0.707107 0 1 0 0 0 0
1528 1528 40 500 414.525 0.707107 0 0.707107 0 1 0 0 0 0
1529 1529 40 500 414.6 0.707107 0 0.707107 0 1 0 0 0 0
1530 1530 40 500 414.675 0.707107 0 0.707107 0 1 0 0 0 0
1531 1531 40 500 414.75 0.707107 0 0.707107 0 1 0 0 0 0
1532 1532 40 500 414.825 0.707107 0 0.707107 0 1 0 0 0 0
1533 1533 40 500 414.9 0.707107 0 0.707107 0 1 0 0 0 0
1534 1534 40 500 414.975 0.707107 0 0.707107 0 1 0 0 0 0
1535 1535 40 500 415.05 0.707107 0 0.707107 0 1 0 0 0 0
1536 1536 40 500 415.125 0.707107 0 0.707107 0 1 0 0 0 0
1537 1537 40 500 415.2 0.707107 0 0.707107 0 1 0 0 0 0
1538 1538 40 500 415.275 0.707107 0 0.707107 0 1 0 0 0 0
1539 1539 40 500 415.35 0.707107 0 0.707107 0 1 0 0 0 0
1540 1540 40 500 415.425 0.707107 0 0.707107 0 1 0 0 0 0
1541 1541 40 500 415.5 0.707107 0 0.707107 0 1 0 0 0 0
1542 1542 40 500 415.575 0.707107 0 0.707107 0 1 0 0 0 0
1543 1543 40 500 415.65 0.707107 0 0.707107 0 1 0 0 0 0
1544 1544 40 500 415.725 0.707107 0 0.707107 0 1 0 0 0 0
1545 1545 40 500 415.8 0.707107 0 0.707107 0 1 0 0 0 0
1546 1546 40 500 415.875 0.707107 0 0.707107 0 1 0 0 0 0
1547 1547 40 500 415.95 0.707107 0 0.707107 0 1 0 0 0 0
1548 1548 40 500 416.025 0.707107 0 0.707107 0 1 0 0 0 0
1549 1549 40 500 416.1 0.707107 0 0.707107 0 1 0 0 0 0
1550 1550 40 500 416.175 0.707107 0 0.707107 0 1 0 0 0 0
1551 1551 40 500 416.25 0.707107 0 0.707107 0 1 0 0 0 0
1552 1552 40 500 416.325 0.707107 0 0.707107 0 1 0 0 0 0
1553 1553 40 500 416.4 0.707107 0 0.707107 0 1 0 0 0 0
1554 1554 40 500 416.475 0.707107 0 0.707107 0 1 0 0 0 0
1555 1555 40 500 416.55 0.707107 0 0.707107 0 1 0 0 0 0
1556 1556 40 500 416.625 0.707107 0 0.707107 0 1 0 0 0 0
1557 1557 40 500 416.7 0.707107 0 0.707107 0 1 0 0 0 0
1558 1558 40 500 416.775 0.707107 0 0.707107 0 1 0 0 0 0
1559 1559 40 500 416.85 0.707107 0 0.707107 0 1 0 0 0 0
1560 1560 40 500 416.925 0.707107 0 0.707107 0 1 0 0 0 0
1561 1561 40 500 417 0.707107 0 0.707107 0 1 0 0 0 0
1562 1562 40 500 417.075 0.707107 0 0.707107 0 1 0 0 0 0
1563 1563 40 500 417.15 0.707107 0 0.707107 0 1 0 0 0 0
1564 1564 40 500 417.225 0.707107 0 0.707107 0 1 0 0 0 0
1565 1565 40 500 417.3 0.707107 0 0.707107 0 1 0 0 0 0
1566 1566 40 500 417.375 0.707107 0 0.707107 0 1 0 0 0 0
1567 1567 40 500 417.45 0.707107 0 0.707107 0 1 0 0 0 0
1568 1568 40 500 417.525 0.707107 0 0.707107 0 1 0 0 0 0
1569 1569 40 500 417.6 0.707107 0 0.707107 0 1 0 0 0 0
1570 1570 40 500 417.675 0.707107 0 0.707107 0 1 0 0 0 0
1571 1571 40 500 417.75 0.707107 0 0.707107 0 1 0 0 0 0
1572 1572 40 500 417.825 0.707107 0 0.707107 0 1 0 0 0 0
1573 1573 40 500 417.9 0.707107 0 0.707107 0 1 0 0 0 0
1574 1574 40 500 417.975 0.707107 0 0.707107 0 1 0 0 0 0
1575 1575 40 500 418.05 0.707107 0 0.707107 0 1 0 0 0 0
1576 1576 40 500 418.125 0.707107 0 0.707107 0 1 0 0 0 0
1577 1577 40 500 418.2 0.707107 0 0.707107 0 1 0 0 0 0
1578 1578 40 500 418.275 0.707107 0 0.707107 0 1 0 0 0 0
1579 1579 40 500 418.35 0.707107 0 0.707107 0 1 0 0 0 0
1580 1580 40 500 418.425 0.707107 0 0.707107 0 1 0 0 0 0
1581 1581 40 500 418.5 0.707107 0 0.707107 0 1 0 0 0 0
1582 1582 40 500 418.575 0.707107 0 0.707107 0 1 0 0 0 0
1583 1583 40 500 418.65 0.707107 0 0.707107 0 1 0 0 0 0
1584 1584 40 500 418.725 0.707107 0 0.707107 0 1 0 0 0 0
1585 1585 40 500 418.8 0.707107 0 0.707107 0 1 0 0 0 0
1586 1586 40 500 418.875 0.707107 0 0.707107 0 1 0 0 0 0
1587 1587 40 500 418.95 0.707107 0 0.707107 0 1 0 0 0 0
1588 1588 40 500 419.025 0.707107 0 0.707107 0 1 0 0 0 0
1589 1589 40 500 419.1 0.707107 0 0.707107 0 1 0 0 0 0
1590 1590 40 500 419.175 0.707107 0 0.707107 0 1 0 0 0 0
1591 1591 40 500 419.25 0.707107 0 0.707107 0 1 0 0 0 0
1592 1592 40 500 419.325 0.707107 0 0.707107 0 1 0 0 0 0
1593 1593 40 500 419.4 0.707107 0 0.707107 0 1 0 0 0 0
1594 1594 40 500 419.475 0.707107 0 0.707107 0 1 0 0 0 0
1595 1595 40 500 419.55 0.707107 0 0.707107 0 1 0 0 0 0
1596 1596 40 500 419.625 0.707107 0 0.707107 0 1 0 0 0 0
1597 1597 40 500 419.7 0.707107 0 0.707107 0 1 0 0 0 0
1598 1598 40 500 419.775 0.707107 0 0.707107 0 1 0 0 0 0
1599 1599 40 500 419.85 0.707107 0 0.707107 0 1 0 0 0 0
1600 1600 40 500 419.925 0.707107 0 0.707107 0 1 0 0 0 0
1601 1601 40 500 420 0.707107 0 0.707107 0 1 0 0 0 0
