#          k/h    CDM            baryon         photon         nu             mass_nu        total          no_nu          total_de       Weyl           v_CDM          v_b            v_b-v_c        PCF            cdm_f1         b_f1        
   0.107522E-04   0.538562E+06   0.538562E+06   0.718073E+06   0.718072E+06   0.570231E+06   0.538727E+06   0.538562E+06   0.547921E+06  -0.602686E+00   0.536712E+06   0.536712E+06   0.228731E+00   0.103742E+01   0.102672E+01   0.102672E+01
   0.118830E-04   0.538562E+06   0.538562E+06   0.718071E+06   0.718070E+06   0.570230E+06   0.538727E+06   0.538562E+06   0.547920E+06  -0.602686E+00   0.536712E+06   0.536712E+06   0.252787E+00   0.103742E+01   0.102672E+01   0.102672E+01
   0.131327E-04   0.538562E+06   0.538562E+06   0.718068E+06   0.718067E+06   0.570229E+06   0.538727E+06   0.538562E+06   0.547920E+06  -0.602686E+00   0.536712E+06   0.536712E+06   0.279373E+00   0.103742E+01   0.102672E+01   0.102672E+01
   0.145139E-04   0.538562E+06   0.538562E+06   0.718065E+06   0.718064E+06   0.570227E+06   0.538727E+06   0.538562E+06   0.547920E+06  -0.602686E+00   0.536712E+06   0.536712E+06   0.308755E+00   0.103742E+01   0.102672E+01   0.102672E+01
   0.160404E-04   0.538562E+06   0.538561E+06   0.718061E+06   0.718060E+06   0.570225E+06   0.538727E+06   0.538561E+06   0.547920E+06  -0.602686E+00   0.536712E+06   0.536712E+06   0.341227E+00   0.103742E+01   0.102672E+01   0.102672E+01
   0.177273E-04   0.538561E+06   0.538561E+06   0.718056E+06   0.718055E+06   0.570223E+06   0.538727E+06   0.538561E+06   0.547920E+06  -0.602686E+00   0.536712E+06   0.536712E+06   0.377114E+00   0.103742E+01   0.102672E+01   0.102672E+01
   0.195917E-04   0.538561E+06   0.538561E+06   0.718050E+06   0.718049E+06   0.570221E+06   0.538727E+06   0.538561E+06   0.547920E+06  -0.602685E+00   0.536711E+06   0.536711E+06   0.416775E+00   0.103742E+01   0.102672E+01   0.102672E+01
   0.216522E-04   0.538561E+06   0.538561E+06   0.718043E+06   0.718041E+06   0.570218E+06   0.538726E+06   0.538561E+06   0.547919E+06  -0.602685E+00   0.536711E+06   0.536711E+06   0.460607E+00   0.103742E+01   0.102672E+01   0.102672E+01
   0.239294E-04   0.538561E+06   0.538561E+06   0.718034E+06   0.718032E+06   0.570214E+06   0.538726E+06   0.538561E+06   0.547919E+06  -0.602684E+00   0.536711E+06   0.536711E+06   0.509049E+00   0.103742E+01   0.102672E+01   0.102672E+01
   0.264461E-04   0.538560E+06   0.538560E+06   0.718024E+06   0.718020E+06   0.570209E+06   0.538726E+06   0.538560E+06   0.547918E+06  -0.602684E+00   0.536711E+06   0.536711E+06   0.562586E+00   0.103742E+01   0.102672E+01   0.102672E+01
   0.292275E-04   0.538560E+06   0.538560E+06   0.718010E+06   0.718007E+06   0.570203E+06   0.538726E+06   0.538560E+06   0.547918E+06  -0.602683E+00   0.536710E+06   0.536710E+06   0.621752E+00   0.103742E+01   0.102672E+01   0.102672E+01
   0.323013E-04   0.538560E+06   0.538559E+06   0.717995E+06   0.717990E+06   0.570196E+06   0.538725E+06   0.538560E+06   0.547917E+06  -0.602682E+00   0.536710E+06   0.536710E+06   0.687141E+00   0.103742E+01   0.102672E+01   0.102672E+01
   0.356985E-04   0.538559E+06   0.538559E+06   0.717975E+06   0.717969E+06   0.570187E+06   0.538724E+06   0.538559E+06   0.547916E+06  -0.602681E+00   0.536709E+06   0.536709E+06   0.759407E+00   0.103741E+01   0.102672E+01   0.102672E+01
   0.394529E-04   0.538558E+06   0.538558E+06   0.717951E+06   0.717944E+06   0.570177E+06   0.538724E+06   0.538558E+06   0.547915E+06  -0.602680E+00   0.536708E+06   0.536708E+06   0.839273E+00   0.103741E+01   0.102672E+01   0.102672E+01
   0.436022E-04   0.538558E+06   0.538557E+06   0.717922E+06   0.717914E+06   0.570164E+06   0.538723E+06   0.538558E+06   0.547914E+06  -0.602679E+00   0.536708E+06   0.536708E+06   0.927537E+00   0.103741E+01   0.102671E+01   0.102671E+01
   0.481879E-04   0.538556E+06   0.538556E+06   0.717886E+06   0.717876E+06   0.570148E+06   0.538722E+06   0.538556E+06   0.547912E+06  -0.602677E+00   0.536707E+06   0.536707E+06   0.102508E+01   0.103741E+01   0.102671E+01   0.102671E+01
   0.532559E-04   0.538555E+06   0.538555E+06   0.717843E+06   0.717830E+06   0.570129E+06   0.538720E+06   0.538555E+06   0.547910E+06  -0.602675E+00   0.536705E+06   0.536705E+06   0.113289E+01   0.103741E+01   0.102671E+01   0.102671E+01
   0.588569E-04   0.538554E+06   0.538553E+06   0.717790E+06   0.717774E+06   0.570105E+06   0.538719E+06   0.538554E+06   0.547908E+06  -0.602672E+00   0.536704E+06   0.536704E+06   0.125203E+01   0.103741E+01   0.102671E+01   0.102671E+01
   0.650469E-04   0.538552E+06   0.538551E+06   0.717725E+06   0.717706E+06   0.570077E+06   0.538717E+06   0.538552E+06   0.547905E+06  -0.602669E+00   0.536702E+06   0.536702E+06   0.138369E+01   0.103740E+01   0.102671E+01   0.102671E+01
   0.718879E-04   0.538550E+06   0.538549E+06   0.717646E+06   0.717623E+06   0.570042E+06   0.538714E+06   0.538550E+06   0.547902E+06  -0.602664E+00   0.536700E+06   0.536700E+06   0.152921E+01   0.103740E+01   0.102671E+01   0.102671E+01
   0.794485E-04   0.538547E+06   0.538546E+06   0.717549E+06   0.717521E+06   0.569999E+06   0.538711E+06   0.538547E+06   0.547898E+06  -0.602660E+00   0.536697E+06   0.536697E+06   0.169002E+01   0.103740E+01   0.102670E+01   0.102671E+01
   0.878041E-04   0.538544E+06   0.538543E+06   0.717431E+06   0.717396E+06   0.569946E+06   0.538708E+06   0.538543E+06   0.547892E+06  -0.602654E+00   0.536694E+06   0.536693E+06   0.186774E+01   0.103739E+01   0.102670E+01   0.102670E+01
   0.970386E-04   0.538539E+06   0.538538E+06   0.717286E+06   0.717244E+06   0.569883E+06   0.538703E+06   0.538539E+06   0.547886E+06  -0.602646E+00   0.536689E+06   0.536689E+06   0.206414E+01   0.103739E+01   0.102670E+01   0.102670E+01
   0.107244E-03   0.538534E+06   0.538533E+06   0.717110E+06   0.717059E+06   0.569805E+06   0.538698E+06   0.538534E+06   0.547878E+06  -0.602637E+00   0.536684E+06   0.536684E+06   0.228118E+01   0.103738E+01   0.102669E+01   0.102669E+01
   0.118523E-03   0.538528E+06   0.538527E+06   0.716895E+06   0.716833E+06   0.569709E+06   0.538691E+06   0.538528E+06   0.547869E+06  -0.602626E+00   0.536678E+06   0.536678E+06   0.252104E+01   0.103737E+01   0.102669E+01   0.102669E+01
   0.130988E-03   0.538521E+06   0.538519E+06   0.716632E+06   0.716556E+06   0.569593E+06   0.538683E+06   0.538520E+06   0.547857E+06  -0.602613E+00   0.536671E+06   0.536670E+06   0.278611E+01   0.103736E+01   0.102668E+01   0.102668E+01
   0.144765E-03   0.538512E+06   0.538509E+06   0.716311E+06   0.716218E+06   0.569451E+06   0.538673E+06   0.538511E+06   0.547843E+06  -0.602596E+00   0.536661E+06   0.536661E+06   0.307902E+01   0.103734E+01   0.102667E+01   0.102667E+01
   0.159990E-03   0.538500E+06   0.538498E+06   0.715919E+06   0.715806E+06   0.569277E+06   0.538661E+06   0.538500E+06   0.547826E+06  -0.602576E+00   0.536650E+06   0.536650E+06   0.340271E+01   0.103733E+01   0.102666E+01   0.102666E+01
   0.176816E-03   0.538487E+06   0.538483E+06   0.715441E+06   0.715303E+06   0.569066E+06   0.538646E+06   0.538486E+06   0.547805E+06  -0.602552E+00   0.536636E+06   0.536636E+06   0.376039E+01   0.103731E+01   0.102664E+01   0.102665E+01
   0.195412E-03   0.538470E+06   0.538466E+06   0.714857E+06   0.714689E+06   0.568807E+06   0.538628E+06   0.538469E+06   0.547779E+06  -0.602522E+00   0.536620E+06   0.536619E+06   0.415563E+01   0.103728E+01   0.102663E+01   0.102663E+01
   0.215963E-03   0.538450E+06   0.538444E+06   0.714145E+06   0.713940E+06   0.568491E+06   0.538606E+06   0.538449E+06   0.547748E+06  -0.602485E+00   0.536599E+06   0.536598E+06   0.459234E+01   0.103725E+01   0.102661E+01   0.102662E+01
   0.238676E-03   0.538425E+06   0.538418E+06   0.713276E+06   0.713025E+06   0.568106E+06   0.538579E+06   0.538424E+06   0.547710E+06  -0.602441E+00   0.536574E+06   0.536573E+06   0.507487E+01   0.103722E+01   0.102658E+01   0.102659E+01
   0.263778E-03   0.538394E+06   0.538387E+06   0.712215E+06   0.711910E+06   0.567636E+06   0.538546E+06   0.538393E+06   0.547663E+06  -0.602386E+00   0.536543E+06   0.536542E+06   0.560798E+01   0.103717E+01   0.102655E+01   0.102657E+01
   0.291520E-03   0.538357E+06   0.538348E+06   0.710922E+06   0.710550E+06   0.567063E+06   0.538506E+06   0.538356E+06   0.547606E+06  -0.602320E+00   0.536506E+06   0.536504E+06   0.619695E+01   0.103712E+01   0.102652E+01   0.102653E+01
   0.322179E-03   0.538312E+06   0.538301E+06   0.709345E+06   0.708892E+06   0.566363E+06   0.538457E+06   0.538310E+06   0.547536E+06  -0.602239E+00   0.536460E+06   0.536458E+06   0.684758E+01   0.103705E+01   0.102647E+01   0.102649E+01
   0.356063E-03   0.538256E+06   0.538243E+06   0.707424E+06   0.706871E+06   0.565510E+06   0.538397E+06   0.538254E+06   0.547451E+06  -0.602140E+00   0.536405E+06   0.536402E+06   0.756624E+01   0.103697E+01   0.102642E+01   0.102644E+01
   0.393511E-03   0.538189E+06   0.538172E+06   0.705083E+06   0.704411E+06   0.564470E+06   0.538324E+06   0.538186E+06   0.547348E+06  -0.602019E+00   0.536337E+06   0.536334E+06   0.835997E+01   0.103688E+01   0.102635E+01   0.102638E+01
   0.434897E-03   0.538107E+06   0.538086E+06   0.702233E+06   0.701416E+06   0.563202E+06   0.538234E+06   0.538103E+06   0.547221E+06  -0.601872E+00   0.536254E+06   0.536250E+06   0.923646E+01   0.103676E+01   0.102627E+01   0.102630E+01
   0.480635E-03   0.538006E+06   0.537981E+06   0.698767E+06   0.697774E+06   0.561659E+06   0.538126E+06   0.538002E+06   0.547067E+06  -0.601692E+00   0.536152E+06   0.536148E+06   0.102042E+02   0.103661E+01   0.102617E+01   0.102621E+01
   0.531184E-03   0.537883E+06   0.537853E+06   0.694553E+06   0.693350E+06   0.559780E+06   0.537993E+06   0.537878E+06   0.546880E+06  -0.601473E+00   0.536029E+06   0.536024E+06   0.112724E+02   0.103644E+01   0.102605E+01   0.102610E+01
   0.587049E-03   0.537734E+06   0.537696E+06   0.689438E+06   0.687980E+06   0.557496E+06   0.537831E+06   0.537727E+06   0.546651E+06  -0.601207E+00   0.535878E+06   0.535872E+06   0.124513E+02   0.103622E+01   0.102591E+01   0.102597E+01
   0.648790E-03   0.537551E+06   0.537506E+06   0.683235E+06   0.681473E+06   0.554720E+06   0.537633E+06   0.537544E+06   0.546373E+06  -0.600883E+00   0.535694E+06   0.535687E+06   0.137518E+02   0.103596E+01   0.102573E+01   0.102581E+01
   0.717023E-03   0.537329E+06   0.537273E+06   0.675726E+06   0.673603E+06   0.551351E+06   0.537393E+06   0.537320E+06   0.546035E+06  -0.600488E+00   0.535470E+06   0.535461E+06   0.151859E+02   0.103565E+01   0.102552E+01   0.102561E+01
   0.792433E-03   0.537058E+06   0.536990E+06   0.666656E+06   0.664102E+06   0.547269E+06   0.537100E+06   0.537047E+06   0.545625E+06  -0.600008E+00   0.535197E+06   0.535186E+06   0.167668E+02   0.103526E+01   0.102526E+01   0.102537E+01
   0.875774E-03   0.536729E+06   0.536646E+06   0.655724E+06   0.652665E+06   0.542331E+06   0.536744E+06   0.536715E+06   0.545126E+06  -0.599426E+00   0.534864E+06   0.534851E+06   0.185083E+02   0.103480E+01   0.102494E+01   0.102508E+01
   0.967880E-03   0.536328E+06   0.536226E+06   0.642589E+06   0.638941E+06   0.536370E+06   0.536311E+06   0.536310E+06   0.544523E+06  -0.598720E+00   0.534459E+06   0.534443E+06   0.204255E+02   0.103425E+01   0.102456E+01   0.102472E+01
   0.106967E-02   0.535840E+06   0.535717E+06   0.626866E+06   0.622539E+06   0.529192E+06   0.535785E+06   0.535819E+06   0.543793E+06  -0.597865E+00   0.533967E+06   0.533947E+06   0.225344E+02   0.103358E+01   0.102410E+01   0.102430E+01
   0.118217E-02   0.535248E+06   0.535097E+06   0.608129E+06   0.603030E+06   0.520579E+06   0.535146E+06   0.535223E+06   0.542911E+06  -0.596833E+00   0.533368E+06   0.533344E+06   0.248518E+02   0.103279E+01   0.102355E+01   0.102379E+01
   0.130650E-02   0.534531E+06   0.534346E+06   0.585924E+06   0.579967E+06   0.510282E+06   0.534373E+06   0.534500E+06   0.541850E+06  -0.595588E+00   0.532642E+06   0.532612E+06   0.273954E+02   0.103184E+01   0.102289E+01   0.102318E+01
   0.144391E-02   0.533662E+06   0.533437E+06   0.559791E+06   0.552902E+06   0.498031E+06   0.533438E+06   0.533624E+06   0.540577E+06  -0.594091E+00   0.531761E+06   0.531724E+06   0.301831E+02   0.103071E+01   0.102210E+01   0.102246E+01
   0.159577E-02   0.532612E+06   0.532338E+06   0.529294E+06   0.521433E+06   0.483541E+06   0.532309E+06   0.532566E+06   0.539054E+06  -0.592299E+00   0.530695E+06   0.530650E+06   0.332334E+02   0.102940E+01   0.102116E+01   0.102160E+01
   0.176359E-02   0.531346E+06   0.531011E+06   0.494079E+06   0.485254E+06   0.466527E+06   0.530951E+06   0.531290E+06   0.537241E+06  -0.590160E+00   0.529407E+06   0.529353E+06   0.365644E+02   0.102786E+01   0.102005E+01   0.102059E+01
   0.194907E-02   0.529824E+06   0.529416E+06   0.453944E+06   0.444245E+06   0.446724E+06   0.529321E+06   0.529755E+06   0.535094E+06  -0.587621E+00   0.527855E+06   0.527789E+06   0.401935E+02   0.102609E+01   0.101875E+01   0.101942E+01
   0.215406E-02   0.528000E+06   0.527502E+06   0.408945E+06   0.398572E+06   0.423926E+06   0.527372E+06   0.527916E+06   0.532566E+06  -0.584625E+00   0.525991E+06   0.525911E+06   0.441369E+02   0.102408E+01   0.101725E+01   0.101806E+01
   0.238060E-02   0.525823E+06   0.525216E+06   0.359519E+06   0.348818E+06   0.398028E+06   0.525052E+06   0.525720E+06   0.529612E+06  -0.581113E+00   0.523760E+06   0.523663E+06   0.484091E+02   0.102184E+01   0.101553E+01   0.101652E+01
   0.263097E-02   0.523235E+06   0.522495E+06   0.306629E+06   0.296117E+06   0.369092E+06   0.522305E+06   0.523110E+06   0.526188E+06  -0.577030E+00   0.521100E+06   0.520982E+06   0.530222E+02   0.101939E+01   0.101359E+01   0.101480E+01
   0.290767E-02   0.520177E+06   0.519275E+06   0.251889E+06   0.242252E+06   0.337412E+06   0.519069E+06   0.520024E+06   0.522255E+06  -0.572327E+00   0.517945E+06   0.517803E+06   0.579853E+02   0.101678E+01   0.101143E+01   0.101292E+01
   0.321348E-02   0.516585E+06   0.515487E+06   0.197635E+06   0.189688E+06   0.303589E+06   0.515286E+06   0.516399E+06   0.517784E+06  -0.566968E+00   0.514226E+06   0.514055E+06   0.633053E+02   0.101410E+01   0.100910E+01   0.101091E+01
   0.355144E-02   0.512396E+06   0.511061E+06   0.146861E+06   0.141426E+06   0.268585E+06   0.510896E+06   0.512170E+06   0.512754E+06  -0.560932E+00   0.509874E+06   0.509668E+06   0.689868E+02   0.101146E+01   0.100663E+01   0.100885E+01
   0.392495E-02   0.507550E+06   0.505928E+06   0.102920E+06   0.100610E+06   0.233720E+06   0.505845E+06   0.507276E+06   0.507154E+06  -0.554216E+00   0.504823E+06   0.504576E+06   0.750336E+02   0.100901E+01   0.100410E+01   0.100683E+01
   0.433774E-02   0.501995E+06   0.500025E+06   0.689058E+05   0.698372E+05   0.200584E+06   0.500088E+06   0.501662E+06   0.500974E+06  -0.546836E+00   0.499018E+06   0.498720E+06   0.814509E+02   0.100689E+01   0.100162E+01   0.100497E+01
   0.479394E-02   0.495687E+06   0.493296E+06   0.467255E+05   0.502279E+05   0.170821E+06   0.493586E+06   0.495282E+06   0.494198E+06  -0.538814E+00   0.492415E+06   0.492059E+06   0.882477E+02   0.100523E+01   0.999282E+00   0.100340E+01
   0.529813E-02   0.488592E+06   0.485695E+06   0.360493E+05   0.405723E+05   0.145763E+06   0.486312E+06   0.488102E+06   0.486791E+06  -0.530165E+00   0.484991E+06   0.484565E+06   0.954377E+02   0.100408E+01   0.997190E+00   0.100226E+01
   0.585534E-02   0.480697E+06   0.477193E+06   0.336707E+05   0.371381E+05   0.128887E+06   0.478268E+06   0.480104E+06   0.478713E+06  -0.520902E+00   0.476762E+06   0.476255E+06   0.103038E+03   0.100338E+01   0.995421E+00   0.100167E+01
   0.647115E-02   0.471971E+06   0.467737E+06   0.340440E+05   0.347987E+05   0.114228E+06   0.469387E+06   0.471254E+06   0.469826E+06  -0.510920E+00   0.467694E+06   0.467089E+06   0.111065E+03   0.100296E+01   0.993923E+00   0.100163E+01
   0.715172E-02   0.462400E+06   0.457295E+06   0.315918E+05   0.296045E+05   0.101485E+06   0.459653E+06   0.461536E+06   0.460050E+06  -0.500126E+00   0.457803E+06   0.457084E+06   0.119522E+03   0.100260E+01   0.992623E+00   0.100213E+01
   0.790388E-02   0.451968E+06   0.445826E+06   0.241818E+05   0.214648E+05   0.903495E+05   0.449043E+06   0.450928E+06   0.449341E+06  -0.488418E+00   0.447093E+06   0.446239E+06   0.128386E+03   0.100216E+01   0.991416E+00   0.100316E+01
   0.873513E-02   0.440645E+06   0.433274E+06   0.151815E+05   0.141816E+05   0.790952E+05   0.437513E+06   0.439397E+06   0.437704E+06  -0.475712E+00   0.435526E+06   0.434515E+06   0.137601E+03   0.100167E+01   0.990202E+00   0.100471E+01
   0.965382E-02   0.428400E+06   0.419580E+06   0.106748E+05   0.112078E+05   0.672250E+05   0.425026E+06   0.426907E+06   0.425165E+06  -0.461982E+00   0.423049E+06   0.421855E+06   0.147075E+03   0.100131E+01   0.988953E+00   0.100690E+01
   0.106691E-01   0.415204E+06   0.404688E+06   0.990375E+04   0.989884E+04   0.562129E+05   0.411556E+06   0.413424E+06   0.411683E+06  -0.447215E+00   0.409578E+06   0.408172E+06   0.156686E+03   0.100113E+01   0.987657E+00   0.100985E+01
   0.117912E-01   0.401035E+06   0.388550E+06   0.782901E+04   0.782514E+04   0.474219E+05   0.397084E+06   0.398922E+06   0.397184E+06  -0.431404E+00   0.395153E+06   0.393504E+06   0.166266E+03   0.100093E+01   0.986330E+00   0.101378E+01
   0.130313E-01   0.385874E+06   0.371126E+06   0.616280E+04   0.615976E+04   0.402676E+05   0.381584E+06   0.383378E+06   0.381663E+06  -0.414499E+00   0.379726E+06   0.377802E+06   0.175575E+03   0.100077E+01   0.984890E+00   0.101885E+01
   0.144018E-01   0.369710E+06   0.352393E+06   0.482831E+04   0.482593E+04   0.336549E+05   0.365038E+06   0.366780E+06   0.365100E+06  -0.396474E+00   0.363279E+06   0.361047E+06   0.184295E+03   0.100064E+01   0.983288E+00   0.102527E+01
   0.159165E-01   0.352544E+06   0.332361E+06   0.376294E+04   0.376109E+04   0.272874E+05   0.347446E+06   0.349129E+06   0.347494E+06  -0.377326E+00   0.345812E+06   0.343242E+06   0.192016E+03   0.100053E+01   0.981470E+00   0.103334E+01
   0.175904E-01   0.334398E+06   0.311085E+06   0.291566E+04   0.291423E+04   0.218779E+05   0.328839E+06   0.330453E+06   0.328877E+06  -0.357088E+00   0.327348E+06   0.324415E+06   0.198226E+03   0.100044E+01   0.979385E+00   0.104336E+01
   0.194404E-01   0.315328E+06   0.288690E+06   0.224475E+04   0.224365E+04   0.179095E+05   0.309289E+06   0.310820E+06   0.309318E+06  -0.335833E+00   0.307952E+06   0.304644E+06   0.202312E+03   0.100036E+01   0.976994E+00   0.105569E+01
   0.214850E-01   0.295438E+06   0.265403E+06   0.171612E+04   0.171528E+04   0.143100E+05   0.288912E+06   0.290355E+06   0.288934E+06  -0.313688E+00   0.287741E+06   0.284062E+06   0.203567E+03   0.100030E+01   0.974270E+00   0.107066E+01
   0.237446E-01   0.274893E+06   0.241579E+06   0.130224E+04   0.130161E+04   0.112724E+05   0.267906E+06   0.269255E+06   0.267923E+06  -0.290867E+00   0.266905E+06   0.262887E+06   0.201232E+03   0.100025E+01   0.971209E+00   0.108851E+01
   0.262418E-01   0.253944E+06   0.217727E+06   0.980690E+03   0.980212E+03   0.896303E+04   0.246566E+06   0.247815E+06   0.246579E+06  -0.267687E+00   0.245729E+06   0.241435E+06   0.194563E+03   0.100021E+01   0.967873E+00   0.110915E+01
   0.290017E-01   0.232940E+06   0.194531E+06   0.733194E+03   0.732836E+03   0.687163E+04   0.225292E+06   0.226440E+06   0.225301E+06  -0.244582E+00   0.224606E+06   0.220144E+06   0.182946E+03   0.100017E+01   0.964406E+00   0.113188E+01
   0.320518E-01   0.212333E+06   0.172831E+06   0.544865E+03   0.544600E+03   0.530773E+04   0.204600E+06   0.205648E+06   0.204607E+06  -0.222113E+00   0.204039E+06   0.199562E+06   0.166070E+03   0.100014E+01   0.961091E+00   0.115486E+01
   0.354227E-01   0.192599E+06   0.153487E+06   0.403303E+03   0.403107E+03   0.406443E+04   0.185029E+06   0.185980E+06   0.185034E+06  -0.200861E+00   0.184555E+06   0.180261E+06   0.144149E+03   0.100012E+01   0.958359E+00   0.117460E+01
   0.391482E-01   0.174266E+06   0.137316E+06   0.298322E+03   0.298177E+03   0.305322E+04   0.167150E+06   0.168013E+06   0.167154E+06  -0.181448E+00   0.166718E+06   0.162829E+06   0.118135E+03   0.100010E+01   0.956795E+00   0.118593E+01
   0.432654E-01   0.157942E+06   0.124989E+06   0.221640E+03   0.221532E+03   0.232752E+04   0.151581E+06   0.152365E+06   0.151584E+06  -0.164544E+00   0.151145E+06   0.147875E+06   0.898727E+02   0.100008E+01   0.957052E+00   0.118321E+01
   0.478157E-01   0.143745E+06   0.116291E+06   0.165867E+03   0.165787E+03   0.178906E+04   0.138381E+06   0.139099E+06   0.138383E+06  -0.150213E+00   0.137903E+06   0.135404E+06   0.621523E+02   0.100006E+01   0.959429E+00   0.116444E+01
   0.528445E-01   0.131367E+06   0.110088E+06   0.124941E+03   0.124879E+03   0.138004E+04   0.127105E+06   0.127766E+06   0.127107E+06  -0.137972E+00   0.126568E+06   0.124864E+06   0.383307E+02   0.100005E+01   0.963520E+00   0.113428E+01
   0.584022E-01   0.120479E+06   0.104795E+06   0.944750E+02   0.944287E+02   0.105727E+04   0.117214E+06   0.117824E+06   0.117215E+06  -0.127234E+00   0.116634E+06   0.115579E+06   0.214873E+02   0.100004E+01   0.968132E+00   0.110295E+01
   0.645444E-01   0.109979E+06   0.979516E+05   0.709190E+02   0.708842E+02   0.797620E+03   0.107384E+06   0.107944E+06   0.107384E+06  -0.116562E+00   0.106812E+06   0.106088E+06   0.133387E+02   0.100003E+01   0.971236E+00   0.108310E+01
   0.713326E-01   0.989579E+05   0.878527E+05   0.521984E+02   0.521728E+02   0.586543E+03   0.965740E+05   0.970785E+05   0.965746E+05  -0.104828E+00   0.960790E+05   0.952993E+05   0.129969E+02   0.100003E+01   0.970937E+00   0.108479E+01
   0.788347E-01   0.873223E+05   0.748970E+05   0.374554E+02   0.374371E+02   0.434707E+03   0.847762E+05   0.852196E+05   0.847767E+05  -0.920216E-01   0.844083E+05   0.833032E+05   0.166685E+02   0.100002E+01   0.966654E+00   0.111227E+01
   0.871258E-01   0.759905E+05   0.619520E+05   0.264365E+02   0.264236E+02   0.311518E+03   0.732315E+05   0.736148E+05   0.732318E+05  -0.794899E-01   0.729856E+05   0.715886E+05   0.190650E+02   0.100002E+01   0.960477E+00   0.115557E+01
   0.962889E-01   0.662924E+05   0.526882E+05   0.188019E+02   0.187928E+02   0.224013E+03   0.636567E+05   0.639902E+05   0.636570E+05  -0.690967E-01   0.634638E+05   0.621211E+05   0.165802E+02   0.100002E+01   0.957348E+00   0.117905E+01
   0.106416E+00   0.591365E+05   0.486458E+05   0.138226E+02   0.138159E+02   0.167190E+03   0.570621E+05   0.573612E+05   0.570623E+05  -0.619383E-01   0.568421E+05   0.559290E+05   0.102025E+02   0.100001E+01   0.961215E+00   0.114974E+01
   0.117608E+00   0.535536E+05   0.466003E+05   0.103571E+02   0.103520E+02   0.125234E+03   0.521037E+05   0.523769E+05   0.521038E+05  -0.565560E-01   0.518457E+05   0.513675E+05   0.483436E+01   0.100001E+01   0.968119E+00   0.110231E+01
   0.129976E+00   0.474654E+05   0.415236E+05   0.752140E+01   0.751771E+01   0.913613E+02   0.462174E+05   0.464599E+05   0.462175E+05  -0.501667E-01   0.459896E+05   0.455534E+05   0.399044E+01   0.100001E+01   0.968916E+00   0.109706E+01
   0.143646E+00   0.406729E+05   0.337129E+05   0.522273E+01   0.522018E+01   0.660751E+02   0.392889E+05   0.394950E+05   0.392889E+05  -0.426460E-01   0.391394E+05   0.384935E+05   0.534658E+01   0.100001E+01   0.962305E+00   0.114181E+01
   0.158754E+00   0.351382E+05   0.286039E+05   0.368293E+01   0.368113E+01   0.453880E+02   0.338547E+05   0.340324E+05   0.338547E+05  -0.367475E-01   0.337333E+05   0.331321E+05   0.450324E+01   0.100001E+01   0.960024E+00   0.115831E+01
   0.175450E+00   0.313861E+05   0.269293E+05   0.272005E+01   0.271872E+01   0.336568E+02   0.304719E+05   0.306319E+05   0.304719E+05  -0.330756E-01   0.303299E+05   0.299917E+05   0.229192E+01   0.100000E+01   0.966354E+00   0.111373E+01
   0.193902E+00   0.273972E+05   0.234322E+05   0.194237E+01   0.194142E+01   0.238355E+02   0.265866E+05   0.267262E+05   0.265866E+05  -0.288582E-01   0.264672E+05   0.261428E+05   0.198929E+01   0.100000E+01   0.966059E+00   0.111568E+01
   0.214295E+00   0.233530E+05   0.192535E+05   0.134641E+01   0.134576E+01   0.165693E+02   0.225408E+05   0.226592E+05   0.225408E+05  -0.244668E-01   0.224548E+05   0.220854E+05   0.204976E+01   0.100000E+01   0.961542E+00   0.114709E+01
   0.236833E+00   0.205538E+05   0.175243E+05   0.976378E+00   0.975901E+00   0.119991E+02   0.199364E+05   0.200411E+05   0.199364E+05  -0.216398E-01   0.198464E+05   0.196061E+05   0.120673E+01   0.100000E+01   0.965589E+00   0.111879E+01
   0.261740E+00   0.177053E+05   0.148952E+05   0.686804E+00   0.686468E+00   0.855165E+01   0.171397E+05   0.172297E+05   0.171397E+05  -0.186041E-01   0.170678E+05   0.168267E+05   0.109518E+01   0.100000E+01   0.963997E+00   0.112968E+01
   0.289268E+00   0.152728E+05   0.128627E+05   0.485202E+00   0.484965E+00   0.602326E+01   0.147872E+05   0.148649E+05   0.147872E+05  -0.160507E-01   0.147242E+05   0.145230E+05   0.826972E+00   0.100000E+01   0.964080E+00   0.112908E+01
   0.319690E+00   0.131972E+05   0.111391E+05   0.343382E+00   0.343215E+00   0.432879E+01   0.127817E+05   0.128489E+05   0.127817E+05  -0.138738E-01   0.127271E+05   0.125539E+05   0.644148E+00   0.100000E+01   0.964379E+00   0.112701E+01
   0.353313E+00   0.113459E+05   0.957439E+04   0.241702E+00   0.241584E+00   0.299947E+01   0.109884E+05   0.110461E+05   0.109884E+05  -0.119272E-01   0.109412E+05   0.107937E+05   0.496355E+00   0.100000E+01   0.964327E+00   0.112735E+01
   0.390471E+00   0.974135E+04   0.820155E+04   0.169827E+00   0.169744E+00   0.211053E+01   0.943120E+04   0.948077E+04   0.943121E+04  -0.102370E-01   0.939120E+04   0.926125E+04   0.395724E+00   0.100000E+01   0.964057E+00   0.112921E+01
   0.431537E+00   0.836745E+04   0.706679E+04   0.119503E+00   0.119444E+00   0.150854E+01   0.810474E+04   0.814734E+04   0.810474E+04  -0.879723E-02   0.806983E+04   0.796145E+04   0.298634E+00   0.100000E+01   0.964433E+00   0.112660E+01
   0.476922E+00   0.716170E+04   0.604134E+04   0.837239E-01   0.836831E-01   0.104508E+01   0.693565E+04   0.697210E+04   0.693565E+04  -0.752824E-02   0.690591E+04   0.681230E+04   0.233372E+00   0.100000E+01   0.964285E+00   0.112762E+01
   0.527080E+00   0.612432E+04   0.516455E+04   0.586147E-01   0.585861E-01   0.748042E+00   0.593073E+04   0.596190E+04   0.593073E+04  -0.643746E-02   0.590534E+04   0.582503E+04   0.181161E+00   0.100000E+01   0.964244E+00   0.112789E+01
   0.582514E+00   0.523105E+04   0.441215E+04   0.409917E-01   0.409716E-01   0.519750E+00   0.506584E+04   0.509247E+04   0.506584E+04  -0.549868E-02   0.504413E+04   0.497566E+04   0.139752E+00   0.100000E+01   0.964267E+00   0.112772E+01
   0.643778E+00   0.446203E+04   0.376397E+04   0.286280E-01   0.286140E-01   0.359932E+00   0.432118E+04   0.434390E+04   0.432118E+04  -0.469039E-02   0.430265E+04   0.424433E+04   0.107717E+00   0.100000E+01   0.964281E+00   0.112762E+01
   0.711484E+00   0.380123E+04   0.320678E+04   0.199678E-01   0.199581E-01   0.248204E+00   0.368129E+04   0.370063E+04   0.368129E+04  -0.399582E-02   0.366548E+04   0.361584E+04   0.829607E-01   0.100000E+01   0.964288E+00   0.112756E+01
   0.786312E+00   0.323439E+04   0.272867E+04   0.139105E-01   0.139037E-01   0.175071E+00   0.313234E+04   0.314880E+04   0.313234E+04  -0.339997E-02   0.311889E+04   0.307667E+04   0.638379E-01   0.100000E+01   0.964292E+00   0.112753E+01
   0.869009E+00   0.274890E+04   0.231916E+04   0.967953E-02   0.967480E-02   0.124104E+00   0.266218E+04   0.267617E+04   0.266218E+04  -0.288964E-02   0.265075E+04   0.261488E+04   0.490731E-01   0.100000E+01   0.964294E+00   0.112751E+01
   0.960403E+00   0.233379E+04   0.196899E+04   0.672823E-02   0.672494E-02   0.853083E-01   0.226018E+04   0.227206E+04   0.226018E+04  -0.245329E-02   0.225047E+04   0.222003E+04   0.376850E-01   0.100000E+01   0.964296E+00   0.112750E+01
   0.106141E+01   0.197929E+04   0.166993E+04   0.467188E-02   0.466960E-02   0.604915E-01   0.191686E+04   0.192694E+04   0.191686E+04  -0.208064E-02   0.190863E+04   0.188282E+04   0.289102E-01   0.100000E+01   0.964298E+00   0.112748E+01
   0.117304E+01   0.167700E+04   0.141492E+04   0.324085E-02   0.323926E-02   0.409897E-01   0.162411E+04   0.163265E+04   0.162411E+04  -0.176288E-02   0.161713E+04   0.159527E+04   0.221579E-01   0.100000E+01   0.964299E+00   0.112747E+01
   0.129641E+01   0.141952E+04   0.119770E+04   0.224601E-02   0.224491E-02   0.289003E-01   0.137476E+04   0.138198E+04   0.137476E+04  -0.149222E-02   0.136885E+04   0.135035E+04   0.169671E-01   0.100000E+01   0.964301E+00   0.112745E+01
   0.143275E+01   0.120050E+04   0.101292E+04   0.155515E-02   0.155439E-02   0.196474E-01   0.116264E+04   0.116875E+04   0.116264E+04  -0.126198E-02   0.115764E+04   0.114200E+04   0.129811E-01   0.100000E+01   0.964302E+00   0.112744E+01
   0.158344E+01   0.101439E+04   0.855900E+03   0.107587E-02   0.107534E-02   0.136593E-01   0.982406E+03   0.987570E+03   0.982406E+03  -0.106634E-02   0.978181E+03   0.964966E+03   0.992338E-02   0.100000E+01   0.964303E+00   0.112743E+01
   0.174997E+01   0.856426E+03   0.722624E+03   0.743680E-03   0.743317E-03   0.983084E-02   0.829423E+03   0.833783E+03   0.829423E+03  -0.900290E-03   0.825856E+03   0.814700E+03   0.757988E-02   0.100000E+01   0.964304E+00   0.112742E+01
   0.193401E+01   0.722494E+03   0.609623E+03   0.513656E-03   0.513405E-03   0.640093E-02   0.699714E+03   0.703392E+03   0.699714E+03  -0.759499E-03   0.696704E+03   0.687294E+03   0.578553E-02   0.100000E+01   0.964305E+00   0.112741E+01
   0.213742E+01   0.609044E+03   0.513902E+03   0.354511E-03   0.354338E-03   0.443770E-02   0.589842E+03   0.592943E+03   0.589842E+03  -0.640239E-03   0.587305E+03   0.579372E+03   0.441280E-02   0.100000E+01   0.964306E+00   0.112740E+01
   0.236221E+01   0.513038E+03   0.432897E+03   0.244496E-03   0.244377E-03   0.301540E-02   0.496864E+03   0.499475E+03   0.496864E+03  -0.539316E-03   0.494726E+03   0.488044E+03   0.336351E-02   0.100000E+01   0.964307E+00   0.112739E+01
   0.261065E+01   0.431865E+03   0.364406E+03   0.168505E-03   0.168422E-03   0.213670E-02   0.418250E+03   0.420449E+03   0.418250E+03  -0.453986E-03   0.416450E+03   0.410825E+03   0.256209E-02   0.100000E+01   0.964308E+00   0.112738E+01
   0.288521E+01   0.363293E+03   0.306547E+03   0.116055E-03   0.115998E-03   0.143327E-02   0.351840E+03   0.353690E+03   0.351840E+03  -0.381902E-03   0.350326E+03   0.345593E+03   0.195046E-02   0.100000E+01   0.964308E+00   0.112737E+01
   0.318865E+01   0.305414E+03   0.257710E+03   0.798798E-04   0.798408E-04   0.978027E-03   0.295786E+03   0.297341E+03   0.295786E+03  -0.321059E-03   0.294513E+03   0.290534E+03   0.148401E-02   0.100000E+01   0.964309E+00   0.112737E+01
   0.352400E+01   0.256600E+03   0.216521E+03   0.549472E-04   0.549203E-04   0.699559E-03   0.248511E+03   0.249817E+03   0.248511E+03  -0.269744E-03   0.247441E+03   0.244097E+03   0.112852E-02   0.100000E+01   0.964309E+00   0.112736E+01
   0.389463E+01   0.215460E+03   0.181807E+03   0.377743E-04   0.377558E-04   0.470405E-03   0.208668E+03   0.209765E+03   0.208668E+03  -0.226497E-03   0.207770E+03   0.204960E+03   0.857777E-03   0.100000E+01   0.964309E+00   0.112735E+01
   0.430423E+01   0.180814E+03   0.152572E+03   0.259539E-04   0.259412E-04   0.329430E-03   0.175114E+03   0.176034E+03   0.175114E+03  -0.190076E-03   0.174360E+03   0.172001E+03   0.651707E-03   0.100000E+01   0.964309E+00   0.112734E+01
   0.475691E+01   0.151656E+03   0.127968E+03   0.178226E-04   0.178139E-04   0.247555E-03   0.146875E+03   0.147647E+03   0.146875E+03  -0.159424E-03   0.146243E+03   0.144263E+03   0.494951E-03   0.100000E+01   0.964309E+00   0.112734E+01
   0.525720E+01   0.127134E+03   0.107276E+03   0.122324E-04   0.122265E-04   0.156213E-03   0.123126E+03   0.123773E+03   0.123126E+03  -0.133646E-03   0.122596E+03   0.120935E+03   0.375776E-03   0.100000E+01   0.964309E+00   0.112733E+01
   0.581010E+01   0.106523E+03   0.898835E+02   0.839144E-05   0.838734E-05   0.111319E-03   0.103165E+03   0.103707E+03   0.103165E+03  -0.111980E-03   0.102721E+03   0.101328E+03   0.285219E-03   0.100000E+01   0.964308E+00   0.112732E+01
   0.642115E+01   0.892108E+02   0.752744E+02   0.575372E-05   0.575091E-05   0.776377E-04   0.863982E+02   0.868524E+02   0.863982E+02  -0.937802E-04   0.860266E+02   0.848578E+02   0.216440E-03   0.100000E+01   0.964307E+00   0.112731E+01
   0.709647E+01   0.746771E+02   0.630099E+02   0.394328E-05   0.394135E-05   0.511676E-04   0.723225E+02   0.727027E+02   0.723225E+02  -0.785018E-04   0.720116E+02   0.710314E+02   0.164227E-03   0.100000E+01   0.964306E+00   0.112731E+01
   0.784282E+01   0.624830E+02   0.527197E+02   0.270128E-05   0.269996E-05   0.381910E-04   0.605127E+02   0.608308E+02   0.605127E+02  -0.656830E-04   0.602526E+02   0.594307E+02   0.124604E-03   0.100000E+01   0.964304E+00   0.112730E+01
   0.866765E+01   0.522575E+02   0.440906E+02   0.184967E-05   0.184876E-05   0.224070E-04   0.506094E+02   0.508754E+02   0.506094E+02  -0.549335E-04   0.503920E+02   0.497027E+02   0.945480E-04   0.100000E+01   0.964302E+00   0.112729E+01
   0.957924E+01   0.436871E+02   0.368582E+02   0.126600E-05   0.126538E-05   0.185522E-04   0.423090E+02   0.425314E+02   0.423090E+02  -0.459240E-04   0.421274E+02   0.415493E+02   0.717552E-04   0.100000E+01   0.964299E+00   0.112728E+01
   0.105867E+02   0.365075E+02   0.307994E+02   0.866160E-06   0.865737E-06   0.112560E-04   0.353557E+02   0.355415E+02   0.353557E+02  -0.383765E-04   0.352041E+02   0.347190E+02   0.544751E-04   0.100000E+01   0.964296E+00   0.112726E+01
   0.117001E+02   0.304960E+02   0.257262E+02   0.592368E-06   0.592079E-06   0.839606E-05   0.295335E+02   0.296888E+02   0.295335E+02  -0.320569E-04   0.294070E+02   0.289999E+02   0.413771E-04   0.100000E+01   0.964291E+00   0.112725E+01
   0.129306E+02   0.254647E+02   0.214802E+02   0.404967E-06   0.404769E-06   0.538478E-05   0.246608E+02   0.247904E+02   0.246608E+02  -0.267678E-04   0.245553E+02   0.242132E+02   0.314504E-04   0.100000E+01   0.964286E+00   0.112724E+01
   0.142905E+02   0.212558E+02   0.179282E+02   0.276749E-06   0.276614E-06   0.333864E-05   0.205845E+02   0.206927E+02   0.205845E+02  -0.223432E-04   0.204965E+02   0.202089E+02   0.239274E-04   0.100000E+01   0.964279E+00   0.112722E+01
   0.157935E+02   0.177363E+02   0.149579E+02   0.189059E-06   0.188967E-06   0.271603E-05   0.171758E+02   0.172661E+02   0.171758E+02  -0.186433E-04   0.171026E+02   0.168605E+02   0.182258E-04   0.100000E+01   0.964270E+00   0.112720E+01
   0.174545E+02   0.147945E+02   0.124751E+02   0.129109E-06   0.129046E-06   0.162496E-05   0.143267E+02   0.144020E+02   0.143267E+02  -0.155507E-04   0.142657E+02   0.140616E+02   0.139041E-04   0.100000E+01   0.964260E+00   0.112717E+01
   0.192902E+02   0.123365E+02   0.104007E+02   0.881393E-07   0.880963E-07   0.923502E-06   0.119461E+02   0.120089E+02   0.119461E+02  -0.129668E-04   0.118955E+02   0.117230E+02   0.106273E-04   0.100000E+01   0.964247E+00   0.112714E+01
   0.213190E+02   0.102836E+02   0.866807E+01   0.601503E-07   0.601209E-07   0.713351E-06   0.995790E+01   0.100102E+02   0.995790E+01  -0.108087E-04   0.991582E+01   0.976984E+01   0.814172E-05   0.100000E+01   0.964232E+00   0.112711E+01
   0.235611E+02   0.856972E+01   0.722148E+01   0.410359E-07   0.410159E-07   0.532911E-06   0.829793E+01   0.834155E+01   0.829793E+01  -0.900692E-05   0.826303E+01   0.813908E+01   0.625511E-05   0.100000E+01   0.964212E+00   0.112707E+01
   0.260391E+02   0.713929E+01   0.601414E+01   0.279867E-07   0.279731E-07   0.318531E-06   0.691254E+01   0.694888E+01   0.691254E+01  -0.750316E-05   0.688362E+01   0.677802E+01   0.482194E-05   0.100000E+01   0.964189E+00   0.112701E+01
   0.287776E+02   0.594587E+01   0.500681E+01   0.190811E-07   0.190718E-07   0.234614E-06   0.575670E+01   0.578695E+01   0.575670E+01  -0.624855E-05   0.573277E+01   0.564245E+01   0.373204E-05   0.100000E+01   0.964160E+00   0.112695E+01
   0.318042E+02   0.495054E+01   0.416665E+01   0.130053E-07   0.129989E-07   0.193752E-06   0.479269E+01   0.481788E+01   0.479269E+01  -0.520218E-05   0.477293E+01   0.469531E+01   0.290203E-05   0.100000E+01   0.964124E+00   0.112688E+01
   0.351491E+02   0.412067E+01   0.346612E+01   0.886137E-08   0.885706E-08   0.931869E-07   0.398894E+01   0.400990E+01   0.398894E+01  -0.432976E-05   0.397266E+01   0.390560E+01   0.226883E-05   0.100000E+01   0.964081E+00   0.112679E+01
   0.388457E+02   0.342899E+01   0.288221E+01   0.603598E-08   0.603304E-08   0.878028E-07   0.331901E+01   0.333646E+01   0.331901E+01  -0.360259E-05   0.330564E+01   0.324734E+01   0.178473E-05   0.100000E+01   0.964028E+00   0.112668E+01
   0.429312E+02   0.285265E+01   0.239564E+01   0.411016E-08   0.410816E-08   0.533566E-07   0.276080E+01   0.277531E+01   0.276080E+01  -0.299668E-05   0.274985E+01   0.269881E+01   0.141363E-05   0.100000E+01   0.963964E+00   0.112655E+01
   0.474463E+02   0.237256E+01   0.199030E+01   0.279789E-08   0.279653E-08   0.311529E-07   0.229580E+01   0.230787E+01   0.229580E+01  -0.249196E-05   0.228688E+01   0.224186E+01   0.112824E-05   0.100000E+01   0.963885E+00   0.112639E+01
   0.524362E+02   0.197276E+01   0.165272E+01   0.190398E-08   0.190305E-08   0.330713E-07   0.190857E+01   0.191860E+01   0.190857E+01  -0.207164E-05   0.190133E+01   0.186129E+01   0.907925E-06   0.100000E+01   0.963789E+00   0.112620E+01
   0.579510E+02   0.163992E+01   0.137165E+01   0.129522E-08   0.129460E-08   0.146933E-07   0.158618E+01   0.159452E+01   0.158618E+01  -0.172171E-05   0.158035E+01   0.154442E+01   0.737069E-06   0.100000E+01   0.963671E+00   0.112596E+01
   0.640458E+02   0.136289E+01   0.113768E+01   0.880795E-09   0.880369E-09   0.164746E-07   0.131785E+01   0.132478E+01   0.131785E+01  -0.143045E-05   0.131319E+01   0.128066E+01   0.603862E-06   0.100000E+01   0.963528E+00   0.112568E+01
   0.707815E+02   0.113238E+01   0.942973E+00   0.598744E-09   0.598455E-09   0.113695E-07   0.109457E+01   0.110033E+01   0.109457E+01  -0.118810E-05   0.109088E+01   0.106116E+01   0.499367E-06   0.100000E+01   0.963353E+00   0.112533E+01
   0.782257E+02   0.940621E+00   0.780976E+00   0.406849E-09   0.406653E-09   0.349664E-08   0.908827E+00   0.913604E+00   0.908827E+00  -0.986478E-06   0.905950E+00   0.878528E+00   0.416816E-06   0.100000E+01   0.963140E+00   0.112491E+01
   0.864528E+02   0.781138E+00   0.646224E+00   0.276334E-09   0.276201E-09   0.473796E-08   0.754341E+00   0.758307E+00   0.754341E+00  -0.818793E-06   0.752143E+00   0.726616E+00   0.351082E-06   0.100000E+01   0.962881E+00   0.112440E+01
   0.955451E+02   0.648530E+00   0.534162E+00   0.187598E-09   0.187508E-09   0.254991E-08   0.625886E+00   0.629176E+00   0.625886E+00  -0.679362E-06   0.624253E+00   0.600285E+00   0.298275E-06   0.100000E+01   0.962566E+00   0.112379E+01
   0.105594E+03   0.538294E+00   0.440988E+00   0.127288E-09   0.127228E-09   0.153445E-08   0.519098E+00   0.521827E+00   0.519098E+00  -0.563451E-06   0.517937E+00   0.495252E+00   0.255444E-06   0.100000E+01   0.962183E+00   0.112305E+01
   0.116699E+03   0.446676E+00   0.363539E+00   0.863157E-10   0.862748E-10   0.154872E-08   0.430344E+00   0.432606E+00   0.430344E+00  -0.467114E-06   0.429576E+00   0.407950E+00   0.220342E-06   0.100000E+01   0.961717E+00   0.112216E+01
   0.128972E+03   0.370548E+00   0.299177E+00   0.584920E-10   0.584645E-10   0.100669E-08   0.356595E+00   0.358469E+00   0.356595E+00  -0.387063E-06   0.356153E+00   0.335407E+00   0.191259E-06   0.100000E+01   0.961153E+00   0.112110E+01
   0.142536E+03   0.307304E+00   0.245706E+00   0.396067E-10   0.395882E-10   0.462600E-09   0.295327E+00   0.296879E+00   0.295327E+00  -0.320560E-06   0.295156E+00   0.275150E+00   0.166888E-06   0.100000E+01   0.960470E+00   0.111984E+01
   0.157527E+03   0.254775E+00   0.201298E+00   0.267952E-10   0.267828E-10   0.468021E-09   0.244440E+00   0.245725E+00   0.244440E+00  -0.265325E-06   0.244494E+00   0.225121E+00   0.146229E-06   0.100000E+01   0.959645E+00   0.111834E+01
   0.174094E+03   0.211155E+00   0.164435E+00   0.181095E-10   0.181012E-10   0.540705E-10   0.202186E+00   0.203248E+00   0.202186E+00  -0.219461E-06   0.202424E+00   0.183607E+00   0.128514E-06   0.100000E+01   0.958651E+00   0.111659E+01
   0.192404E+03   0.174940E+00   0.133853E+00   0.122250E-10   0.122195E-10   0.430852E-10   0.167108E+00   0.167987E+00   0.167108E+00  -0.181386E-06   0.167497E+00   0.149188E+00   0.113151E-06   0.100000E+01   0.957457E+00   0.111457E+01
   0.212639E+03   0.144879E+00   0.108501E+00   0.824160E-11   0.823796E-11   0.206201E-09   0.137998E+00   0.138723E+00   0.137998E+00  -0.149788E-06   0.138509E+00   0.120682E+00   0.996843E-07   0.100000E+01   0.956028E+00   0.111226E+01
   0.235003E+03   0.119933E+00   0.875105E-01   0.554769E-11   0.554529E-11   0.760413E-10   0.113847E+00   0.114446E+00   0.113847E+00  -0.123575E-06   0.114455E+00   0.971100E-01   0.877589E-07   0.100000E+01   0.954326E+00   0.110970E+01
   0.259718E+03   0.992350E-01   0.701580E-01   0.372790E-11   0.372632E-11   0.130876E-10   0.938211E-01   0.943143E-01   0.938211E-01  -0.101837E-06   0.945025E-01   0.776613E-01   0.771015E-07   0.100000E+01   0.952310E+00   0.110695E+01
   0.287033E+03   0.820670E-01   0.558458E-01   0.250021E-11   0.249919E-11   0.411025E-10   0.772236E-01   0.776295E-01   0.772236E-01  -0.838217E-07   0.779585E-01   0.616636E-01   0.675012E-07   0.100000E+01   0.949938E+00   0.110418E+01
   0.317221E+03   0.678308E-01   0.440791E-01   0.167329E-11   0.167263E-11   0.467526E-10   0.634776E-01   0.638112E-01   0.634776E-01  -0.689012E-07   0.642474E-01   0.485609E-01   0.587973E-07   0.100000E+01   0.947172E+00   0.110168E+01
   0.350583E+03   0.560298E-01   0.344486E-01   0.111732E-11   0.111690E-11   0.198117E-10   0.521037E-01   0.523776E-01   0.521037E-01  -0.565555E-07   0.528911E-01   0.378921E-01   0.508704E-07   0.100000E+01   0.943981E+00   0.109996E+01
   0.387454E+03   0.462516E-01   0.266153E-01   0.744346E-12   0.744080E-12  -0.781598E-11   0.427041E-01   0.429286E-01   0.427041E-01  -0.463528E-07   0.434926E-01   0.292737E-01   0.436354E-07   0.100000E+01   0.940348E+00   0.109988E+01
   0.428203E+03   0.381537E-01   0.202977E-01   0.494748E-12   0.494581E-12   0.200855E-10   0.349482E-01   0.351319E-01   0.349482E-01  -0.379342E-07   0.357225E-01   0.223844E-01   0.370369E-07   0.100000E+01   0.936279E+00   0.110281E+01
   0.473238E+03   0.314516E-01   0.152602E-01   0.328182E-12   0.328079E-12   0.139645E-10   0.285613E-01   0.287115E-01   0.285613E-01  -0.310017E-07   0.293069E-01   0.169510E-01   0.310448E-07   0.100000E+01   0.931812E+00   0.111080E+01
   0.523009E+03   0.259091E-01   0.113030E-01   0.217361E-12   0.217297E-12   0.222028E-11   0.233147E-01   0.234373E-01   0.233147E-01  -0.253068E-07   0.240186E-01   0.127361E-01   0.256500E-07   0.100000E+01   0.927033E+00   0.112679E+01
   0.578014E+03   0.213301E-01   0.825287E-02   0.143853E-12   0.143814E-12   0.959556E-11   0.190170E-01   0.191170E-01   0.190170E-01  -0.206419E-07   0.196679E-01   0.952796E-02   0.208589E-07   0.100000E+01   0.922076E+00   0.115450E+01
   0.638804E+03   0.175514E-01   0.595570E-02   0.952273E-13   0.952034E-13   0.286037E-12   0.155075E-01   0.155890E-01   0.155075E-01  -0.168325E-07   0.160969E-01   0.713253E-02   0.166857E-07   0.100000E+01   0.917129E+00   0.119760E+01
   0.705988E+03   0.144372E-01   0.427028E-02   0.631236E-13   0.631089E-13   0.309057E-11   0.126501E-01   0.127166E-01   0.126501E-01  -0.137310E-07   0.131728E-01   0.536942E-02   0.131425E-07   0.100000E+01   0.912420E+00   0.125739E+01
