#          k/h    CDM            baryon         photon         nu             mass_nu        total          no_nu          total_de       Weyl           v_CDM          v_b            v_b-v_c        PCF            cdm_f1         b_f1        
   0.107522E-04   0.200062E+08   0.200062E+08   0.266574E+08   0.266573E+08   0.200085E+08   0.200062E+08   0.200062E+08   0.200133E+08  -0.452626E+00   0.948873E+07   0.948873E+07   0.672758E-02   0.100113E+01   0.474594E+00   0.474594E+00
   0.118830E-04   0.200062E+08   0.200062E+08   0.266535E+08   0.266534E+08   0.200085E+08   0.200062E+08   0.200062E+08   0.200133E+08  -0.452626E+00   0.948873E+07   0.948873E+07   0.743507E-02   0.100113E+01   0.474594E+00   0.474594E+00
   0.131327E-04   0.200062E+08   0.200062E+08   0.266487E+08   0.266487E+08   0.200084E+08   0.200062E+08   0.200062E+08   0.200133E+08  -0.452625E+00   0.948873E+07   0.948873E+07   0.821696E-02   0.100113E+01   0.474593E+00   0.474593E+00
   0.145139E-04   0.200062E+08   0.200062E+08   0.266429E+08   0.266429E+08   0.200084E+08   0.200062E+08   0.200062E+08   0.200133E+08  -0.452625E+00   0.948872E+07   0.948872E+07   0.908105E-02   0.100113E+01   0.474593E+00   0.474593E+00
   0.160404E-04   0.200061E+08   0.200061E+08   0.266358E+08   0.266358E+08   0.200084E+08   0.200062E+08   0.200061E+08   0.200133E+08  -0.452625E+00   0.948871E+07   0.948871E+07   0.100360E-01   0.100113E+01   0.474593E+00   0.474593E+00
   0.177273E-04   0.200061E+08   0.200061E+08   0.266272E+08   0.266271E+08   0.200083E+08   0.200061E+08   0.200061E+08   0.200132E+08  -0.452624E+00   0.948871E+07   0.948871E+07   0.110913E-01   0.100113E+01   0.474593E+00   0.474593E+00
   0.195917E-04   0.200061E+08   0.200061E+08   0.266166E+08   0.266165E+08   0.200083E+08   0.200061E+08   0.200061E+08   0.200132E+08  -0.452624E+00   0.948870E+07   0.948870E+07   0.122576E-01   0.100113E+01   0.474593E+00   0.474593E+00
   0.216522E-04   0.200061E+08   0.200061E+08   0.266037E+08   0.266036E+08   0.200082E+08   0.200061E+08   0.200061E+08   0.200132E+08  -0.452623E+00   0.948868E+07   0.948868E+07   0.135464E-01   0.100113E+01   0.474593E+00   0.474593E+00
   0.239294E-04   0.200061E+08   0.200061E+08   0.265879E+08   0.265878E+08   0.200081E+08   0.200061E+08   0.200061E+08   0.200132E+08  -0.452622E+00   0.948867E+07   0.948867E+07   0.149706E-01   0.100113E+01   0.474593E+00   0.474593E+00
   0.264461E-04   0.200060E+08   0.200060E+08   0.265687E+08   0.265685E+08   0.200081E+08   0.200060E+08   0.200060E+08   0.200131E+08  -0.452621E+00   0.948865E+07   0.948865E+07   0.165446E-01   0.100113E+01   0.474593E+00   0.474593E+00
   0.292275E-04   0.200060E+08   0.200060E+08   0.265452E+08   0.265450E+08   0.200079E+08   0.200060E+08   0.200060E+08   0.200131E+08  -0.452620E+00   0.948863E+07   0.948863E+07   0.182838E-01   0.100113E+01   0.474593E+00   0.474593E+00
   0.323013E-04   0.200059E+08   0.200059E+08   0.265165E+08   0.265163E+08   0.200078E+08   0.200059E+08   0.200059E+08   0.200130E+08  -0.452618E+00   0.948860E+07   0.948860E+07   0.202057E-01   0.100113E+01   0.474592E+00   0.474592E+00
   0.356985E-04   0.200059E+08   0.200059E+08   0.264816E+08   0.264813E+08   0.200076E+08   0.200059E+08   0.200059E+08   0.200129E+08  -0.452616E+00   0.948857E+07   0.948857E+07   0.223293E-01   0.100112E+01   0.474592E+00   0.474592E+00
   0.394529E-04   0.200058E+08   0.200058E+08   0.264389E+08   0.264385E+08   0.200074E+08   0.200058E+08   0.200058E+08   0.200128E+08  -0.452614E+00   0.948853E+07   0.948853E+07   0.246758E-01   0.100112E+01   0.474592E+00   0.474592E+00
   0.436022E-04   0.200057E+08   0.200057E+08   0.263869E+08   0.263865E+08   0.200072E+08   0.200057E+08   0.200057E+08   0.200127E+08  -0.452611E+00   0.948848E+07   0.948848E+07   0.272685E-01   0.100112E+01   0.474591E+00   0.474591E+00
   0.481879E-04   0.200055E+08   0.200055E+08   0.263235E+08   0.263230E+08   0.200069E+08   0.200056E+08   0.200055E+08   0.200126E+08  -0.452607E+00   0.948842E+07   0.948842E+07   0.301329E-01   0.100112E+01   0.474591E+00   0.474591E+00
   0.532559E-04   0.200054E+08   0.200054E+08   0.262463E+08   0.262456E+08   0.200065E+08   0.200054E+08   0.200054E+08   0.200124E+08  -0.452603E+00   0.948835E+07   0.948835E+07   0.332974E-01   0.100112E+01   0.474590E+00   0.474590E+00
   0.588569E-04   0.200052E+08   0.200052E+08   0.261522E+08   0.261514E+08   0.200060E+08   0.200052E+08   0.200052E+08   0.200122E+08  -0.452598E+00   0.948826E+07   0.948826E+07   0.367931E-01   0.100111E+01   0.474589E+00   0.474589E+00
   0.650469E-04   0.200050E+08   0.200050E+08   0.260377E+08   0.260368E+08   0.200055E+08   0.200050E+08   0.200050E+08   0.200119E+08  -0.452591E+00   0.948815E+07   0.948815E+07   0.406542E-01   0.100111E+01   0.474588E+00   0.474588E+00
   0.718879E-04   0.200047E+08   0.200047E+08   0.258985E+08   0.258973E+08   0.200048E+08   0.200047E+08   0.200047E+08   0.200116E+08  -0.452584E+00   0.948802E+07   0.948802E+07   0.449185E-01   0.100111E+01   0.474587E+00   0.474587E+00
   0.794485E-04   0.200044E+08   0.200044E+08   0.257294E+08   0.257280E+08   0.200039E+08   0.200044E+08   0.200044E+08   0.200113E+08  -0.452574E+00   0.948786E+07   0.948786E+07   0.496274E-01   0.100110E+01   0.474585E+00   0.474585E+00
   0.878041E-04   0.200040E+08   0.200040E+08   0.255242E+08   0.255225E+08   0.200029E+08   0.200040E+08   0.200040E+08   0.200108E+08  -0.452562E+00   0.948766E+07   0.948766E+07   0.548261E-01   0.100109E+01   0.474584E+00   0.474584E+00
   0.970386E-04   0.200035E+08   0.200035E+08   0.252756E+08   0.252735E+08   0.200017E+08   0.200035E+08   0.200035E+08   0.200102E+08  -0.452548E+00   0.948743E+07   0.948743E+07   0.605646E-01   0.100108E+01   0.474581E+00   0.474581E+00
   0.107244E-03   0.200029E+08   0.200029E+08   0.249749E+08   0.249724E+08   0.200002E+08   0.200029E+08   0.200029E+08   0.200095E+08  -0.452531E+00   0.948713E+07   0.948713E+07   0.668970E-01   0.100107E+01   0.474579E+00   0.474579E+00
   0.118523E-03   0.200022E+08   0.200022E+08   0.246121E+08   0.246091E+08   0.199983E+08   0.200021E+08   0.200022E+08   0.200087E+08  -0.452510E+00   0.948678E+07   0.948678E+07   0.738825E-01   0.100106E+01   0.474575E+00   0.474575E+00
   0.130988E-03   0.200013E+08   0.200013E+08   0.241754E+08   0.241719E+08   0.199960E+08   0.200012E+08   0.200013E+08   0.200077E+08  -0.452485E+00   0.948634E+07   0.948634E+07   0.815856E-01   0.100105E+01   0.474571E+00   0.474571E+00
   0.144765E-03   0.200002E+08   0.200002E+08   0.236516E+08   0.236474E+08   0.199933E+08   0.200001E+08   0.200002E+08   0.200064E+08  -0.452453E+00   0.948581E+07   0.948581E+07   0.900759E-01   0.100103E+01   0.474567E+00   0.474567E+00
   0.159990E-03   0.199988E+08   0.199988E+08   0.230259E+08   0.230210E+08   0.199899E+08   0.199988E+08   0.199988E+08   0.200049E+08  -0.452416E+00   0.948517E+07   0.948517E+07   0.994284E-01   0.100101E+01   0.474561E+00   0.474561E+00
   0.176816E-03   0.199972E+08   0.199972E+08   0.222820E+08   0.222763E+08   0.199858E+08   0.199972E+08   0.199972E+08   0.200031E+08  -0.452370E+00   0.948438E+07   0.948438E+07   0.109724E+00   0.100098E+01   0.474554E+00   0.474554E+00
   0.195412E-03   0.199952E+08   0.199952E+08   0.214033E+08   0.213966E+08   0.199808E+08   0.199952E+08   0.199952E+08   0.200009E+08  -0.452314E+00   0.948343E+07   0.948343E+07   0.121048E+00   0.100095E+01   0.474546E+00   0.474546E+00
   0.215963E-03   0.199929E+08   0.199928E+08   0.203729E+08   0.203653E+08   0.199747E+08   0.199928E+08   0.199929E+08   0.199982E+08  -0.452247E+00   0.948226E+07   0.948226E+07   0.133492E+00   0.100092E+01   0.474536E+00   0.474536E+00
   0.238676E-03   0.199900E+08   0.199899E+08   0.191760E+08   0.191675E+08   0.199673E+08   0.199898E+08   0.199899E+08   0.199950E+08  -0.452166E+00   0.948085E+07   0.948085E+07   0.147151E+00   0.100088E+01   0.474525E+00   0.474525E+00
   0.263778E-03   0.199864E+08   0.199864E+08   0.178017E+08   0.177923E+08   0.199582E+08   0.199863E+08   0.199864E+08   0.199910E+08  -0.452069E+00   0.947914E+07   0.947914E+07   0.162123E+00   0.100083E+01   0.474511E+00   0.474511E+00
   0.291520E-03   0.199822E+08   0.199821E+08   0.162463E+08   0.162362E+08   0.199472E+08   0.199820E+08   0.199822E+08   0.199863E+08  -0.451952E+00   0.947707E+07   0.947707E+07   0.178511E+00   0.100077E+01   0.474495E+00   0.474495E+00
   0.322179E-03   0.199770E+08   0.199770E+08   0.145170E+08   0.145066E+08   0.199339E+08   0.199768E+08   0.199770E+08   0.199807E+08  -0.451812E+00   0.947456E+07   0.947456E+07   0.196417E+00   0.100071E+01   0.474477E+00   0.474477E+00
   0.356063E-03   0.199708E+08   0.199707E+08   0.126374E+08   0.126272E+08   0.199177E+08   0.199705E+08   0.199708E+08   0.199739E+08  -0.451644E+00   0.947153E+07   0.947153E+07   0.215946E+00   0.100064E+01   0.474456E+00   0.474457E+00
   0.393511E-03   0.199633E+08   0.199632E+08   0.106518E+08   0.106423E+08   0.198981E+08   0.199629E+08   0.199633E+08   0.199658E+08  -0.451446E+00   0.946788E+07   0.946788E+07   0.237198E+00   0.100057E+01   0.474433E+00   0.474434E+00
   0.434897E-03   0.199542E+08   0.199542E+08   0.862871E+07   0.862093E+07   0.198744E+08   0.199539E+08   0.199542E+08   0.199562E+08  -0.451211E+00   0.946351E+07   0.946351E+07   0.260277E+00   0.100049E+01   0.474408E+00   0.474409E+00
   0.480635E-03   0.199435E+08   0.199434E+08   0.666192E+07   0.665659E+07   0.198458E+08   0.199430E+08   0.199435E+08   0.199448E+08  -0.450934E+00   0.945827E+07   0.945827E+07   0.285286E+00   0.100041E+01   0.474381E+00   0.474382E+00
   0.531184E-03   0.199306E+08   0.199306E+08   0.486380E+07   0.486154E+07   0.198113E+08   0.199300E+08   0.199306E+08   0.199313E+08  -0.450610E+00   0.945202E+07   0.945202E+07   0.312330E+00   0.100034E+01   0.474353E+00   0.474354E+00
   0.587049E-03   0.199153E+08   0.199153E+08   0.334996E+07   0.335094E+07   0.197698E+08   0.199146E+08   0.199153E+08   0.199155E+08  -0.450232E+00   0.944460E+07   0.944459E+07   0.341523E+00   0.100027E+01   0.474324E+00   0.474326E+00
   0.648790E-03   0.198972E+08   0.198971E+08   0.221270E+07   0.221627E+07   0.197201E+08   0.198963E+08   0.198972E+08   0.198969E+08  -0.449793E+00   0.943581E+07   0.943581E+07   0.372996E+00   0.100020E+01   0.474297E+00   0.474298E+00
   0.717023E-03   0.198758E+08   0.198758E+08   0.148686E+07   0.149147E+07   0.196607E+08   0.198748E+08   0.198758E+08   0.198752E+08  -0.449284E+00   0.942547E+07   0.942547E+07   0.406904E+00   0.100016E+01   0.474271E+00   0.474273E+00
   0.792433E-03   0.198508E+08   0.198507E+08   0.112087E+07   0.112430E+07   0.195898E+08   0.198495E+08   0.198507E+08   0.198498E+08  -0.448695E+00   0.941334E+07   0.941334E+07   0.443433E+00   0.100012E+01   0.474248E+00   0.474250E+00
   0.875774E-03   0.198214E+08   0.198213E+08   0.974691E+06   0.974985E+06   0.195058E+08   0.198199E+08   0.198214E+08   0.198202E+08  -0.448014E+00   0.939918E+07   0.939918E+07   0.482802E+00   0.100010E+01   0.474227E+00   0.474230E+00
   0.967880E-03   0.197872E+08   0.197871E+08   0.867527E+06   0.864149E+06   0.194064E+08   0.197854E+08   0.197872E+08   0.197856E+08  -0.447225E+00   0.938271E+07   0.938271E+07   0.525257E+00   0.100008E+01   0.474209E+00   0.474212E+00
   0.106967E-02   0.197474E+08   0.197473E+08   0.672972E+06   0.667358E+06   0.192893E+08   0.197452E+08   0.197474E+08   0.197454E+08  -0.446312E+00   0.936361E+07   0.936360E+07   0.571056E+00   0.100007E+01   0.474192E+00   0.474196E+00
   0.118217E-02   0.197014E+08   0.197012E+08   0.405463E+06   0.399557E+06   0.191521E+08   0.196987E+08   0.197013E+08   0.196988E+08  -0.445255E+00   0.934150E+07   0.934150E+07   0.620460E+00   0.100006E+01   0.474175E+00   0.474180E+00
   0.130650E-02   0.196481E+08   0.196479E+08   0.199085E+06   0.192314E+06   0.189931E+08   0.196450E+08   0.196481E+08   0.196450E+08  -0.444036E+00   0.931600E+07   0.931600E+07   0.673731E+00   0.100004E+01   0.474158E+00   0.474164E+00
   0.144391E-02   0.195868E+08   0.195865E+08   0.144733E+06   0.133540E+06   0.188100E+08   0.195831E+08   0.195868E+08   0.195831E+08  -0.442632E+00   0.928664E+07   0.928664E+07   0.731147E+00   0.100004E+01   0.474140E+00   0.474147E+00
   0.159577E-02   0.195164E+08   0.195160E+08  -0.280928E+06  -0.280928E+06   0.186010E+08   0.195120E+08   0.195163E+08   0.195119E+08  -0.441019E+00   0.925300E+07   0.925300E+07   0.793007E+00   0.100002E+01   0.474125E+00   0.474133E+00
   0.176359E-02   0.194358E+08   0.194353E+08  -0.229045E+06  -0.229045E+06   0.183646E+08   0.194306E+08   0.194357E+08   0.194306E+08  -0.439178E+00   0.921444E+07   0.921443E+07   0.859663E+00   0.100002E+01   0.474106E+00   0.474116E+00
   0.194907E-02   0.193438E+08   0.193432E+08  -0.186632E+06  -0.186632E+06   0.180998E+08   0.193378E+08   0.193437E+08   0.193377E+08  -0.437079E+00   0.917045E+07   0.917045E+07   0.931465E+00   0.100002E+01   0.474086E+00   0.474098E+00
   0.215406E-02   0.192391E+08   0.192385E+08  -0.151971E+06  -0.151972E+06   0.178059E+08   0.192322E+08   0.192390E+08   0.192322E+08  -0.434692E+00   0.912046E+07   0.912045E+07   0.100878E+01   0.100001E+01   0.474064E+00   0.474080E+00
   0.238060E-02   0.191206E+08   0.191198E+08  -0.123655E+06  -0.123655E+06   0.174829E+08   0.191127E+08   0.191205E+08   0.191127E+08  -0.431989E+00   0.906385E+07   0.906384E+07   0.109199E+01   0.100001E+01   0.474042E+00   0.474061E+00
   0.263097E-02   0.189868E+08   0.189859E+08  -0.100531E+06  -0.100531E+06   0.171309E+08   0.189779E+08   0.189866E+08   0.189779E+08  -0.428941E+00   0.900000E+07   0.899999E+07   0.118150E+01   0.100001E+01   0.474018E+00   0.474041E+00
   0.290767E-02   0.188365E+08   0.188353E+08  -0.816564E+05  -0.816565E+05   0.167498E+08   0.188264E+08   0.188363E+08   0.188264E+08  -0.425517E+00   0.892828E+07   0.892827E+07   0.127774E+01   0.100001E+01   0.473993E+00   0.474022E+00
   0.321348E-02   0.186682E+08   0.186668E+08  -0.662581E+05  -0.662582E+05   0.163390E+08   0.186569E+08   0.186679E+08   0.186569E+08  -0.421686E+00   0.884804E+07   0.884802E+07   0.138116E+01   0.100001E+01   0.473967E+00   0.474002E+00
   0.355144E-02   0.184806E+08   0.184789E+08  -0.537037E+05  -0.537038E+05   0.158974E+08   0.184681E+08   0.184803E+08   0.184681E+08  -0.417418E+00   0.875864E+07   0.875862E+07   0.149218E+01   0.100001E+01   0.473940E+00   0.473983E+00
   0.392495E-02   0.182724E+08   0.182703E+08  -0.434748E+05  -0.434749E+05   0.154241E+08   0.182586E+08   0.182720E+08   0.182586E+08  -0.412681E+00   0.865944E+07   0.865942E+07   0.161127E+01   0.100001E+01   0.473912E+00   0.473964E+00
   0.433774E-02   0.180421E+08   0.180397E+08  -0.351472E+05  -0.351472E+05   0.149184E+08   0.180270E+08   0.180417E+08   0.180269E+08  -0.407446E+00   0.854979E+07   0.854977E+07   0.173882E+01   0.100001E+01   0.473881E+00   0.473945E+00
   0.479394E-02   0.177886E+08   0.177856E+08  -0.283731E+05  -0.283731E+05   0.143817E+08   0.177720E+08   0.177880E+08   0.177719E+08  -0.401682E+00   0.842906E+07   0.842903E+07   0.187523E+01   0.100000E+01   0.473849E+00   0.473928E+00
   0.529813E-02   0.175103E+08   0.175067E+08  -0.228679E+05  -0.228679E+05   0.138134E+08   0.174922E+08   0.175097E+08   0.174922E+08  -0.395359E+00   0.829661E+07   0.829658E+07   0.202080E+01   0.100000E+01   0.473816E+00   0.473912E+00
   0.585534E-02   0.172064E+08   0.172020E+08  -0.183991E+05  -0.183991E+05   0.131834E+08   0.171867E+08   0.172057E+08   0.171866E+08  -0.388453E+00   0.815196E+07   0.815192E+07   0.217572E+01   0.100000E+01   0.473776E+00   0.473894E+00
   0.647115E-02   0.168746E+08   0.168693E+08  -0.147745E+05  -0.147745E+05   0.125373E+08   0.168532E+08   0.168737E+08   0.168532E+08  -0.380915E+00   0.799406E+07   0.799402E+07   0.234000E+01   0.100000E+01   0.473736E+00   0.473881E+00
   0.715172E-02   0.165136E+08   0.165073E+08  -0.118386E+05  -0.118386E+05   0.118622E+08   0.164905E+08   0.165125E+08   0.164905E+08  -0.372719E+00   0.782235E+07   0.782229E+07   0.251340E+01   0.100000E+01   0.473693E+00   0.473871E+00
   0.790388E-02   0.161226E+08   0.161151E+08  -0.946404E+04  -0.946405E+04   0.111691E+08   0.160980E+08   0.161214E+08   0.160980E+08  -0.363846E+00   0.763643E+07   0.763636E+07   0.269534E+01   0.100000E+01   0.473647E+00   0.473866E+00
   0.873513E-02   0.157004E+08   0.156913E+08  -0.754631E+04  -0.754632E+04   0.104609E+08   0.156741E+08   0.156988E+08   0.156741E+08  -0.354265E+00   0.743567E+07   0.743559E+07   0.288473E+01   0.100000E+01   0.473599E+00   0.473868E+00
   0.965382E-02   0.152454E+08   0.152346E+08  -0.600001E+04  -0.600002E+04   0.973604E+07   0.152175E+08   0.152436E+08   0.152175E+08  -0.343947E+00   0.721942E+07   0.721933E+07   0.307985E+01   0.100000E+01   0.473548E+00   0.473879E+00
   0.106691E-01   0.147565E+08   0.147437E+08  -0.475541E+04  -0.475542E+04   0.899945E+07   0.147272E+08   0.147543E+08   0.147271E+08  -0.332863E+00   0.698711E+07   0.698701E+07   0.327815E+01   0.100000E+01   0.473494E+00   0.473900E+00
   0.117912E-01   0.142326E+08   0.142174E+08  -0.375562E+04  -0.375563E+04   0.825938E+07   0.142018E+08   0.142301E+08   0.142018E+08  -0.320990E+00   0.673823E+07   0.673811E+07   0.347598E+01   0.100000E+01   0.473436E+00   0.473935E+00
   0.130313E-01   0.136728E+08   0.136548E+08  -0.295425E+04  -0.295426E+04   0.752356E+07   0.136407E+08   0.136698E+08   0.136407E+08  -0.308307E+00   0.647234E+07   0.647220E+07   0.366833E+01   0.100000E+01   0.473374E+00   0.473986E+00
   0.144018E-01   0.130764E+08   0.130554E+08  -0.231353E+04  -0.231353E+04   0.679410E+07   0.130432E+08   0.130729E+08   0.130432E+08  -0.294802E+00   0.618917E+07   0.618900E+07   0.384857E+01   0.100000E+01   0.473308E+00   0.474058E+00
   0.159165E-01   0.124435E+08   0.124190E+08  -0.180270E+04  -0.180270E+04   0.608018E+07   0.124093E+08   0.124394E+08   0.124093E+08  -0.280475E+00   0.588873E+07   0.588854E+07   0.400816E+01   0.100000E+01   0.473237E+00   0.474155E+00
   0.175904E-01   0.117750E+08   0.117468E+08  -0.139680E+04  -0.139680E+04   0.538823E+07   0.117401E+08   0.117702E+08   0.117401E+08  -0.265349E+00   0.557148E+07   0.557126E+07   0.413641E+01   0.100000E+01   0.473161E+00   0.474279E+00
   0.194404E-01   0.110732E+08   0.110411E+08  -0.107557E+04  -0.107557E+04   0.472474E+07   0.110378E+08   0.110678E+08   0.110378E+08  -0.249476E+00   0.523852E+07   0.523828E+07   0.422053E+01   0.100000E+01   0.473080E+00   0.474436E+00
   0.214850E-01   0.103425E+08   0.103063E+08  -0.822576E+03  -0.822578E+03   0.409687E+07   0.103069E+08   0.103364E+08   0.103069E+08  -0.232956E+00   0.489192E+07   0.489165E+07   0.424580E+01   0.100000E+01   0.472993E+00   0.474627E+00
   0.237446E-01   0.958976E+07   0.954973E+07  -0.624512E+03  -0.624513E+03   0.351120E+07   0.955429E+07   0.958299E+07   0.955429E+07  -0.215946E+00   0.453500E+07   0.453470E+07   0.419638E+01   0.100000E+01   0.472900E+00   0.474852E+00
   0.262418E-01   0.882538E+07   0.878199E+07  -0.470592E+03  -0.470593E+03   0.297349E+07   0.879042E+07   0.881804E+07   0.879042E+07  -0.198680E+00   0.417268E+07   0.417236E+07   0.405675E+01   0.100000E+01   0.472804E+00   0.475104E+00
   0.290017E-01   0.806366E+07   0.801779E+07  -0.352062E+03  -0.352062E+03   0.248900E+07   0.802959E+07   0.805590E+07   0.802959E+07  -0.181484E+00   0.381175E+07   0.381142E+07   0.381415E+01   0.100000E+01   0.472708E+00   0.475370E+00
   0.320518E-01   0.732289E+07   0.727591E+07  -0.261786E+03  -0.261786E+03   0.206163E+07   0.729011E+07   0.731494E+07   0.729011E+07  -0.164771E+00   0.346091E+07   0.346058E+07   0.346207E+01   0.100000E+01   0.472616E+00   0.475622E+00
   0.354227E-01   0.662218E+07   0.657589E+07  -0.193843E+03  -0.193843E+03   0.169297E+07   0.659108E+07   0.661434E+07   0.659108E+07  -0.148971E+00   0.312923E+07   0.312891E+07   0.300497E+01   0.100000E+01   0.472539E+00   0.475816E+00
   0.391482E-01   0.598188E+07   0.593843E+07  -0.143380E+03  -0.143380E+03   0.138266E+07   0.595283E+07   0.597453E+07   0.595283E+07  -0.134545E+00   0.282636E+07   0.282607E+07   0.246268E+01   0.100000E+01   0.472487E+00   0.475895E+00
   0.432654E-01   0.542402E+07   0.538560E+07  -0.106464E+03  -0.106464E+03   0.112869E+07   0.539725E+07   0.541752E+07   0.539725E+07  -0.121988E+00   0.256270E+07   0.256246E+07   0.187360E+01   0.100000E+01   0.472473E+00   0.475798E+00
   0.478157E-01   0.495073E+07   0.491910E+07  -0.795812E+02  -0.795814E+02   0.923602E+06   0.492637E+07   0.494538E+07   0.492637E+07  -0.111345E+00   0.233923E+07   0.233904E+07   0.129588E+01   0.100000E+01   0.472502E+00   0.475502E+00
   0.528445E-01   0.454618E+07   0.452206E+07  -0.598510E+02  -0.598511E+02   0.757231E+06   0.452421E+07   0.454210E+07   0.452421E+07  -0.102256E+00   0.214836E+07   0.214823E+07   0.799423E+00   0.100000E+01   0.472563E+00   0.475056E+00
   0.584022E-01   0.419136E+07   0.417391E+07  -0.451923E+02  -0.451923E+02   0.620777E+06   0.417155E+07   0.418841E+07   0.417155E+07  -0.942851E-01   0.198097E+07   0.198089E+07   0.448378E+00   0.100000E+01   0.472632E+00   0.474589E+00
   0.645444E-01   0.383918E+07   0.382594E+07  -0.339000E+02  -0.339000E+02   0.503563E+06   0.382119E+07   0.383694E+07   0.382119E+07  -0.863662E-01   0.181466E+07   0.181461E+07   0.278492E+00   0.100000E+01   0.472669E+00   0.474290E+00
   0.713326E-01   0.345260E+07   0.344019E+07  -0.249631E+02  -0.249631E+02   0.399444E+06   0.343608E+07   0.345050E+07   0.343608E+07  -0.776620E-01   0.163183E+07   0.163178E+07   0.271260E+00   0.100000E+01   0.472640E+00   0.474328E+00
   0.788347E-01   0.303119E+07   0.301692E+07  -0.179427E+02  -0.179427E+02   0.308121E+06   0.301592E+07   0.302878E+07   0.301592E+07  -0.681657E-01   0.143235E+07   0.143227E+07   0.347653E+00   0.100000E+01   0.472537E+00   0.474745E+00
   0.871258E-01   0.261896E+07   0.260258E+07  -0.126908E+02  -0.126909E+02   0.233038E+06   0.260492E+07   0.261618E+07   0.260492E+07  -0.588763E-01   0.123720E+07   0.123709E+07   0.397493E+00   0.100000E+01   0.472401E+00   0.475333E+00
   0.962889E-01   0.227672E+07   0.226088E+07  -0.903254E+01  -0.903255E+01   0.176741E+06   0.226413E+07   0.227404E+07   0.226413E+07  -0.511737E-01   0.107537E+07   0.107527E+07   0.345662E+00   0.100000E+01   0.472333E+00   0.475599E+00
   0.106416E+00   0.204047E+07   0.202845E+07  -0.662949E+01  -0.662950E+01   0.137763E+06   0.202945E+07   0.203843E+07   0.202945E+07  -0.458695E-01   0.963928E+06   0.963860E+06   0.212751E+00   0.100000E+01   0.472406E+00   0.475171E+00
   0.117608E+00   0.186261E+07   0.185486E+07  -0.495639E+01  -0.495640E+01   0.109024E+06   0.185302E+07   0.186130E+07   0.185302E+07  -0.418818E-01   0.880144E+06   0.880108E+06   0.100881E+00   0.100000E+01   0.472532E+00   0.474488E+00
   0.129976E+00   0.165211E+07   0.164544E+07  -0.359969E+01  -0.359969E+01   0.835448E+05   0.164357E+07   0.165098E+07   0.164357E+07  -0.371479E-01   0.780676E+06   0.780643E+06   0.832677E-01   0.100000E+01   0.472533E+00   0.474429E+00
   0.143646E+00   0.140478E+07   0.139674E+07  -0.250550E+01  -0.250550E+01   0.611627E+05   0.139708E+07   0.140342E+07   0.139708E+07  -0.315766E-01   0.663609E+06   0.663561E+06   0.111491E+00   0.100000E+01   0.472393E+00   0.475078E+00
   0.158754E+00   0.121056E+07   0.120302E+07  -0.176769E+01  -0.176769E+01   0.452515E+05   0.120379E+07   0.120929E+07   0.120379E+07  -0.272079E-01   0.571806E+06   0.571761E+06   0.938992E-01   0.100000E+01   0.472347E+00   0.475270E+00
   0.175450E+00   0.108931E+07   0.108429E+07  -0.130269E+01  -0.130269E+01   0.348689E+05   0.108348E+07   0.108846E+07   0.108348E+07  -0.244888E-01   0.514666E+06   0.514641E+06   0.478160E-01   0.100000E+01   0.472469E+00   0.474634E+00
   0.193902E+00   0.950424E+06   0.945917E+06  -0.930594E+00  -0.930595E+00   0.259698E+05   0.945296E+06   0.949661E+06   0.945296E+06  -0.213655E-01   0.449031E+06   0.449007E+06   0.414981E-01   0.100000E+01   0.472454E+00   0.474679E+00
   0.214295E+00   0.805929E+06   0.801212E+06  -0.645988E+00  -0.645989E+00   0.187425E+05   0.801414E+06   0.805130E+06   0.801414E+06  -0.181135E-01   0.380690E+06   0.380663E+06   0.427459E-01   0.100000E+01   0.472362E+00   0.475109E+00
   0.236833E+00   0.712689E+06   0.709258E+06  -0.467792E+00  -0.467793E+00   0.140731E+05   0.708810E+06   0.712108E+06   0.708810E+06  -0.160205E-01   0.336703E+06   0.336685E+06   0.251753E-01   0.100000E+01   0.472440E+00   0.474700E+00
   0.261740E+00   0.612747E+06   0.609534E+06  -0.329276E+00  -0.329277E+00   0.102443E+05   0.609359E+06   0.612203E+06   0.609359E+06  -0.137727E-01   0.289464E+06   0.289446E+06   0.228444E-01   0.100000E+01   0.472403E+00   0.474864E+00
   0.289268E+00   0.528642E+06   0.525895E+06  -0.232593E+00  -0.232593E+00   0.746467E+04   0.525716E+06   0.528177E+06   0.525716E+06  -0.118822E-01   0.249733E+06   0.249718E+06   0.172513E-01   0.100000E+01   0.472405E+00   0.474843E+00
   0.319690E+00   0.456938E+06   0.454590E+06  -0.164607E+00  -0.164607E+00   0.543622E+04   0.454409E+06   0.456541E+06   0.454409E+06  -0.102705E-01   0.215861E+06   0.215848E+06   0.134383E-01   0.100000E+01   0.472407E+00   0.474818E+00
   0.353313E+00   0.392826E+06   0.390807E+06  -0.115862E+00  -0.115862E+00   0.392837E+04   0.390648E+06   0.392484E+06   0.390648E+06  -0.882939E-02   0.185573E+06   0.185562E+06   0.103559E-01   0.100000E+01   0.472405E+00   0.474816E+00
   0.390471E+00   0.337160E+06   0.335403E+06  -0.814179E-01  -0.814181E-01   0.282782E+04   0.335284E+06   0.336863E+06   0.335284E+06  -0.757807E-02   0.159274E+06   0.159264E+06   0.825674E-02   0.100000E+01   0.472398E+00   0.474844E+00
   0.431537E+00   0.289735E+06   0.288253E+06  -0.572847E-01  -0.572847E-01   0.203384E+04   0.288126E+06   0.289484E+06   0.288126E+06  -0.651220E-02   0.136872E+06   0.136864E+06   0.623194E-02   0.100000E+01   0.472404E+00   0.474805E+00
   0.476922E+00   0.247942E+06   0.246665E+06  -0.401358E-01  -0.401358E-01   0.145374E+04   0.246562E+06   0.247726E+06   0.246562E+06  -0.557278E-02   0.117128E+06   0.117121E+06   0.487058E-02   0.100000E+01   0.472400E+00   0.474817E+00
   0.527080E+00   0.212017E+06   0.210923E+06  -0.280994E-01  -0.280995E-01   0.103638E+04   0.210836E+06   0.211832E+06   0.210836E+06  -0.476530E-02   0.100157E+06   0.100151E+06   0.378149E-02   0.100000E+01   0.472398E+00   0.474820E+00
   0.582514E+00   0.181098E+06   0.180165E+06  -0.196510E-01  -0.196511E-01   0.736725E+03   0.180088E+06   0.180940E+06   0.180088E+06  -0.407034E-02   0.855503E+05   0.855452E+05   0.291771E-02   0.100000E+01   0.472398E+00   0.474817E+00
   0.643778E+00   0.154477E+06   0.153681E+06  -0.137240E-01  -0.137240E-01   0.522141E+03   0.153615E+06   0.154342E+06   0.153615E+06  -0.347200E-02   0.729745E+05   0.729702E+05   0.224943E-02   0.100000E+01   0.472398E+00   0.474815E+00
   0.711484E+00   0.131601E+06   0.130924E+06  -0.957239E-02  -0.957240E-02   0.369020E+03   0.130867E+06   0.131486E+06   0.130867E+06  -0.295784E-02   0.621680E+05   0.621643E+05   0.173295E-02   0.100000E+01   0.472397E+00   0.474814E+00
   0.786312E+00   0.111977E+06   0.111401E+06  -0.666857E-02  -0.666858E-02   0.260118E+03   0.111352E+06   0.111879E+06   0.111352E+06  -0.251677E-02   0.528975E+05   0.528944E+05   0.133397E-02   0.100000E+01   0.472397E+00   0.474813E+00
   0.869009E+00   0.951693E+05   0.946796E+05  -0.464028E-02  -0.464029E-02   0.182904E+03   0.946379E+05   0.950864E+05   0.946379E+05  -0.213900E-02   0.449577E+05   0.449550E+05   0.102588E-02   0.100000E+01   0.472397E+00   0.474812E+00
   0.960403E+00   0.807981E+05   0.803823E+05  -0.322546E-02  -0.322546E-02   0.128319E+03   0.803468E+05   0.807277E+05   0.803468E+05  -0.181599E-02   0.381687E+05   0.381664E+05   0.788228E-03   0.100000E+01   0.472396E+00   0.474811E+00
   0.106141E+01   0.685251E+05   0.681726E+05  -0.223966E-02  -0.223966E-02   0.898303E+02   0.681423E+05   0.684654E+05   0.681423E+05  -0.154015E-02   0.323710E+05   0.323691E+05   0.605081E-03   0.100000E+01   0.472396E+00   0.474811E+00
   0.117304E+01   0.580596E+05   0.577609E+05  -0.155363E-02  -0.155364E-02   0.627620E+02   0.577352E+05   0.580090E+05   0.577352E+05  -0.130493E-02   0.274271E+05   0.274255E+05   0.464122E-03   0.100000E+01   0.472396E+00   0.474810E+00
   0.129641E+01   0.491455E+05   0.488928E+05  -0.107672E-02  -0.107672E-02   0.437687E+02   0.488709E+05   0.491028E+05   0.488709E+05  -0.110458E-02   0.232161E+05   0.232148E+05   0.355735E-03   0.100000E+01   0.472396E+00   0.474810E+00
   0.143275E+01   0.415627E+05   0.413490E+05  -0.745526E-03  -0.745528E-03   0.304711E+02   0.413305E+05   0.415266E+05   0.413305E+05  -0.934148E-03   0.196341E+05   0.196329E+05   0.272483E-03   0.100000E+01   0.472396E+00   0.474810E+00
   0.158344E+01   0.351195E+05   0.349389E+05  -0.515762E-03  -0.515762E-03   0.211796E+02   0.349232E+05   0.350889E+05   0.349232E+05  -0.789332E-03   0.165903E+05   0.165893E+05   0.208595E-03   0.100000E+01   0.472396E+00   0.474809E+00
   0.174997E+01   0.296506E+05   0.294981E+05  -0.356513E-03  -0.356514E-03   0.146996E+02   0.294849E+05   0.296248E+05   0.294849E+05  -0.666415E-03   0.140068E+05   0.140060E+05   0.159610E-03   0.100000E+01   0.472396E+00   0.474809E+00
   0.193401E+01   0.250137E+05   0.248851E+05  -0.246242E-03  -0.246242E-03   0.101883E+02   0.248739E+05   0.249919E+05   0.248739E+05  -0.562197E-03   0.118164E+05   0.118156E+05   0.122085E-03   0.100000E+01   0.472396E+00   0.474809E+00
   0.213742E+01   0.210859E+05   0.209775E+05  -0.169949E-03  -0.169949E-03   0.705257E+01   0.209680E+05   0.210676E+05   0.209680E+05  -0.473918E-03   0.996090E+04   0.996030E+04   0.933581E-04   0.100000E+01   0.472396E+00   0.474809E+00
   0.236221E+01   0.177621E+05   0.176707E+05  -0.117209E-03  -0.117209E-03   0.487627E+01   0.176628E+05   0.177466E+05   0.176628E+05  -0.399213E-03   0.839072E+04   0.839022E+04   0.713830E-04   0.100000E+01   0.472395E+00   0.474809E+00
   0.261065E+01   0.149518E+05   0.148749E+05  -0.807794E-04  -0.807795E-04   0.336788E+01   0.148682E+05   0.149387E+05   0.148682E+05  -0.336049E-03   0.706314E+04   0.706271E+04   0.545828E-04   0.100000E+01   0.472395E+00   0.474809E+00
   0.288521E+01   0.125777E+05   0.125130E+05  -0.556354E-04  -0.556355E-04   0.232378E+01   0.125074E+05   0.125668E+05   0.125074E+05  -0.282691E-03   0.594165E+04   0.594129E+04   0.417461E-04   0.100000E+01   0.472395E+00   0.474809E+00
   0.318865E+01   0.105739E+05   0.105195E+05  -0.382935E-04  -0.382936E-04   0.160187E+01   0.105147E+05   0.105647E+05   0.105147E+05  -0.237654E-03   0.499505E+04   0.499474E+04   0.319421E-04   0.100000E+01   0.472395E+00   0.474809E+00
   0.352400E+01   0.888384E+04   0.883812E+04  -0.263410E-04  -0.263411E-04   0.110328E+01   0.883416E+04   0.887610E+04   0.883416E+04  -0.199669E-03   0.419668E+04   0.419642E+04   0.244573E-04   0.100000E+01   0.472395E+00   0.474809E+00
   0.389463E+01   0.745951E+04   0.742111E+04  -0.181086E-04  -0.181086E-04   0.759280E+00   0.741779E+04   0.745301E+04   0.741779E+04  -0.167656E-03   0.352384E+04   0.352362E+04   0.187444E-04   0.100000E+01   0.472395E+00   0.474810E+00
   0.430423E+01   0.626001E+04   0.622778E+04  -0.124420E-04  -0.124420E-04   0.522144E+00   0.622500E+04   0.625456E+04   0.622500E+04  -0.140697E-03   0.295720E+04   0.295701E+04   0.143847E-04   0.100000E+01   0.472395E+00   0.474810E+00
   0.475691E+01   0.525053E+04   0.522348E+04  -0.854395E-05  -0.854397E-05   0.358822E+00   0.522116E+04   0.524595E+04   0.522116E+04  -0.118008E-03   0.248032E+04   0.248016E+04   0.110575E-04   0.100000E+01   0.472395E+00   0.474811E+00
   0.525720E+01   0.440153E+04   0.437884E+04  -0.586409E-05  -0.586409E-05   0.246425E+00   0.437690E+04   0.439769E+04   0.437690E+04  -0.989265E-04   0.207926E+04   0.207912E+04   0.851795E-05   0.100000E+01   0.472395E+00   0.474812E+00
   0.581010E+01   0.368795E+04   0.366893E+04  -0.402276E-05  -0.402276E-05   0.169134E+00   0.366732E+04   0.368473E+04   0.366732E+04  -0.828885E-04   0.174217E+04   0.174205E+04   0.657893E-05   0.100000E+01   0.472394E+00   0.474812E+00
   0.642115E+01   0.308856E+04   0.307262E+04  -0.275827E-05  -0.275827E-05   0.116018E+00   0.307128E+04   0.308587E+04   0.307128E+04  -0.694169E-04   0.145902E+04   0.145892E+04   0.509757E-05   0.100000E+01   0.472394E+00   0.474814E+00
   0.709647E+01   0.258538E+04   0.257202E+04  -0.189036E-05  -0.189036E-05   0.795393E-01   0.257091E+04   0.258312E+04   0.257091E+04  -0.581075E-04   0.122132E+04   0.122123E+04   0.396491E-05   0.100000E+01   0.472394E+00   0.474815E+00
   0.784282E+01   0.216320E+04   0.215200E+04  -0.129496E-05  -0.129497E-05   0.545025E-01   0.215109E+04   0.216130E+04   0.215109E+04  -0.486187E-04   0.102188E+04   0.102181E+04   0.309790E-05   0.100000E+01   0.472393E+00   0.474817E+00
   0.866765E+01   0.180917E+04   0.179979E+04  -0.886711E-06  -0.886712E-06   0.373287E-01   0.179904E+04   0.180758E+04   0.179904E+04  -0.406617E-04   0.854638E+03   0.854574E+03   0.243326E-05   0.100000E+01   0.472393E+00   0.474819E+00
   0.957924E+01   0.151244E+04   0.150459E+04  -0.606909E-06  -0.606910E-06   0.255547E-01   0.150397E+04   0.151111E+04   0.150397E+04  -0.339927E-04   0.714466E+03   0.714411E+03   0.192278E-05   0.100000E+01   0.472392E+00   0.474822E+00
   0.105867E+02   0.126387E+04   0.125729E+04  -0.415230E-06  -0.415231E-06   0.174863E-01   0.125679E+04   0.126276E+04   0.125679E+04  -0.284059E-04   0.597042E+03   0.596994E+03   0.152979E-05   0.100000E+01   0.472391E+00   0.474825E+00
   0.117001E+02   0.105574E+04   0.105023E+04  -0.283977E-06  -0.283977E-06   0.119607E-01   0.104982E+04   0.105481E+04   0.104982E+04  -0.237280E-04   0.498721E+03   0.498678E+03   0.122637E-05   0.100000E+01   0.472390E+00   0.474829E+00
   0.129306E+02   0.881545E+03   0.876925E+03  -0.194139E-06  -0.194139E-06   0.817747E-02   0.876601E+03   0.880763E+03   0.876601E+03  -0.198129E-04   0.416432E+03   0.416394E+03   0.991275E-06   0.100000E+01   0.472389E+00   0.474834E+00
   0.142905E+02   0.735822E+03   0.731948E+03  -0.132673E-06  -0.132673E-06   0.558901E-02   0.731692E+03   0.735166E+03   0.731692E+03  -0.165377E-04   0.347593E+03   0.347558E+03   0.808368E-06   0.100000E+01   0.472387E+00   0.474840E+00
   0.157935E+02   0.613967E+03   0.610718E+03  -0.906350E-07  -0.906352E-07   0.381830E-02   0.610519E+03   0.613418E+03   0.610519E+03  -0.137989E-04   0.290029E+03   0.289998E+03   0.665361E-06   0.100000E+01   0.472386E+00   0.474848E+00
   0.174545E+02   0.512114E+03   0.509386E+03  -0.618955E-07  -0.618956E-07   0.260776E-02   0.509235E+03   0.511653E+03   0.509235E+03  -0.115097E-04   0.241914E+03   0.241885E+03   0.552912E-06   0.100000E+01   0.472383E+00   0.474857E+00
   0.192902E+02   0.427013E+03   0.424720E+03  -0.422547E-07  -0.422548E-07   0.178030E-02   0.424609E+03   0.426625E+03   0.424609E+03  -0.959698E-05   0.201713E+03   0.201686E+03   0.463917E-06   0.100000E+01   0.472381E+00   0.474868E+00
   0.213190E+02   0.355937E+03   0.354007E+03  -0.288369E-07  -0.288369E-07   0.121502E-02   0.353930E+03   0.355610E+03   0.353930E+03  -0.799949E-05   0.168136E+03   0.168111E+03   0.392968E-06   0.100000E+01   0.472377E+00   0.474881E+00
   0.235611E+02   0.296595E+03   0.294968E+03  -0.196735E-07  -0.196735E-07   0.828943E-03   0.294919E+03   0.296320E+03   0.294919E+03  -0.666575E-05   0.140104E+03   0.140080E+03   0.335948E-06   0.100000E+01   0.472373E+00   0.474898E+00
   0.260391E+02   0.247069E+03   0.245694E+03  -0.134176E-07  -0.134177E-07   0.565364E-03   0.245670E+03   0.246836E+03   0.245670E+03  -0.555261E-05   0.116707E+03   0.116685E+03   0.289719E-06   0.100000E+01   0.472368E+00   0.474918E+00
   0.287776E+02   0.205748E+03   0.204584E+03  -0.914822E-08  -0.914824E-08   0.385459E-03   0.204580E+03   0.205551E+03   0.204580E+03  -0.462390E-05   0.971878E+02   0.971660E+02   0.251888E-06   0.100000E+01   0.472362E+00   0.474943E+00
   0.318042E+02   0.171286E+03   0.170297E+03  -0.623540E-08  -0.623541E-08   0.262730E-03   0.170310E+03   0.171119E+03   0.170310E+03  -0.384933E-05   0.809077E+02   0.808867E+02   0.220628E-06   0.100000E+01   0.472355E+00   0.474974E+00
   0.351491E+02   0.142552E+03   0.141709E+03  -0.424873E-08  -0.424874E-08   0.179017E-03   0.141737E+03   0.142410E+03   0.141737E+03  -0.320352E-05   0.673340E+02   0.673135E+02   0.194538E-06   0.100000E+01   0.472346E+00   0.475011E+00
   0.388457E+02   0.118603E+03   0.117881E+03  -0.289416E-08  -0.289417E-08   0.121937E-03   0.117921E+03   0.118481E+03   0.117921E+03  -0.266524E-05   0.560203E+02   0.560002E+02   0.172545E-06   0.100000E+01   0.472335E+00   0.475056E+00
   0.429312E+02   0.986471E+02   0.980261E+02  -0.197085E-08  -0.197086E-08   0.830386E-04   0.980763E+02   0.985420E+02   0.980763E+02  -0.221671E-05   0.465931E+02   0.465733E+02   0.153823E-06   0.100000E+01   0.472321E+00   0.475111E+00
   0.474463E+02   0.820236E+02   0.814862E+02  -0.134169E-08  -0.134169E-08   0.565285E-04   0.815455E+02   0.819327E+02   0.815455E+02  -0.184308E-05   0.387401E+02   0.387205E+02   0.137734E-06   0.100000E+01   0.472304E+00   0.475179E+00
   0.524362E+02   0.681800E+02   0.677120E+02  -0.913090E-09  -0.913092E-09   0.384668E-04   0.677790E+02   0.681008E+02   0.677790E+02  -0.153194E-05   0.322003E+02   0.321809E+02   0.123785E-06   0.100000E+01   0.472284E+00   0.475261E+00
   0.579510E+02   0.566545E+02   0.562440E+02  -0.621206E-09  -0.621207E-09   0.261680E-04   0.563176E+02   0.565851E+02   0.563176E+02  -0.127289E-05   0.267556E+02   0.267363E+02   0.111589E-06   0.100000E+01   0.472260E+00   0.475362E+00
   0.640458E+02   0.470615E+02   0.466987E+02  -0.422485E-09  -0.422486E-09   0.177960E-04   0.467780E+02   0.470001E+02   0.467780E+02  -0.105727E-05   0.222239E+02   0.222045E+02   0.100845E-06   0.100000E+01   0.472230E+00   0.475484E+00
   0.707815E+02   0.390790E+02   0.387556E+02  -0.287234E-09  -0.287234E-09   0.120985E-04   0.388399E+02   0.390243E+02   0.388399E+02  -0.877856E-06   0.184529E+02   0.184335E+02   0.913150E-07   0.100000E+01   0.472193E+00   0.475634E+00
   0.782257E+02   0.324383E+02   0.321475E+02  -0.195207E-09  -0.195208E-09   0.822056E-05   0.322360E+02   0.323891E+02   0.322360E+02  -0.728596E-06   0.153157E+02   0.152963E+02   0.828090E-07   0.100000E+01   0.472149E+00   0.475816E+00
   0.864528E+02   0.269151E+02   0.266513E+02  -0.132612E-09  -0.132612E-09   0.558387E-05   0.267435E+02   0.268705E+02   0.267435E+02  -0.604455E-06   0.127065E+02   0.126870E+02   0.751752E-07   0.100000E+01   0.472095E+00   0.476038E+00
   0.955451E+02   0.223226E+02   0.220810E+02  -0.900491E-10  -0.900492E-10   0.379081E-05   0.221764E+02   0.222817E+02   0.221764E+02  -0.501229E-06   0.105369E+02   0.105173E+02   0.682908E-07   0.100000E+01   0.472029E+00   0.476308E+00
   0.105594E+03   0.185046E+02   0.182815E+02  -0.611177E-10  -0.611178E-10   0.257243E-05   0.183796E+02   0.184669E+02   0.183796E+02  -0.415414E-06   0.873326E+01   0.871361E+01   0.620552E-07   0.100000E+01   0.471949E+00   0.476636E+00
   0.116699E+03   0.153315E+02   0.151235E+02  -0.414595E-10  -0.414595E-10   0.174447E-05   0.152240E+02   0.152963E+02   0.152240E+02  -0.344091E-06   0.723419E+01   0.721447E+01   0.563855E-07   0.100000E+01   0.471853E+00   0.477035E+00
   0.128972E+03   0.126948E+02   0.124995E+02  -0.281074E-10  -0.281074E-10   0.118218E-05   0.126019E+02   0.126617E+02   0.126019E+02  -0.284827E-06   0.598857E+01   0.596876E+01   0.512126E-07   0.100000E+01   0.471736E+00   0.477520E+00
   0.142536E+03   0.105043E+02   0.103197E+02  -0.190425E-10  -0.190426E-10   0.800632E-06   0.104236E+02   0.104731E+02   0.104236E+02  -0.235593E-06   0.495378E+01   0.493392E+01   0.464784E-07   0.100000E+01   0.471594E+00   0.478107E+00
   0.157527E+03   0.868516E+01   0.850948E+01  -0.128913E-10  -0.128913E-10   0.541733E-06   0.861452E+01   0.865543E+01   0.861452E+01  -0.194705E-06   0.409439E+01   0.407449E+01   0.421334E-07   0.100000E+01   0.471423E+00   0.478818E+00
   0.174094E+03   0.717471E+01   0.700672E+01  -0.871952E-11  -0.871954E-11   0.366202E-06   0.711251E+01   0.714628E+01   0.711251E+01  -0.160756E-06   0.338086E+01   0.336095E+01   0.381356E-07   0.100000E+01   0.471218E+00   0.479676E+00
   0.192404E+03   0.592101E+01   0.575976E+01  -0.589195E-11  -0.589196E-11   0.247281E-06   0.586587E+01   0.589372E+01   0.586587E+01  -0.132580E-06   0.278864E+01   0.276876E+01   0.344491E-07   0.100000E+01   0.470973E+00   0.480709E+00
   0.212639E+03   0.488083E+01   0.472565E+01  -0.397685E-11  -0.397685E-11   0.166773E-06   0.483162E+01   0.485457E+01   0.483162E+01  -0.109204E-06   0.229731E+01   0.227752E+01   0.310433E-07   0.100000E+01   0.470680E+00   0.481948E+00
   0.235003E+03   0.401821E+01   0.386870E+01  -0.268083E-11  -0.268084E-11   0.112306E-06   0.397404E+01   0.399291E+01   0.397404E+01  -0.898209E-07   0.188989E+01   0.187024E+01   0.278922E-07   0.100000E+01   0.470332E+00   0.483429E+00
   0.259718E+03   0.330328E+01   0.315927E+01  -0.180462E-11  -0.180463E-11   0.755011E-07   0.326341E+01   0.327891E+01   0.326341E+01  -0.737594E-07   0.155229E+01   0.153284E+01   0.249742E-07   0.100000E+01   0.469922E+00   0.485188E+00
   0.287033E+03   0.271124E+01   0.257273E+01  -0.121290E-11  -0.121291E-11   0.506767E-07   0.267509E+01   0.268780E+01   0.267509E+01  -0.604623E-07   0.127277E+01   0.125361E+01   0.222719E-07   0.100000E+01   0.469443E+00   0.487266E+00
   0.317221E+03   0.222146E+01   0.208866E+01  -0.813834E-12  -0.813835E-12   0.339410E-07   0.218859E+01   0.219899E+01   0.218859E+01  -0.494665E-07   0.104161E+01   0.102281E+01   0.197718E-07   0.100000E+01   0.468887E+00   0.489699E+00
   0.350583E+03   0.181684E+01   0.169005E+01  -0.545100E-12  -0.545101E-12   0.226886E-07   0.178690E+01   0.179539E+01   0.178690E+01  -0.403874E-07   0.850737E+00   0.832381E+00   0.174643E-07   0.100000E+01   0.468250E+00   0.492518E+00
   0.387454E+03   0.148316E+01   0.136278E+01  -0.364452E-12  -0.364452E-12   0.151387E-07   0.145587E+01   0.146279E+01   0.145587E+01  -0.329055E-07   0.693418E+00   0.675596E+00   0.153431E-07   0.100000E+01   0.467528E+00   0.495747E+00
   0.428203E+03   0.120857E+01   0.109505E+01  -0.243254E-12  -0.243255E-12   0.100720E-07   0.118374E+01   0.118936E+01   0.118374E+01  -0.267547E-07   0.564067E+00   0.546859E+00   0.134049E-07   0.100000E+01   0.466723E+00   0.499391E+00
   0.473238E+03   0.983207E+00   0.876952E+00  -0.162117E-12  -0.162117E-12   0.669723E-08   0.960664E+00   0.965225E+00   0.960664E+00  -0.217129E-07   0.458015E+00   0.441490E+00   0.116480E-07   0.100000E+01   0.465838E+00   0.503436E+00
   0.523009E+03   0.798808E+00   0.700118E+00  -0.107918E-12  -0.107918E-12   0.444159E-08   0.778411E+00   0.782107E+00   0.778411E+00  -0.175936E-07   0.371349E+00   0.355558E+00   0.100713E-07   0.100000E+01   0.464879E+00   0.507855E+00
   0.578014E+03   0.648416E+00   0.557426E+00  -0.717911E-13  -0.717912E-13   0.294280E-08   0.630026E+00   0.633017E+00   0.630026E+00  -0.142398E-07   0.300769E+00   0.285742E+00   0.867193E-08   0.100000E+01   0.463853E+00   0.512610E+00
   0.638804E+03   0.526140E+00   0.442781E+00  -0.477534E-13  -0.477535E-13   0.195053E-08   0.509613E+00   0.512033E+00   0.509613E+00  -0.115182E-07   0.243478E+00   0.229223E+00   0.744339E-08   0.100000E+01   0.462762E+00   0.517689E+00
   0.705988E+03   0.426976E+00   0.350970E+00  -0.317787E-13  -0.317788E-13   0.129158E-08   0.412156E+00   0.414114E+00   0.412156E+00  -0.931553E-08   0.197093E+00   0.183602E+00   0.637418E-08   0.100000E+01   0.461602E+00   0.523128E+00
