#          k/h    CDM            baryon         photon         nu             mass_nu        total          no_nu          total_de       Weyl           v_CDM          v_b            v_b-v_c        PCF            cdm_f1         b_f1        
   0.107522E-04   0.248598E+06   0.248598E+06   0.331462E+06   0.331462E+06   0.285956E+06   0.248843E+06   0.248598E+06   0.257760E+06  -0.604752E+00   0.247425E+06   0.247425E+06   0.435940E+00   0.107645E+01   0.105467E+01   0.105467E+01
   0.118830E-04   0.248598E+06   0.248598E+06   0.331462E+06   0.331462E+06   0.285955E+06   0.248843E+06   0.248598E+06   0.257760E+06  -0.604751E+00   0.247425E+06   0.247425E+06   0.481788E+00   0.107645E+01   0.105467E+01   0.105467E+01
   0.131327E-04   0.248598E+06   0.248598E+06   0.331462E+06   0.331461E+06   0.285955E+06   0.248843E+06   0.248598E+06   0.257760E+06  -0.604751E+00   0.247425E+06   0.247425E+06   0.532458E+00   0.107645E+01   0.105467E+01   0.105467E+01
   0.145139E-04   0.248598E+06   0.248598E+06   0.331461E+06   0.331461E+06   0.285954E+06   0.248843E+06   0.248598E+06   0.257760E+06  -0.604751E+00   0.247425E+06   0.247425E+06   0.588457E+00   0.107645E+01   0.105467E+01   0.105467E+01
   0.160404E-04   0.248598E+06   0.248598E+06   0.331460E+06   0.331460E+06   0.285954E+06   0.248843E+06   0.248598E+06   0.257760E+06  -0.604751E+00   0.247425E+06   0.247425E+06   0.650346E+00   0.107645E+01   0.105467E+01   0.105467E+01
   0.177273E-04   0.248598E+06   0.248598E+06   0.331459E+06   0.331459E+06   0.285953E+06   0.248843E+06   0.248598E+06   0.257760E+06  -0.604751E+00   0.247425E+06   0.247425E+06   0.718743E+00   0.107645E+01   0.105467E+01   0.105467E+01
   0.195917E-04   0.248598E+06   0.248598E+06   0.331458E+06   0.331458E+06   0.285952E+06   0.248843E+06   0.248598E+06   0.257760E+06  -0.604751E+00   0.247424E+06   0.247424E+06   0.794334E+00   0.107645E+01   0.105467E+01   0.105467E+01
   0.216522E-04   0.248598E+06   0.248598E+06   0.331457E+06   0.331456E+06   0.285951E+06   0.248843E+06   0.248598E+06   0.257760E+06  -0.604751E+00   0.247424E+06   0.247424E+06   0.877874E+00   0.107645E+01   0.105467E+01   0.105467E+01
   0.239294E-04   0.248598E+06   0.248598E+06   0.331455E+06   0.331454E+06   0.285950E+06   0.248843E+06   0.248598E+06   0.257760E+06  -0.604750E+00   0.247424E+06   0.247424E+06   0.970201E+00   0.107645E+01   0.105467E+01   0.105467E+01
   0.264461E-04   0.248598E+06   0.248598E+06   0.331453E+06   0.331452E+06   0.285948E+06   0.248842E+06   0.248598E+06   0.257759E+06  -0.604750E+00   0.247424E+06   0.247424E+06   0.107224E+01   0.107645E+01   0.105467E+01   0.105467E+01
   0.292275E-04   0.248598E+06   0.248598E+06   0.331451E+06   0.331449E+06   0.285947E+06   0.248842E+06   0.248598E+06   0.257759E+06  -0.604749E+00   0.247424E+06   0.247424E+06   0.118500E+01   0.107645E+01   0.105467E+01   0.105467E+01
   0.323013E-04   0.248598E+06   0.248597E+06   0.331448E+06   0.331446E+06   0.285944E+06   0.248842E+06   0.248597E+06   0.257759E+06  -0.604749E+00   0.247424E+06   0.247424E+06   0.130963E+01   0.107645E+01   0.105467E+01   0.105467E+01
   0.356985E-04   0.248597E+06   0.248597E+06   0.331444E+06   0.331442E+06   0.285942E+06   0.248842E+06   0.248597E+06   0.257759E+06  -0.604748E+00   0.247424E+06   0.247424E+06   0.144737E+01   0.107645E+01   0.105467E+01   0.105467E+01
   0.394529E-04   0.248597E+06   0.248597E+06   0.331439E+06   0.331437E+06   0.285938E+06   0.248842E+06   0.248597E+06   0.257758E+06  -0.604747E+00   0.247424E+06   0.247424E+06   0.159958E+01   0.107645E+01   0.105467E+01   0.105467E+01
   0.436022E-04   0.248597E+06   0.248597E+06   0.331434E+06   0.331431E+06   0.285934E+06   0.248842E+06   0.248597E+06   0.257758E+06  -0.604746E+00   0.247423E+06   0.247423E+06   0.176781E+01   0.107645E+01   0.105467E+01   0.105467E+01
   0.481879E-04   0.248597E+06   0.248596E+06   0.331427E+06   0.331423E+06   0.285929E+06   0.248841E+06   0.248597E+06   0.257757E+06  -0.604745E+00   0.247423E+06   0.247423E+06   0.195373E+01   0.107645E+01   0.105466E+01   0.105467E+01
   0.532559E-04   0.248596E+06   0.248596E+06   0.331419E+06   0.331414E+06   0.285923E+06   0.248841E+06   0.248596E+06   0.257757E+06  -0.604743E+00   0.247423E+06   0.247423E+06   0.215920E+01   0.107645E+01   0.105466E+01   0.105466E+01
   0.588569E-04   0.248596E+06   0.248595E+06   0.331409E+06   0.331403E+06   0.285915E+06   0.248840E+06   0.248596E+06   0.257756E+06  -0.604741E+00   0.247422E+06   0.247422E+06   0.238628E+01   0.107644E+01   0.105466E+01   0.105466E+01
   0.650469E-04   0.248595E+06   0.248595E+06   0.331397E+06   0.331389E+06   0.285906E+06   0.248840E+06   0.248595E+06   0.257755E+06  -0.604739E+00   0.247422E+06   0.247422E+06   0.263724E+01   0.107644E+01   0.105466E+01   0.105466E+01
   0.718879E-04   0.248595E+06   0.248594E+06   0.331382E+06   0.331373E+06   0.285895E+06   0.248839E+06   0.248594E+06   0.257754E+06  -0.604736E+00   0.247421E+06   0.247421E+06   0.291459E+01   0.107644E+01   0.105466E+01   0.105466E+01
   0.794485E-04   0.248594E+06   0.248593E+06   0.331364E+06   0.331352E+06   0.285881E+06   0.248838E+06   0.248594E+06   0.257752E+06  -0.604733E+00   0.247420E+06   0.247420E+06   0.322111E+01   0.107643E+01   0.105466E+01   0.105466E+01
   0.878041E-04   0.248593E+06   0.248592E+06   0.331341E+06   0.331328E+06   0.285864E+06   0.248837E+06   0.248593E+06   0.257751E+06  -0.604728E+00   0.247419E+06   0.247419E+06   0.355986E+01   0.107643E+01   0.105465E+01   0.105466E+01
   0.970386E-04   0.248592E+06   0.248591E+06   0.331314E+06   0.331298E+06   0.285843E+06   0.248835E+06   0.248591E+06   0.257749E+06  -0.604723E+00   0.247418E+06   0.247418E+06   0.393422E+01   0.107643E+01   0.105465E+01   0.105465E+01
   0.107244E-03   0.248590E+06   0.248589E+06   0.331281E+06   0.331261E+06   0.285818E+06   0.248834E+06   0.248590E+06   0.257746E+06  -0.604717E+00   0.247416E+06   0.247416E+06   0.434796E+01   0.107642E+01   0.105465E+01   0.105465E+01
   0.118523E-03   0.248588E+06   0.248587E+06   0.331240E+06   0.331215E+06   0.285787E+06   0.248832E+06   0.248588E+06   0.257743E+06  -0.604709E+00   0.247415E+06   0.247414E+06   0.480519E+01   0.107641E+01   0.105464E+01   0.105465E+01
   0.130988E-03   0.248586E+06   0.248584E+06   0.331191E+06   0.331160E+06   0.285750E+06   0.248829E+06   0.248586E+06   0.257739E+06  -0.604699E+00   0.247412E+06   0.247412E+06   0.531049E+01   0.107640E+01   0.105464E+01   0.105464E+01
   0.144765E-03   0.248583E+06   0.248581E+06   0.331130E+06   0.331093E+06   0.285704E+06   0.248826E+06   0.248583E+06   0.257734E+06  -0.604688E+00   0.247410E+06   0.247409E+06   0.586891E+01   0.107639E+01   0.105463E+01   0.105463E+01
   0.159990E-03   0.248580E+06   0.248578E+06   0.331056E+06   0.331011E+06   0.285648E+06   0.248822E+06   0.248580E+06   0.257728E+06  -0.604673E+00   0.247406E+06   0.247406E+06   0.648603E+01   0.107638E+01   0.105462E+01   0.105463E+01
   0.176816E-03   0.248576E+06   0.248573E+06   0.330966E+06   0.330911E+06   0.285579E+06   0.248818E+06   0.248575E+06   0.257721E+06  -0.604656E+00   0.247402E+06   0.247401E+06   0.716802E+01   0.107636E+01   0.105461E+01   0.105462E+01
   0.195412E-03   0.248571E+06   0.248567E+06   0.330855E+06   0.330788E+06   0.285496E+06   0.248812E+06   0.248570E+06   0.257713E+06  -0.604635E+00   0.247397E+06   0.247396E+06   0.792167E+01   0.107634E+01   0.105460E+01   0.105461E+01
   0.215963E-03   0.248565E+06   0.248561E+06   0.330721E+06   0.330639E+06   0.285394E+06   0.248806E+06   0.248564E+06   0.257702E+06  -0.604609E+00   0.247391E+06   0.247390E+06   0.875452E+01   0.107632E+01   0.105458E+01   0.105459E+01
   0.238676E-03   0.248558E+06   0.248552E+06   0.330556E+06   0.330456E+06   0.285270E+06   0.248797E+06   0.248557E+06   0.257689E+06  -0.604577E+00   0.247384E+06   0.247382E+06   0.967485E+01   0.107629E+01   0.105456E+01   0.105458E+01
   0.263778E-03   0.248549E+06   0.248542E+06   0.330355E+06   0.330233E+06   0.285118E+06   0.248787E+06   0.248548E+06   0.257674E+06  -0.604539E+00   0.247375E+06   0.247373E+06   0.106918E+02   0.107625E+01   0.105453E+01   0.105456E+01
   0.291520E-03   0.248538E+06   0.248530E+06   0.330110E+06   0.329961E+06   0.284932E+06   0.248775E+06   0.248536E+06   0.257654E+06  -0.604491E+00   0.247363E+06   0.247361E+06   0.118156E+02   0.107620E+01   0.105450E+01   0.105453E+01
   0.322179E-03   0.248524E+06   0.248515E+06   0.329811E+06   0.329629E+06   0.284706E+06   0.248760E+06   0.248523E+06   0.257631E+06  -0.604434E+00   0.247350E+06   0.247347E+06   0.130573E+02   0.107615E+01   0.105447E+01   0.105450E+01
   0.356063E-03   0.248508E+06   0.248496E+06   0.329446E+06   0.329224E+06   0.284429E+06   0.248741E+06   0.248506E+06   0.257602E+06  -0.604363E+00   0.247333E+06   0.247330E+06   0.144293E+02   0.107608E+01   0.105442E+01   0.105446E+01
   0.393511E-03   0.248488E+06   0.248474E+06   0.329000E+06   0.328730E+06   0.284092E+06   0.248719E+06   0.248485E+06   0.257567E+06  -0.604278E+00   0.247313E+06   0.247309E+06   0.159451E+02   0.107600E+01   0.105437E+01   0.105442E+01
   0.434897E-03   0.248463E+06   0.248446E+06   0.328457E+06   0.328128E+06   0.283681E+06   0.248691E+06   0.248461E+06   0.257525E+06  -0.604173E+00   0.247288E+06   0.247284E+06   0.176197E+02   0.107590E+01   0.105430E+01   0.105436E+01
   0.480635E-03   0.248434E+06   0.248412E+06   0.327794E+06   0.327393E+06   0.283179E+06   0.248658E+06   0.248430E+06   0.257473E+06  -0.604045E+00   0.247258E+06   0.247253E+06   0.194697E+02   0.107578E+01   0.105422E+01   0.105429E+01
   0.531184E-03   0.248397E+06   0.248371E+06   0.326987E+06   0.326498E+06   0.282568E+06   0.248617E+06   0.248393E+06   0.257409E+06  -0.603889E+00   0.247221E+06   0.247215E+06   0.215131E+02   0.107563E+01   0.105412E+01   0.105421E+01
   0.587049E-03   0.248353E+06   0.248321E+06   0.326002E+06   0.325408E+06   0.281823E+06   0.248567E+06   0.248348E+06   0.257332E+06  -0.603698E+00   0.247176E+06   0.247168E+06   0.237699E+02   0.107544E+01   0.105400E+01   0.105411E+01
   0.648790E-03   0.248299E+06   0.248260E+06   0.324804E+06   0.324080E+06   0.280915E+06   0.248506E+06   0.248292E+06   0.257238E+06  -0.603466E+00   0.247122E+06   0.247112E+06   0.262621E+02   0.107522E+01   0.105386E+01   0.105398E+01
   0.717023E-03   0.248233E+06   0.248185E+06   0.323345E+06   0.322466E+06   0.279811E+06   0.248432E+06   0.248225E+06   0.257123E+06  -0.603183E+00   0.247055E+06   0.247043E+06   0.290137E+02   0.107495E+01   0.105368E+01   0.105383E+01
   0.792433E-03   0.248152E+06   0.248094E+06   0.321570E+06   0.320503E+06   0.278467E+06   0.248341E+06   0.248142E+06   0.256983E+06  -0.602838E+00   0.246973E+06   0.246958E+06   0.320511E+02   0.107462E+01   0.105346E+01   0.105365E+01
   0.875774E-03   0.248054E+06   0.247982E+06   0.319415E+06   0.318121E+06   0.276835E+06   0.248230E+06   0.248042E+06   0.256812E+06  -0.602418E+00   0.246873E+06   0.246855E+06   0.354031E+02   0.107422E+01   0.105320E+01   0.105343E+01
   0.967880E-03   0.247934E+06   0.247847E+06   0.316799E+06   0.315233E+06   0.274854E+06   0.248095E+06   0.247919E+06   0.256605E+06  -0.601907E+00   0.246752E+06   0.246730E+06   0.391010E+02   0.107374E+01   0.105288E+01   0.105316E+01
   0.106967E-02   0.247788E+06   0.247681E+06   0.313629E+06   0.311738E+06   0.272454E+06   0.247931E+06   0.247770E+06   0.256353E+06  -0.601285E+00   0.246603E+06   0.246577E+06   0.431791E+02   0.107315E+01   0.105248E+01   0.105283E+01
   0.118217E-02   0.247610E+06   0.247480E+06   0.309794E+06   0.307517E+06   0.269550E+06   0.247732E+06   0.247588E+06   0.256046E+06  -0.600529E+00   0.246423E+06   0.246390E+06   0.476742E+02   0.107243E+01   0.105201E+01   0.105243E+01
   0.130650E-02   0.247393E+06   0.247234E+06   0.305166E+06   0.302431E+06   0.266043E+06   0.247488E+06   0.247366E+06   0.255675E+06  -0.599612E+00   0.246203E+06   0.246163E+06   0.526263E+02   0.107157E+01   0.105143E+01   0.105195E+01
   0.144391E-02   0.247129E+06   0.246936E+06   0.299594E+06   0.296323E+06   0.261822E+06   0.247193E+06   0.247097E+06   0.255225E+06  -0.598499E+00   0.245935E+06   0.245886E+06   0.580779E+02   0.107053E+01   0.105074E+01   0.105137E+01
   0.159577E-02   0.246809E+06   0.246573E+06   0.292909E+06   0.289013E+06   0.256754E+06   0.246834E+06   0.246769E+06   0.254681E+06  -0.597153E+00   0.245609E+06   0.245550E+06   0.640744E+02   0.106927E+01   0.104990E+01   0.105066E+01
   0.176359E-02   0.246420E+06   0.246132E+06   0.284919E+06   0.280307E+06   0.250695E+06   0.246400E+06   0.246371E+06   0.254026E+06  -0.595527E+00   0.245213E+06   0.245141E+06   0.706636E+02   0.106777E+01   0.104888E+01   0.104982E+01
   0.194907E-02   0.245949E+06   0.245597E+06   0.275416E+06   0.269997E+06   0.243486E+06   0.245873E+06   0.245889E+06   0.253237E+06  -0.593568E+00   0.244732E+06   0.244645E+06   0.778953E+02   0.106598E+01   0.104766E+01   0.104881E+01
   0.215406E-02   0.245378E+06   0.244949E+06   0.264184E+06   0.257872E+06   0.234959E+06   0.245237E+06   0.245305E+06   0.252291E+06  -0.591215E+00   0.244149E+06   0.244042E+06   0.858204E+02   0.106384E+01   0.104620E+01   0.104760E+01
   0.238060E-02   0.244688E+06   0.244165E+06   0.251005E+06   0.243735E+06   0.224945E+06   0.244471E+06   0.244600E+06   0.251162E+06  -0.588398E+00   0.243443E+06   0.243314E+06   0.944904E+02   0.106132E+01   0.104446E+01   0.104617E+01
   0.263097E-02   0.243857E+06   0.243219E+06   0.235685E+06   0.227429E+06   0.213290E+06   0.243549E+06   0.243749E+06   0.249820E+06  -0.585040E+00   0.242590E+06   0.242433E+06   0.103955E+03   0.105837E+01   0.104240E+01   0.104449E+01
   0.290767E-02   0.242858E+06   0.242080E+06   0.218079E+06   0.208869E+06   0.199875E+06   0.242446E+06   0.242726E+06   0.248234E+06  -0.581059E+00   0.241563E+06   0.241371E+06   0.114262E+03   0.105495E+01   0.103998E+01   0.104253E+01
   0.321348E-02   0.241661E+06   0.240713E+06   0.198135E+06   0.188092E+06   0.184642E+06   0.241128E+06   0.241501E+06   0.246373E+06  -0.576367E+00   0.240328E+06   0.240096E+06   0.125454E+03   0.105102E+01   0.103715E+01   0.104027E+01
   0.355144E-02   0.240233E+06   0.239079E+06   0.175945E+06   0.165313E+06   0.167638E+06   0.239563E+06   0.240038E+06   0.244206E+06  -0.570880E+00   0.238848E+06   0.238567E+06   0.137566E+03   0.104659E+01   0.103387E+01   0.103769E+01
   0.392495E-02   0.238537E+06   0.237132E+06   0.151810E+06   0.140986E+06   0.149054E+06   0.237715E+06   0.238300E+06   0.241707E+06  -0.564517E+00   0.237085E+06   0.236744E+06   0.150621E+03   0.104168E+01   0.103014E+01   0.103481E+01
   0.433774E-02   0.236535E+06   0.234827E+06   0.126309E+06   0.115865E+06   0.129277E+06   0.235545E+06   0.236246E+06   0.238854E+06  -0.557215E+00   0.234992E+06   0.234581E+06   0.164633E+03   0.103637E+01   0.102595E+01   0.103166E+01
   0.479394E-02   0.234186E+06   0.232110E+06   0.100355E+06   0.910210E+05   0.108925E+06   0.233016E+06   0.233835E+06   0.235637E+06  -0.548933E+00   0.232525E+06   0.232029E+06   0.179597E+03   0.103080E+01   0.102133E+01   0.102833E+01
   0.529813E-02   0.231452E+06   0.228933E+06   0.752071E+05   0.678101E+05   0.888534E+05   0.230094E+06   0.231025E+06   0.232054E+06  -0.539665E+00   0.229637E+06   0.229041E+06   0.195493E+03   0.102518E+01   0.101635E+01   0.102493E+01
   0.585534E-02   0.228297E+06   0.225244E+06   0.524107E+05   0.477219E+05   0.708817E+05   0.226752E+06   0.227780E+06   0.228122E+06  -0.529460E+00   0.226296E+06   0.225580E+06   0.212284E+03   0.101977E+01   0.101116E+01   0.102169E+01
   0.647115E-02   0.224690E+06   0.220995E+06   0.335962E+05   0.320940E+05   0.548719E+05   0.222956E+06   0.224064E+06   0.223847E+06  -0.518359E+00   0.222448E+06   0.221592E+06   0.229917E+03   0.101494E+01   0.100589E+01   0.101883E+01
   0.715172E-02   0.220609E+06   0.216146E+06   0.201236E+05   0.216992E+05   0.420605E+05   0.218689E+06   0.219854E+06   0.219244E+06  -0.506464E+00   0.218075E+06   0.217053E+06   0.248328E+03   0.101100E+01   0.100077E+01   0.101670E+01
   0.790388E-02   0.216042E+06   0.210663E+06   0.125876E+05   0.163100E+05   0.332035E+05   0.213940E+06   0.215132E+06   0.214310E+06  -0.493874E+00   0.213173E+06   0.211956E+06   0.267436E+03   0.100815E+01   0.995999E+00   0.101566E+01
   0.873513E-02   0.210987E+06   0.204520E+06   0.103316E+05   0.144844E+05   0.278692E+05   0.208700E+06   0.209893E+06   0.209013E+06  -0.480634E+00   0.207747E+06   0.206303E+06   0.287145E+03   0.100641E+01   0.991733E+00   0.101604E+01
   0.965382E-02   0.205446E+06   0.197695E+06   0.112772E+05   0.138919E+05   0.247139E+05   0.202959E+06   0.204134E+06   0.203284E+06  -0.466701E+00   0.201817E+06   0.200110E+06   0.307322E+03   0.100553E+01   0.988005E+00   0.101811E+01
   0.106691E-01   0.199425E+06   0.190168E+06   0.124580E+05   0.123521E+05   0.220708E+05   0.196706E+06   0.197858E+06   0.197041E+06  -0.451938E+00   0.195410E+06   0.193398E+06   0.327762E+03   0.100505E+01   0.984693E+00   0.102204E+01
   0.117912E-01   0.192925E+06   0.181917E+06   0.114232E+05   0.919179E+04   0.187619E+05   0.189934E+06   0.191062E+06   0.190222E+06  -0.436151E+00   0.188548E+06   0.186186E+06   0.348142E+03   0.100446E+01   0.981544E+00   0.102795E+01
   0.130313E-01   0.185945E+06   0.172921E+06   0.793147E+04   0.576152E+04   0.147395E+05   0.182634E+06   0.183741E+06   0.182829E+06  -0.419177E+00   0.181232E+06   0.178473E+06   0.367964E+03   0.100359E+01   0.978279E+00   0.103600E+01
   0.144018E-01   0.178480E+06   0.163165E+06   0.439133E+04   0.399705E+04   0.111795E+05   0.174809E+06   0.175889E+06   0.174924E+06  -0.400978E+00   0.173450E+06   0.170247E+06   0.386534E+03   0.100270E+01   0.974737E+00   0.104660E+01
   0.159165E-01   0.170531E+06   0.152653E+06   0.370019E+04   0.369367E+04   0.910017E+04   0.166467E+06   0.167505E+06   0.166567E+06  -0.381565E+00   0.165155E+06   0.161464E+06   0.402959E+03   0.100226E+01   0.970840E+00   0.106036E+01
   0.175904E-01   0.162109E+06   0.141426E+06   0.287097E+04   0.286594E+04   0.791338E+04   0.157622E+06   0.158609E+06   0.157699E+06  -0.361146E+00   0.156403E+06   0.152191E+06   0.416183E+03   0.100187E+01   0.966763E+00   0.107836E+01
   0.194404E-01   0.153244E+06   0.129573E+06   0.221195E+04   0.220809E+04   0.635469E+04   0.148302E+06   0.149238E+06   0.148362E+06  -0.339689E+00   0.147211E+06   0.142457E+06   0.424920E+03   0.100156E+01   0.962266E+00   0.110137E+01
   0.214850E-01   0.143979E+06   0.117245E+06   0.169147E+04   0.168854E+04   0.464720E+04   0.138571E+06   0.139455E+06   0.138617E+06  -0.317321E+00   0.137630E+06   0.132343E+06   0.427684E+03   0.100130E+01   0.957269E+00   0.113045E+01
   0.237446E-01   0.134383E+06   0.104675E+06   0.128349E+04   0.128128E+04   0.375495E+04   0.128533E+06   0.129355E+06   0.128567E+06  -0.294267E+00   0.127749E+06   0.121971E+06   0.422879E+03   0.100108E+01   0.951764E+00   0.116669E+01
   0.262418E-01   0.124561E+06   0.921971E+05   0.966235E+03   0.964581E+03   0.303138E+04   0.118324E+06   0.119084E+06   0.118350E+06  -0.270847E+00   0.117696E+06   0.111522E+06   0.408938E+03   0.100090E+01   0.945838E+00   0.121088E+01
   0.290017E-01   0.114658E+06   0.802538E+05   0.722007E+03   0.720778E+03   0.217223E+04   0.108137E+06   0.108836E+06   0.108156E+06  -0.247493E+00   0.107655E+06   0.101237E+06   0.384575E+03   0.100075E+01   0.939707E+00   0.126258E+01
   0.320518E-01   0.104865E+06   0.693809E+05   0.536324E+03   0.535416E+03   0.174072E+04   0.982238E+05   0.988601E+05   0.982382E+05  -0.224776E+00   0.978559E+05   0.914168E+05   0.349133E+03   0.100062E+01   0.933813E+00   0.131860E+01
   0.354227E-01   0.953859E+05   0.601281E+05   0.396954E+03   0.396283E+03   0.126045E+04   0.888416E+05   0.894192E+05   0.888523E+05  -0.203284E+00   0.885442E+05   0.823670E+05   0.303063E+03   0.100052E+01   0.928813E+00   0.137071E+01
   0.391482E-01   0.864526E+05   0.529945E+05   0.293839E+03   0.293343E+03   0.979465E+03   0.802676E+05   0.807905E+05   0.802755E+05  -0.183648E+00   0.799837E+05   0.743887E+05   0.248373E+03   0.100042E+01   0.925614E+00   0.140442E+01
   0.432654E-01   0.783504E+05   0.483330E+05   0.218656E+03   0.218287E+03   0.708885E+03   0.727951E+05   0.732705E+05   0.728010E+05  -0.166538E+00   0.724725E+05   0.677687E+05   0.188939E+03   0.100034E+01   0.925334E+00   0.140270E+01
   0.478157E-01   0.711579E+05   0.459473E+05   0.164067E+03   0.163788E+03   0.556706E+03   0.664569E+05   0.668915E+05   0.664613E+05  -0.152027E+00   0.660496E+05   0.624552E+05   0.130639E+03   0.100027E+01   0.928493E+00   0.135972E+01
   0.528445E-01   0.647848E+05   0.450347E+05   0.124018E+03   0.123805E+03   0.412548E+03   0.610426E+05   0.614425E+05   0.610459E+05  -0.139634E+00   0.605275E+05   0.580786E+05   0.805373E+02   0.100022E+01   0.934508E+00   0.128996E+01
   0.584022E-01   0.591541E+05   0.444173E+05   0.940640E+02   0.939019E+02   0.311681E+03   0.562910E+05   0.566602E+05   0.562935E+05  -0.128759E+00   0.556986E+05   0.541826E+05   0.451146E+02   0.100017E+01   0.941761E+00   0.122009E+01
   0.645444E-01   0.538347E+05   0.424564E+05   0.707299E+02   0.706076E+02   0.232953E+03   0.515706E+05   0.519092E+05   0.515725E+05  -0.117958E+00   0.509704E+05   0.499310E+05   0.279850E+02   0.100014E+01   0.946934E+00   0.117623E+01
   0.713326E-01   0.484487E+05   0.380429E+05   0.520323E+02   0.519426E+02   0.155580E+03   0.463828E+05   0.466877E+05   0.463842E+05  -0.106089E+00   0.458660E+05   0.447462E+05   0.272811E+02   0.100011E+01   0.946809E+00   0.117635E+01
   0.788347E-01   0.429245E+05   0.314909E+05   0.372302E+02   0.371666E+02   0.118048E+03   0.407218E+05   0.409896E+05   0.407228E+05  -0.931393E-01   0.403565E+05   0.387678E+05   0.350211E+02   0.100010E+01   0.940274E+00   0.123122E+01
   0.871258E-01   0.375748E+05   0.247901E+05   0.261767E+02   0.261324E+02   0.945114E+02   0.351798E+05   0.354112E+05   0.351805E+05  -0.804626E-01   0.349628E+05   0.329537E+05   0.400754E+02   0.100008E+01   0.930572E+00   0.132944E+01
   0.962889E-01   0.328810E+05   0.204821E+05   0.185943E+02   0.185629E+02   0.690029E+02   0.305815E+05   0.307827E+05   0.305820E+05  -0.699444E-01   0.304211E+05   0.284899E+05   0.348557E+02   0.100007E+01   0.925258E+00   0.139108E+01
   0.106416E+00   0.292286E+05   0.195574E+05   0.137153E+02   0.136920E+02   0.471509E+02   0.274114E+05   0.275919E+05   0.274118E+05  -0.626931E-01   0.272032E+05   0.258902E+05   0.214419E+02   0.100005E+01   0.930762E+00   0.132389E+01
   0.117608E+00   0.262956E+05   0.197713E+05   0.103207E+02   0.103029E+02   0.377911E+02   0.250266E+05   0.251914E+05   0.250269E+05  -0.572381E-01   0.247589E+05   0.240720E+05   0.101506E+02   0.100004E+01   0.941607E+00   0.121758E+01
   0.129976E+00   0.232861E+05   0.177356E+05   0.749597E+01   0.748308E+01   0.264852E+02   0.222005E+05   0.223468E+05   0.222007E+05  -0.507741E-01   0.219628E+05   0.213361E+05   0.837912E+01   0.100003E+01   0.943210E+00   0.120306E+01
   0.143646E+00   0.200789E+05   0.136987E+05   0.518266E+01   0.517386E+01   0.200083E+02   0.188749E+05   0.189992E+05   0.188750E+05  -0.431679E-01   0.187327E+05   0.178039E+05   0.112368E+02   0.100003E+01   0.932983E+00   0.129972E+01
   0.158754E+00   0.173861E+05   0.113914E+05   0.365138E+01   0.364519E+01   0.127619E+02   0.162644E+05   0.163716E+05   0.162645E+05  -0.371975E-01   0.161524E+05   0.152877E+05   0.946526E+01   0.100002E+01   0.929065E+00   0.134208E+01
   0.175450E+00   0.154370E+05   0.112836E+05   0.270810E+01   0.270346E+01   0.974256E+01   0.146376E+05   0.147341E+05   0.146377E+05  -0.334768E-01   0.144922E+05   0.140062E+05   0.481408E+01   0.100002E+01   0.938819E+00   0.124131E+01
   0.193902E+00   0.134777E+05   0.980383E+04   0.193277E+01   0.192947E+01   0.691792E+01   0.127718E+05   0.128560E+05   0.127718E+05  -0.292094E-01   0.126506E+05   0.121843E+05   0.417911E+01   0.100002E+01   0.938646E+00   0.124283E+01
   0.214295E+00   0.115382E+05   0.777024E+04   0.133629E+01   0.133403E+01   0.476681E+01   0.108291E+05   0.109005E+05   0.108292E+05  -0.247664E-01   0.107469E+05   0.102157E+05   0.430793E+01   0.100001E+01   0.931439E+00   0.131474E+01
   0.236833E+00   0.101164E+05   0.730267E+04   0.971629E+00   0.969967E+00   0.348621E+01   0.957710E+04   0.964024E+04   0.957713E+04  -0.219030E-01   0.948571E+04   0.914025E+04   0.253504E+01   0.100001E+01   0.937667E+00   0.125165E+01
   0.261740E+00   0.872727E+04   0.613351E+04   0.682674E+00   0.681510E+00   0.235528E+01   0.823404E+04   0.828833E+04   0.823405E+04  -0.188313E-01   0.816265E+04   0.781606E+04   0.230125E+01   0.100001E+01   0.935313E+00   0.127433E+01
   0.289268E+00   0.752797E+04   0.529839E+04   0.482405E+00   0.481582E+00   0.164206E+01   0.710381E+04   0.715065E+04   0.710383E+04  -0.162465E-01   0.704087E+04   0.675165E+04   0.173759E+01   0.100001E+01   0.935303E+00   0.127430E+01
   0.319690E+00   0.650289E+04   0.460026E+04   0.341435E+00   0.340852E+00   0.123033E+01   0.614042E+04   0.618090E+04   0.614042E+04  -0.140432E-01   0.608570E+04   0.583673E+04   0.135343E+01   0.100001E+01   0.935852E+00   0.126879E+01
   0.353313E+00   0.559106E+04   0.395189E+04   0.240346E+00   0.239936E+00   0.834479E+00   0.527885E+04   0.531366E+04   0.527886E+04  -0.120727E-01   0.523156E+04   0.501954E+04   0.104289E+01   0.100000E+01   0.935705E+00   0.127017E+01
   0.390471E+00   0.480156E+04   0.337838E+04   0.168842E+00   0.168554E+00   0.623349E+00   0.453084E+04   0.456071E+04   0.453084E+04  -0.103620E-01   0.449091E+04   0.430409E+04   0.831480E+00   0.100000E+01   0.935307E+00   0.127402E+01
   0.431537E+00   0.412290E+04   0.291950E+04   0.118841E+00   0.118638E+00   0.417788E+00   0.389357E+04   0.391924E+04   0.389357E+04  -0.890458E-02   0.385853E+04   0.370273E+04   0.627448E+00   0.100000E+01   0.935882E+00   0.126828E+01
   0.476922E+00   0.352930E+04   0.249294E+04   0.832548E-01   0.831127E-01   0.336286E+00   0.333194E+04   0.335391E+04   0.333194E+04  -0.762014E-02   0.330213E+04   0.316757E+04   0.490331E+00   0.100000E+01   0.935637E+00   0.127062E+01
   0.527080E+00   0.301819E+04   0.213049E+04   0.582853E-01   0.581859E-01   0.219104E+00   0.284918E+04   0.286797E+04   0.284918E+04  -0.651606E-02   0.282373E+04   0.270829E+04   0.380632E+00   0.100000E+01   0.935572E+00   0.127121E+01
   0.582514E+00   0.257792E+04   0.182045E+04   0.407624E-01   0.406929E-01   0.161893E+00   0.243368E+04   0.244973E+04   0.243368E+04  -0.556582E-02   0.241191E+04   0.231349E+04   0.293625E+00   0.100000E+01   0.935605E+00   0.127083E+01
   0.643778E+00   0.219891E+04   0.155319E+04   0.284684E-01   0.284199E-01   0.999996E-01   0.207594E+04   0.208963E+04   0.207594E+04  -0.474767E-02   0.205734E+04   0.197351E+04   0.226316E+00   0.100000E+01   0.935622E+00   0.127062E+01
   0.711484E+00   0.187326E+04   0.132334E+04   0.198568E-01   0.198230E-01   0.734726E-01   0.176853E+04   0.178019E+04   0.176853E+04  -0.404462E-02   0.175267E+04   0.168131E+04   0.174300E+00   0.100000E+01   0.935629E+00   0.127051E+01
   0.786312E+00   0.159391E+04   0.112608E+04   0.138334E-01   0.138097E-01   0.554118E-01   0.150481E+04   0.151474E+04   0.150481E+04  -0.344149E-02   0.149131E+04   0.143062E+04   0.134121E+00   0.100000E+01   0.935631E+00   0.127045E+01
   0.869009E+00   0.135466E+04   0.957098E+03   0.962594E-02   0.960951E-02   0.353671E-01   0.127894E+04   0.128738E+04   0.127894E+04  -0.292494E-02   0.126746E+04   0.121591E+04   0.103099E+00   0.100000E+01   0.935632E+00   0.127041E+01
   0.960403E+00   0.115009E+04   0.812600E+03   0.669104E-02   0.667962E-02   0.261148E-01   0.108582E+04   0.109298E+04   0.108582E+04  -0.248325E-02   0.107606E+04   0.103231E+04   0.791713E-01   0.100000E+01   0.935632E+00   0.127038E+01
   0.106141E+01   0.975393E+03   0.689192E+03   0.464610E-02   0.463817E-02   0.183485E-01   0.920886E+03   0.926959E+03   0.920886E+03  -0.210606E-02   0.912609E+03   0.875515E+03   0.607349E-01   0.100000E+01   0.935632E+00   0.127035E+01
   0.117304E+01   0.826423E+03   0.583954E+03   0.322298E-02   0.321748E-02   0.130125E-01   0.780244E+03   0.785390E+03   0.780244E+03  -0.178441E-02   0.773228E+03   0.741809E+03   0.465480E-01   0.100000E+01   0.935632E+00   0.127032E+01
   0.129641E+01   0.699539E+03   0.494312E+03   0.223364E-02   0.222983E-02   0.829614E-02   0.660452E+03   0.664808E+03   0.660452E+03  -0.151045E-02   0.654511E+03   0.627923E+03   0.356420E-01   0.100000E+01   0.935632E+00   0.127030E+01
   0.143275E+01   0.591604E+03   0.418054E+03   0.154660E-02   0.154396E-02   0.685102E-02   0.558550E+03   0.562234E+03   0.558550E+03  -0.127740E-02   0.553523E+03   0.531043E+03   0.272675E-01   0.100000E+01   0.935632E+00   0.127027E+01
   0.158344E+01   0.499890E+03   0.353254E+03   0.106996E-02   0.106813E-02   0.475725E-02   0.471962E+03   0.475074E+03   0.471962E+03  -0.107937E-02   0.467713E+03   0.448722E+03   0.208432E-01   0.100000E+01   0.935632E+00   0.127025E+01
   0.174997E+01   0.422045E+03   0.298251E+03   0.739600E-03   0.738338E-03   0.274537E-02   0.398467E+03   0.401095E+03   0.398467E+03  -0.911290E-03   0.394878E+03   0.378848E+03   0.159197E-01   0.100000E+01   0.935632E+00   0.127023E+01
   0.193401E+01   0.356043E+03   0.251614E+03   0.510841E-03   0.509969E-03   0.202311E-02   0.336153E+03   0.338370E+03   0.336153E+03  -0.768779E-03   0.333125E+03   0.319604E+03   0.121500E-01   0.100000E+01   0.935632E+00   0.127021E+01
   0.213742E+01   0.300135E+03   0.212109E+03   0.352569E-03   0.351968E-03   0.135394E-02   0.283369E+03   0.285238E+03   0.283369E+03  -0.648063E-03   0.280816E+03   0.269419E+03   0.926612E-02   0.100000E+01   0.935632E+00   0.127020E+01
   0.236221E+01   0.252823E+03   0.178676E+03   0.243158E-03   0.242743E-03   0.105266E-02   0.238701E+03   0.240275E+03   0.238701E+03  -0.545907E-03   0.236549E+03   0.226951E+03   0.706183E-02   0.100000E+01   0.935632E+00   0.127018E+01
   0.261065E+01   0.212821E+03   0.150408E+03   0.167584E-03   0.167298E-03   0.632325E-03   0.200934E+03   0.202259E+03   0.200934E+03  -0.459534E-03   0.199122E+03   0.191043E+03   0.537832E-02   0.100000E+01   0.935632E+00   0.127016E+01
   0.288521E+01   0.179029E+03   0.126528E+03   0.115421E-03   0.115224E-03   0.554623E-03   0.169030E+03   0.170145E+03   0.169030E+03  -0.386570E-03   0.167506E+03   0.160709E+03   0.409355E-02   0.100000E+01   0.935632E+00   0.127015E+01
   0.318865E+01   0.150507E+03   0.106372E+03   0.794438E-04   0.793083E-04   0.321421E-03   0.142101E+03   0.143038E+03   0.142101E+03  -0.324983E-03   0.140819E+03   0.135106E+03   0.311380E-02   0.100000E+01   0.935632E+00   0.127013E+01
   0.352400E+01   0.126451E+03   0.893711E+02   0.546475E-04   0.545542E-04   0.239726E-03   0.119389E+03   0.120176E+03   0.119389E+03  -0.273041E-03   0.118312E+03   0.113512E+03   0.236718E-02   0.100000E+01   0.935631E+00   0.127012E+01
   0.389463E+01   0.106178E+03   0.750431E+02   0.375684E-04   0.375043E-04   0.165233E-03   0.100248E+03   0.100909E+03   0.100248E+03  -0.229265E-03   0.993431E+02   0.953124E+02   0.179860E-02   0.100000E+01   0.935631E+00   0.127010E+01
   0.430423E+01   0.891042E+02   0.629766E+02   0.258125E-04   0.257685E-04   0.126224E-03   0.841278E+02   0.846826E+02   0.841278E+02  -0.192400E-03   0.833687E+02   0.799857E+02   0.136589E-02   0.100000E+01   0.935631E+00   0.127009E+01
   0.475691E+01   0.747355E+02   0.528214E+02   0.177256E-04   0.176954E-04   0.882386E-04   0.705616E+02   0.710270E+02   0.705616E+02  -0.161374E-03   0.699248E+02   0.670869E+02   0.103678E-02   0.100000E+01   0.935630E+00   0.127007E+01
   0.525720E+01   0.626511E+02   0.442804E+02   0.121659E-04   0.121452E-04   0.545299E-04   0.591521E+02   0.595422E+02   0.591521E+02  -0.135280E-03   0.586182E+02   0.562386E+02   0.786610E-03   0.100000E+01   0.935630E+00   0.127006E+01
   0.581010E+01   0.524943E+02   0.371018E+02   0.834584E-05   0.833160E-05   0.387669E-04   0.495625E+02   0.498894E+02   0.495625E+02  -0.113349E-03   0.491152E+02   0.471208E+02   0.596556E-03   0.100000E+01   0.935629E+00   0.127004E+01
   0.642115E+01   0.439628E+02   0.310718E+02   0.572248E-05   0.571272E-05   0.180152E-04   0.415075E+02   0.417812E+02   0.415075E+02  -0.949273E-04   0.411328E+02   0.394619E+02   0.452247E-03   0.100000E+01   0.935628E+00   0.127002E+01
   0.709647E+01   0.368007E+02   0.260095E+02   0.392189E-05   0.391520E-05   0.127060E-04   0.347453E+02   0.349745E+02   0.347453E+02  -0.794622E-04   0.344317E+02   0.330322E+02   0.342729E-03   0.100000E+01   0.935627E+00   0.127000E+01
   0.784282E+01   0.307915E+02   0.217621E+02   0.268664E-05   0.268206E-05   0.736357E-05   0.290717E+02   0.292634E+02   0.290717E+02  -0.664867E-04   0.288093E+02   0.276375E+02   0.259653E-03   0.100000E+01   0.935626E+00   0.126998E+01
   0.866765E+01   0.257524E+02   0.182004E+02   0.183965E-05   0.183652E-05   0.995425E-05   0.243140E+02   0.244743E+02   0.243140E+02  -0.556059E-04   0.240946E+02   0.231137E+02   0.196664E-03   0.100000E+01   0.935624E+00   0.126996E+01
   0.957924E+01   0.215290E+02   0.152151E+02   0.125916E-05   0.125701E-05   0.450619E-05   0.203264E+02   0.204605E+02   0.203264E+02  -0.464863E-04   0.201430E+02   0.193221E+02   0.148925E-03   0.100000E+01   0.935623E+00   0.126993E+01
   0.105867E+02   0.179909E+02   0.127142E+02   0.861485E-06   0.860015E-06   0.913616E-06   0.169859E+02   0.170979E+02   0.169859E+02  -0.388466E-04   0.168327E+02   0.161458E+02   0.112759E-03   0.100000E+01   0.935620E+00   0.126990E+01
   0.117001E+02   0.150285E+02   0.106201E+02   0.589176E-06   0.588171E-06   0.284488E-05   0.141889E+02   0.142824E+02   0.141889E+02  -0.324498E-04   0.140609E+02   0.134862E+02   0.853689E-04   0.100000E+01   0.935618E+00   0.126987E+01
   0.129306E+02   0.125491E+02   0.886752E+01   0.402788E-06   0.402101E-06   0.401017E-06   0.118479E+02   0.119261E+02   0.118479E+02  -0.270961E-04   0.117411E+02   0.112602E+02   0.646327E-04   0.100000E+01   0.935614E+00   0.126983E+01
   0.142905E+02   0.104750E+02   0.740134E+01   0.275264E-06   0.274795E-06   0.215487E-05   0.988959E+01   0.995481E+01   0.988959E+01  -0.226174E-04   0.980048E+01   0.939806E+01   0.489384E-04   0.100000E+01   0.935610E+00   0.126978E+01
   0.157935E+02   0.874057E+01   0.617530E+01   0.188047E-06   0.187727E-06   0.514730E-06   0.825202E+01   0.830645E+01   0.825202E+01  -0.188723E-04   0.817772E+01   0.784090E+01   0.370629E-04   0.100000E+01   0.935605E+00   0.126972E+01
   0.174545E+02   0.729087E+01   0.515048E+01   0.128421E-06   0.128202E-06   0.699169E-06   0.688325E+01   0.692865E+01   0.688325E+01  -0.157419E-04   0.682133E+01   0.653932E+01   0.280788E-04   0.100000E+01   0.935599E+00   0.126965E+01
   0.192902E+02   0.607961E+01   0.429421E+01   0.876709E-07   0.875214E-07   0.606190E-06   0.573961E+01   0.577747E+01   0.573961E+01  -0.131264E-04   0.568804E+01   0.545180E+01   0.212831E-04   0.100000E+01   0.935592E+00   0.126957E+01
   0.213190E+02   0.506797E+01   0.357903E+01   0.598321E-07   0.597301E-07   0.976740E-07   0.478445E+01   0.481600E+01   0.478445E+01  -0.109420E-04   0.474151E+01   0.454348E+01   0.161431E-04   0.100000E+01   0.935583E+00   0.126947E+01
   0.235611E+02   0.422336E+01   0.298192E+01   0.408200E-07   0.407505E-07   0.203463E-06   0.398698E+01   0.401327E+01   0.398698E+01  -0.911819E-05   0.395126E+01   0.378511E+01   0.122555E-04   0.100000E+01   0.935571E+00   0.126935E+01
   0.260391E+02   0.351846E+01   0.248357E+01   0.278405E-07   0.277931E-07   0.228622E-06   0.332142E+01   0.334333E+01   0.332142E+01  -0.759606E-05   0.329173E+01   0.315216E+01   0.931486E-05   0.100000E+01   0.935558E+00   0.126921E+01
   0.287776E+02   0.293036E+01   0.206777E+01   0.189822E-07   0.189499E-07   0.111022E-06   0.276614E+01   0.278439E+01   0.276614E+01  -0.632614E-05   0.274148E+01   0.262407E+01   0.709010E-05   0.100000E+01   0.935541E+00   0.126903E+01
   0.318042E+02   0.243987E+01   0.172098E+01   0.129386E-07   0.129165E-07   0.126553E-06   0.230302E+01   0.231821E+01   0.230302E+01  -0.526700E-05   0.228255E+01   0.218361E+01   0.540645E-05   0.100000E+01   0.935521E+00   0.126882E+01
   0.351491E+02   0.203093E+01   0.143183E+01   0.881647E-08   0.880148E-08   0.889587E-08   0.191690E+01   0.192954E+01   0.191690E+01  -0.438393E-05   0.189992E+01   0.181636E+01   0.413172E-05   0.100000E+01   0.935496E+00   0.126856E+01
   0.388457E+02   0.169007E+01   0.119081E+01   0.600586E-08   0.599565E-08   0.635791E-07   0.159506E+01   0.160558E+01   0.159506E+01  -0.364789E-05   0.158101E+01   0.151024E+01   0.316599E-05   0.100000E+01   0.935466E+00   0.126825E+01
   0.429312E+02   0.140606E+01   0.989973E+00   0.409003E-08   0.408308E-08   0.314125E-07   0.132690E+01   0.133565E+01   0.132690E+01  -0.303460E-05   0.131527E+01   0.125515E+01   0.243376E-05   0.100000E+01   0.935429E+00   0.126786E+01
   0.474463E+02   0.116948E+01   0.822666E+00   0.278451E-08   0.277978E-08   0.394982E-07   0.110351E+01   0.111079E+01   0.110351E+01  -0.252372E-05   0.109392E+01   0.104264E+01   0.187798E-05   0.100000E+01   0.935384E+00   0.126740E+01
   0.524362E+02   0.972470E+00   0.683330E+00   0.189513E-08   0.189192E-08   0.159414E-07   0.917488E+00   0.923539E+00   0.917488E+00  -0.209829E-05   0.909580E+00   0.865662E+00   0.145556E-05   0.100000E+01   0.935329E+00   0.126683E+01
   0.579510E+02   0.808452E+00   0.567319E+00   0.128943E-08   0.128725E-08   0.981354E-08   0.762615E+00   0.767645E+00   0.762615E+00  -0.174409E-05   0.756115E+00   0.718303E+00   0.113394E-05   0.100000E+01   0.935262E+00   0.126614E+01
   0.640458E+02   0.671939E+00   0.470752E+00   0.877033E-09   0.875552E-09   0.640114E-08   0.633713E+00   0.637892E+00   0.633713E+00  -0.144930E-05   0.628385E+00   0.595639E+00   0.888564E-06   0.100000E+01   0.935181E+00   0.126529E+01
   0.707815E+02   0.558349E+00   0.390390E+00   0.596336E-09   0.595331E-09  -0.249562E-08   0.526453E+00   0.529925E+00   0.526453E+00  -0.120399E-05   0.522101E+00   0.493556E+00   0.700871E-06   0.100000E+01   0.935081E+00   0.126426E+01
   0.782257E+02   0.463855E+00   0.323530E+00   0.405336E-09   0.404655E-09   0.733324E-08   0.437224E+00   0.440108E+00   0.437224E+00  -0.999928E-06   0.433686E+00   0.408621E+00   0.556852E-06   0.100000E+01   0.934960E+00   0.126301E+01
   0.864528E+02   0.385267E+00   0.267915E+00   0.275408E-09   0.274947E-09   0.841907E-09   0.363014E+00   0.365408E+00   0.363014E+00  -0.830209E-06   0.360152E+00   0.337969E+00   0.445930E-06   0.100000E+01   0.934812E+00   0.126148E+01
   0.955451E+02   0.319923E+00   0.221665E+00   0.187053E-09   0.186741E-09   0.373578E-08   0.301308E+00   0.303295E+00   0.301308E+00  -0.689088E-06   0.299010E+00   0.279212E+00   0.360117E-06   0.100000E+01   0.934631E+00   0.125961E+01
   0.105594E+03   0.265604E+00   0.183211E+00   0.126987E-09   0.126777E-09   0.495158E-09   0.250011E+00   0.251660E+00   0.250011E+00  -0.571773E-06   0.248183E+00   0.230357E+00   0.293378E-06   0.100000E+01   0.934412E+00   0.125734E+01
   0.116699E+03   0.220458E+00   0.151245E+00   0.861681E-10   0.860259E-10  -0.169743E-10   0.207378E+00   0.208745E+00   0.207378E+00  -0.474271E-06   0.205940E+00   0.189746E+00   0.241154E-06   0.100000E+01   0.934145E+00   0.125457E+01
   0.128972E+03   0.182946E+00   0.124678E+00   0.584382E-10   0.583425E-10  -0.312809E-09   0.171951E+00   0.173086E+00   0.171951E+00  -0.393251E-06   0.170839E+00   0.155997E+00   0.199999E-06   0.100000E+01   0.933821E+00   0.125119E+01
   0.142536E+03   0.151783E+00   0.102605E+00   0.396079E-10   0.395437E-10   0.153332E-08   0.142521E+00   0.143461E+00   0.142521E+00  -0.325944E-06   0.141679E+00   0.127957E+00   0.167303E-06   0.100000E+01   0.933427E+00   0.124709E+01
   0.157527E+03   0.125900E+00   0.842684E-01   0.268267E-10   0.267836E-10   0.267518E-09   0.118076E+00   0.118855E+00   0.118076E+00  -0.270039E-06   0.117459E+00   0.104669E+00   0.141092E-06   0.100000E+01   0.932950E+00   0.124210E+01
   0.174094E+03   0.104407E+00   0.690418E-01   0.181554E-10   0.181267E-10   0.135328E-09   0.977769E-01   0.984218E-01   0.977769E-01  -0.223615E-06   0.973458E-01   0.853378E-01   0.119868E-06   0.100000E+01   0.932372E+00   0.123603E+01
   0.192404E+03   0.865617E-01   0.564021E-01   0.122759E-10   0.122568E-10   0.719120E-10   0.809241E-01   0.814578E-01   0.809241E-01  -0.185073E-06   0.806474E-01   0.693000E-01   0.102495E-06   0.100000E+01   0.931675E+00   0.122868E+01
   0.212639E+03   0.717490E-01   0.459152E-01   0.829172E-11   0.827908E-11   0.242258E-09   0.669357E-01   0.673771E-01   0.669357E-01  -0.153081E-06   0.667865E-01   0.560060E-01   0.881074E-07   0.100000E+01   0.930835E+00   0.121977E+01
   0.235003E+03   0.594555E-01   0.372204E-01   0.559390E-11   0.558559E-11   0.907219E-10   0.553278E-01   0.556927E-01   0.553278E-01  -0.126534E-06   0.552833E-01   0.449999E-01   0.760475E-07   0.100000E+01   0.929826E+00   0.120901E+01
   0.259718E+03   0.492548E-01   0.300184E-01   0.376867E-11   0.376324E-11   0.790737E-10   0.456981E-01   0.459995E-01   0.456981E-01  -0.104511E-06   0.457391E-01   0.359036E-01   0.658129E-07   0.100000E+01   0.928620E+00   0.119605E+01
   0.287033E+03   0.407923E-01   0.240610E-01   0.253502E-11   0.253150E-11   0.101760E-09   0.377121E-01   0.379609E-01   0.377121E-01  -0.862473E-07   0.378220E-01   0.284044E-01   0.570201E-07   0.100000E+01   0.927185E+00   0.118051E+01
   0.317221E+03   0.337731E-01   0.191428E-01   0.170219E-11   0.169993E-11   0.144834E-10   0.310922E-01   0.312972E-01   0.310922E-01  -0.711075E-07   0.312565E-01   0.222437E-01   0.493764E-07   0.100000E+01   0.925486E+00   0.116199E+01
   0.350583E+03   0.279523E-01   0.150938E-01   0.114073E-11   0.113930E-11   0.358925E-10   0.256074E-01   0.257763E-01   0.256074E-01  -0.585639E-07   0.258137E-01   0.172081E-01   0.426589E-07   0.100000E+01   0.923489E+00   0.114008E+01
   0.387454E+03   0.231265E-01   0.117735E-01   0.762840E-12   0.761949E-12   0.159433E-10   0.210663E-01   0.212052E-01   0.210663E-01  -0.481783E-07   0.213032E-01   0.131212E-01   0.366994E-07   0.100000E+01   0.921164E+00   0.111447E+01
   0.428203E+03   0.191264E-01   0.906598E-02   0.508994E-12   0.508447E-12   0.161166E-10   0.173097E-01   0.174239E-01   0.173097E-01  -0.395871E-07   0.175673E-01   0.983723E-02   0.313728E-07   0.100000E+01   0.918484E+00   0.108507E+01
   0.473238E+03   0.158118E-01   0.687522E-02   0.338859E-12   0.338529E-12   0.341169E-12   0.142058E-01   0.142995E-01   0.142058E-01  -0.324885E-07   0.144748E-01   0.723447E-02   0.265886E-07   0.100000E+01   0.915439E+00   0.105225E+01
   0.523009E+03   0.130662E-01   0.512158E-02   0.225123E-12   0.224929E-12   0.131072E-10   0.116449E-01   0.117217E-01   0.116449E-01  -0.266318E-07   0.119168E-01   0.521015E-02   0.222852E-07   0.100000E+01   0.912035E+00   0.101729E+01
   0.578014E+03   0.107927E-01   0.373827E-02   0.149310E-12   0.149197E-12  -0.349936E-11   0.953599E-02   0.959888E-02   0.953599E-02  -0.218087E-07   0.980311E-02   0.367528E-02   0.184242E-07   0.100000E+01   0.908309E+00   0.983148E+00
   0.638804E+03   0.891113E-02   0.266834E-02   0.989285E-13   0.988648E-13   0.566101E-11   0.780320E-02   0.785466E-02   0.780320E-02  -0.178458E-07   0.805865E-02   0.255006E-02   0.149862E-07   0.100000E+01   0.904334E+00   0.955675E+00
   0.705988E+03   0.735479E-02   0.186192E-02   0.655482E-13   0.655122E-13  -0.149126E-12   0.638313E-02   0.642523E-02   0.638313E-02  -0.145982E-07   0.662101E-02   0.176000E-02   0.119660E-07   0.100000E+01   0.900231E+00   0.945264E+00
