   9.9999997E-05  0.1002557    
   1.0273507E-04  0.1028853    
   1.0554496E-04  0.1055839    
   1.0843170E-04  0.1083531    
   1.1139738E-04  0.1111949    
   1.1444419E-04  0.1141111    
   1.1757432E-04  0.1171037    
   1.2079007E-04  0.1201747    
   1.2409377E-04  0.1233260    
   1.2748783E-04  0.1265599    
   1.3097473E-04  0.1298785    
   1.3455699E-04  0.1332839    
   1.3823723E-04  0.1367785    
   1.4201812E-04  0.1403645    
   1.4590242E-04  0.1440443    
   1.4989296E-04  0.1478204    
   1.5399266E-04  0.1516953    
   1.5820446E-04  0.1556715    
   1.6253149E-04  0.1597517    
   1.6697684E-04  0.1639385    
   1.7154378E-04  0.1682347    
   1.7623564E-04  0.1726433    
   1.8105583E-04  0.1771670    
   1.8600783E-04  0.1818088    
   1.9109530E-04  0.1865719    
   1.9632190E-04  0.1914592    
   2.0169145E-04  0.1964742    
   2.0720788E-04  0.2016200    
   2.1287517E-04  0.2069000    
   2.1869746E-04  0.2123177    
   2.2467901E-04  0.2178766    
   2.3082415E-04  0.2235802    
   2.3713737E-04  0.2294325    
   2.4362326E-04  0.2354372    
   2.5028654E-04  0.2415981    
   2.5713208E-04  0.2479193    
   2.6416485E-04  0.2544048    
   2.7138993E-04  0.2610588    
   2.7881266E-04  0.2678857    
   2.8643842E-04  0.2748899    
   2.9427273E-04  0.2820758    
   3.0232131E-04  0.2894480    
   3.1059003E-04  0.2970113    
   3.1908491E-04  0.3047705    
   3.2781213E-04  0.3127305    
   3.3677803E-04  0.3208963    
   3.4598916E-04  0.3292731    
   3.5545224E-04  0.3378664    
   3.6517411E-04  0.3466813    
   3.7516191E-04  0.3557234    
   3.8542290E-04  0.3649984    
   3.9596451E-04  0.3745122    
   4.0679442E-04  0.3842703    
   4.1792059E-04  0.3942792    
   4.2935103E-04  0.4045446    
   4.4109410E-04  0.4150733    
   4.5315837E-04  0.4258712    
   4.6555258E-04  0.4369451    
   4.7828580E-04  0.4483015    
   4.9136730E-04  0.4599474    
   5.0480658E-04  0.4718898    
   5.1861344E-04  0.4841355    
   5.3279789E-04  0.4966921    
   5.4737035E-04  0.5095667    
   5.6234130E-04  0.5227665    
   5.7772180E-04  0.5362996    
   5.9352291E-04  0.5501735    
   6.0975621E-04  0.5643961    
   6.2643352E-04  0.5789756    
   6.4356695E-04  0.5939197    
   6.6116900E-04  0.6092373    
   6.7925249E-04  0.6249361    
   6.9783058E-04  0.6410252    
   7.1691681E-04  0.6575128    
   7.3652499E-04  0.6744078    
   7.5666956E-04  0.6917195    
   7.7736506E-04  0.7094563    
   7.9862657E-04  0.7276272    
   8.2046964E-04  0.7462416    
   8.4291009E-04  0.7653089    
   8.6596434E-04  0.7848380    
   8.8964909E-04  0.8048386    
   9.1398170E-04  0.8253204    
   9.3897979E-04  0.8462927    
   9.6466159E-04  0.8677649    
   9.9104585E-04  0.8897469    
   1.0181518E-03  0.9122485    
   1.0459990E-03  0.9352789    
   1.0746078E-03  0.9588481    
   1.1039992E-03  0.9829658    
   1.1341944E-03   1.007641    
   1.1652155E-03   1.032885    
   1.1970850E-03   1.058705    
   1.2298262E-03   1.085112    
   1.2634629E-03   1.112115    
   1.2980195E-03   1.139724    
   1.3335214E-03   1.167946    
   1.3699943E-03   1.196792    
   1.4074646E-03   1.226271    
   1.4459599E-03   1.256390    
   1.4855081E-03   1.287158    
   1.5261378E-03   1.318583    
   1.5678789E-03   1.350674    
   1.6107615E-03   1.383437    
   1.6548171E-03   1.416880    
   1.7000777E-03   1.451010    
   1.7465760E-03   1.485832    
   1.7943463E-03   1.521353    
   1.8434230E-03   1.557579    
   1.8938420E-03   1.594513    
   1.9456401E-03   1.632162    
   1.9988548E-03   1.670529    
   2.0535251E-03   1.709616    
   2.1096906E-03   1.749426    
   2.1673921E-03   1.789962    
   2.2266719E-03   1.831224    
   2.2875732E-03   1.873213    
   2.3501401E-03   1.915927    
   2.4144182E-03   1.959366    
   2.4804545E-03   2.003528    
   2.5482967E-03   2.048408    
   2.6179946E-03   2.094003    
   2.6895988E-03   2.140308    
   2.7631614E-03   2.187315    
   2.8387359E-03   2.235016    
   2.9163775E-03   2.283404    
   2.9961427E-03   2.332468    
   3.0780896E-03   2.382195    
   3.1622776E-03   2.432575    
   3.2487684E-03   2.483591    
   3.3376247E-03   2.535230    
   3.4289113E-03   2.587472    
   3.5226946E-03   2.640300    
   3.6190432E-03   2.693693    
   3.7180267E-03   2.747629    
   3.8197176E-03   2.802083    
   3.9241896E-03   2.857034    
   4.0315194E-03   2.912450    
   4.1417847E-03   2.968303    
   4.2550657E-03   3.024562    
   4.3714447E-03   3.081195    
   4.4910070E-03   3.138167    
   4.6138396E-03   3.195441    
   4.7400319E-03   3.252978    
   4.8696753E-03   3.310737    
   5.0028646E-03   3.368675    
   5.1396969E-03   3.426747    
   5.2802716E-03   3.484905    
   5.4246909E-03   3.543099    
   5.5730604E-03   3.601280    
   5.7254881E-03   3.659390    
   5.8820844E-03   3.717375    
   6.0429638E-03   3.775176    
   6.2082438E-03   3.832730    
   6.3780439E-03   3.889974    
   6.5524881E-03   3.946846    
   6.7317039E-03   4.003273    
   6.9158212E-03   4.059183    
   7.1049742E-03   4.114507    
   7.2993007E-03   4.169166    
   7.4989423E-03   4.223082    
   7.7040438E-03   4.276173    
   7.9147555E-03   4.328357    
   8.1312303E-03   4.379547    
   8.3536254E-03   4.429653    
   8.5821040E-03   4.478583    
   8.8168308E-03   4.526242    
   9.0579782E-03   4.572533    
   9.3057202E-03   4.617357    
   9.5602386E-03   4.660610    
   9.8217186E-03   4.702184    
   1.0090350E-02   4.741974    
   1.0366329E-02   4.779866    
   1.0649856E-02   4.815748    
   1.0941138E-02   4.849503    
   1.1240386E-02   4.881009    
   1.1547820E-02   4.910149    
   1.1863662E-02   4.936793    
   1.2188142E-02   4.960818    
   1.2521497E-02   4.982098    
   1.2863969E-02   5.000500    
   1.3215809E-02   5.015898    
   1.3577271E-02   5.028156    
   1.3948620E-02   5.037147    
   1.4330125E-02   5.042739    
   1.4722066E-02   5.044805    
   1.5124725E-02   5.043221    
   1.5538398E-02   5.037861    
   1.5963385E-02   5.028615    
   1.6399996E-02   5.015371    
   1.6848549E-02   4.998029    
   1.7309370E-02   4.976496    
   1.7782794E-02   4.950701    
   1.8269166E-02   4.920580    
   1.8768843E-02   4.886086    
   1.9282185E-02   4.847194    
   1.9809568E-02   4.803903    
   2.0351375E-02   4.756234    
   2.0908000E-02   4.704236    
   2.1479851E-02   4.647985    
   2.2067340E-02   4.587591    
   2.2670899E-02   4.523196    
   2.3290966E-02   4.454973    
   2.3927992E-02   4.383129    
   2.4582440E-02   4.307909    
   2.5254790E-02   4.229587    
   2.5945527E-02   4.148462    
   2.6655158E-02   4.064870    
   2.7384195E-02   3.979163    
   2.8133174E-02   3.891720    
   2.8902639E-02   3.802928    
   2.9693149E-02   3.713187    
   3.0505279E-02   3.622904    
   3.1339623E-02   3.532479    
   3.2196786E-02   3.442309    
   3.3077393E-02   3.352779    
   3.3982083E-02   3.264256    
   3.4911521E-02   3.177088    
   3.5866376E-02   3.091599    
   3.6847349E-02   3.008085    
   3.7855152E-02   2.926820    
   3.8890518E-02   2.848043    
   3.9954204E-02   2.771970    
   4.1046984E-02   2.698777    
   4.2169649E-02   2.628618    
   4.3323021E-02   2.561608    
   4.4507939E-02   2.497831    
   4.5725267E-02   2.437327    
   4.6975888E-02   2.380101    
   4.8260715E-02   2.326102    
   4.9580682E-02   2.275233    
   5.0936751E-02   2.227324    
   5.2329913E-02   2.182141    
   5.3761173E-02   2.139372    
   5.5231582E-02   2.098620    
   5.6742210E-02   2.059404    
   5.8294155E-02   2.021152    
   5.9888542E-02   1.983221    
   6.1526541E-02   1.944898    
   6.3209340E-02   1.905433    
   6.4938165E-02   1.864067    
   6.6714272E-02   1.820079    
   6.8538956E-02   1.772831    
   7.0413552E-02   1.721830    
   7.2339416E-02   1.666783    
   7.4317954E-02   1.607651    
   7.6350607E-02   1.544684    
   7.8438856E-02   1.478443    
   8.0584221E-02   1.409796    
   8.2788259E-02   1.339880    
   8.5052580E-02   1.270035    
   8.7378837E-02   1.201714    
   8.9768715E-02   1.136373    
   9.2223957E-02   1.075356    
   9.4746351E-02   1.019782    
   9.7337738E-02  0.9704481    
   0.1000000      0.9277564    
   0.1027351      0.8916583    
   0.1055450      0.8616385    
   0.1084317      0.8367217    
   0.1113974      0.8155219    
   0.1144442      0.7963470    
   0.1175743      0.7773499    
   0.1207901      0.7567478    
   0.1240938      0.7330732    
   0.1274878      0.7054236    
   0.1309747      0.6736487    
   0.1345570      0.6384168    
   0.1382372      0.6011224    
   0.1420181      0.5636370    
   0.1459024      0.5279579    
   0.1498930      0.4958290    
   0.1539927      0.4684211    
   0.1582045      0.4461251    
   0.1625315      0.4284881    
   0.1669768      0.4142952    
   0.1715438      0.4018044    
   0.1762356      0.3891256    
   0.1810558      0.3746917    
   0.1860078      0.3577003    
   0.1910953      0.3383558    
   0.1963219      0.3177814    
   0.2016914      0.2976097    
   0.2072079      0.2793978    
   0.2128752      0.2641011    
   0.2186975      0.2517827    
   0.2246790      0.2416402    
   0.2308242      0.2323456    
   0.2371374      0.2225938    
   0.2436233      0.2116650    
   0.2502865      0.1997149    
   0.2571321      0.1876172    
   0.2641648      0.1764354    
   0.2713899      0.1668330    
   0.2788127      0.1587562    
   0.2864384      0.1515414    
   0.2942727      0.1443696    
   0.3023213      0.1367905    
   0.3105900      0.1289616    
   0.3190849      0.1214369    
   0.3278121      0.1146881    
   0.3367780      0.1087543    
   0.3459892      0.1032783    
   0.3554522      9.7861059E-02
   0.3651741      9.2400886E-02
   0.3751619      8.7112471E-02
   0.3854229      8.2244091E-02
   0.3959645      7.7815838E-02
   0.4067944      7.3642023E-02
   0.4179206      6.9566354E-02
   0.4293510      6.5615073E-02
   0.4410941      6.1905585E-02
   0.4531583      5.8468655E-02
   0.4655526      5.5223301E-02
   0.4782858      5.2102763E-02
   0.4913673      4.9127668E-02
   0.5048066      4.6337951E-02
   0.5186134      4.3716952E-02
   0.5327979      4.1223496E-02
   0.5473703      3.8852777E-02
   0.5623413      3.6620226E-02
   0.5777218      3.4517169E-02
   0.5935229      3.2522917E-02
   0.6097562      3.0635238E-02
   0.6264336      2.8857265E-02
   0.6435670      2.7178269E-02
   0.6611691      2.5589159E-02
   0.6792525      2.4090616E-02
   0.6978306      2.2677554E-02
   0.7169168      2.1341782E-02
   0.7365250      2.0082183E-02
   0.7566695      1.8894883E-02
   0.7773650      1.7773567E-02
   0.7986265      1.6717046E-02
   0.8204696      1.5720990E-02
   0.8429101      1.4781338E-02
   0.8659643      1.3896622E-02
   0.8896491      1.3062255E-02
   0.9139817      1.2276500E-02
   0.9389798      1.1536307E-02
   0.9646616      1.0838999E-02
   0.9910458      1.0182668E-02
    1.018152      9.5644044E-03
    1.045999      8.9827282E-03
    1.074608      8.4349811E-03
    1.103999      7.9197837E-03
    1.134194      7.4348403E-03
    1.165215      6.9788028E-03
    1.197085      6.5497663E-03
    1.229826      6.1463267E-03
    1.263463      5.7670046E-03
    1.298020      5.4103206E-03
    1.333521      5.0751241E-03
    1.369994      4.7600325E-03
    1.407465      4.4639483E-03
    1.445960      4.1857935E-03
    1.485508      3.9244490E-03
    1.526138      3.6789677E-03
    1.567879      3.4484486E-03
    1.610762      3.2319780E-03
    1.654817      3.0287211E-03
    1.700078      2.8379143E-03
    1.746576      2.6588275E-03
    1.794346      2.4907526E-03
    1.843423      2.3330320E-03
    1.893842      2.1850502E-03
    1.945640      2.0462233E-03
    1.998855      1.9160040E-03
    2.053525      1.7938734E-03
    2.109690      1.6793449E-03
    2.167392      1.5719578E-03
    2.226672      1.4712818E-03
    2.287573      1.3769070E-03
    2.350140      1.2884502E-03
    2.414418      1.2055506E-03
    2.480454      1.1278681E-03
    2.548297      1.0550836E-03
    2.617995      9.8689727E-04
    2.689599      9.2302560E-04
    2.763161      8.6320157E-04
    2.838736      8.0717535E-04
    2.916378      7.5471331E-04
    2.996143      7.0559274E-04
    3.078089      6.5960595E-04
    3.162278      6.1655894E-04
    3.248768      5.7626696E-04
    3.337625      5.3855870E-04
    3.428911      5.0327193E-04
    3.522695      4.7025442E-04
    3.619043      4.3936362E-04
    3.718027      4.1046561E-04
    3.819718      3.8343490E-04
    3.924190      3.5815276E-04
    4.031519      3.3450915E-04
    4.141785      3.1239953E-04
    4.255065      2.9172664E-04
    4.371445      2.7239916E-04
    4.491007      2.5433098E-04
    4.613840      2.3744181E-04
    4.740032      2.2165632E-04
    4.869675      2.0690363E-04
    5.002865      1.9311752E-04
    5.139697      1.8023573E-04
    5.280272      1.6820012E-04
    5.424691      1.5695614E-04
    5.573061      1.4645260E-04
    5.725488      1.3664174E-04
    5.882084      1.2747846E-04
    6.042964      1.1892086E-04
    6.208243      1.1092971E-04
    6.378044      1.0346796E-04
    6.552488      9.6501164E-05
    6.731704      8.9997091E-05
    6.915821      8.3925486E-05
    7.104974      7.8257995E-05
    7.299301      7.2968243E-05
    7.498942      6.8031361E-05
    7.704044      6.3424202E-05
    7.914755      5.9125079E-05
    8.131230      5.5113713E-05
    8.353625      5.1371113E-05
    8.582104      4.7879555E-05
    8.816831      4.4622429E-05
    9.057978      4.1584211E-05
    9.305720      3.8750419E-05
    9.560239      3.6107496E-05
    9.821719      3.3642715E-05
    10.09035      3.1344280E-05
    10.36633      2.9201085E-05
    10.64986      2.7202805E-05
    10.94114      2.5339763E-05
    11.24039      2.3602914E-05
    11.54782      2.1983824E-05
    11.86366      2.0474627E-05
    12.18814      1.9067927E-05
    12.52150      1.7756884E-05
    12.86397      1.6535039E-05
    13.21581      1.5396410E-05
    13.57727      1.4335411E-05
    13.94862      1.3346783E-05
    14.33013      1.2425662E-05
    14.72207      1.1567503E-05
    15.12473      1.0768030E-05
    15.53840      1.0023286E-05
    15.96339      9.3295666E-06
    16.40000      8.6834070E-06
    16.84855      8.0815898E-06
    17.30937      7.5210974E-06
    17.78279      6.9991270E-06
    18.26917      6.5130580E-06
    18.76884      6.0604498E-06
    19.28218      5.6390127E-06
    19.80957      5.2466316E-06
    20.35138      4.8813181E-06
    20.90800      4.5412235E-06
    21.47985      4.2246293E-06
    22.06734      3.9299193E-06
    22.67090      3.6556007E-06
    23.29097      3.4002733E-06
    23.92799      3.1626382E-06
    24.58244      2.9414780E-06
    25.25479      2.7356577E-06
    25.94553      2.5441293E-06
    26.65516      2.3659056E-06
    27.38420      2.2000709E-06
    28.13317      2.0457728E-06
    28.90264      1.9022149E-06
    29.69315      1.7686557E-06
    30.50528      1.6444052E-06
    31.33962      1.5288200E-06
    32.19678      1.4213000E-06
    33.07739      1.3212890E-06
    33.98208      1.2282649E-06
    34.91152      1.1417442E-06
    35.86637      1.0612756E-06
    36.84735      9.8643932E-07
    37.85515      9.1684444E-07
    38.89052      8.5212702E-07
    39.95420      7.9194700E-07
    41.04699      7.3598869E-07
    42.16965      6.8395877E-07
    43.32302      6.3558315E-07
    44.50794      5.9060704E-07
    45.72527      5.4879359E-07
    46.97589      5.0992128E-07
    48.26072      4.7378529E-07
    49.58068      4.4019470E-07
    50.93675      4.0897095E-07
    52.32991      3.7994809E-07
    53.76117      3.5297259E-07
    55.23158      3.2790103E-07
    56.74221      3.0459967E-07
    58.29416      2.8294454E-07
    59.88854      2.6281995E-07
    61.52654      2.4411861E-07
    63.20934      2.2674020E-07
    64.93816      2.1059206E-07
    66.71427      1.9558742E-07
    68.53896      1.8164610E-07
    70.41355      1.6869295E-07
    72.33942      1.5665846E-07
    74.31796      1.4547786E-07
    76.35061      1.3509099E-07
    78.43886      1.2544167E-07
    80.58422      1.1647802E-07
    82.78826      1.0815151E-07
    85.05258      1.0041715E-07
    87.37884      9.3233119E-08
    89.76871      8.6560412E-08
    92.22395      8.0362867E-08
    94.74635      7.4606774E-08
    97.33774      6.9260956E-08
