  0.695410E-04  0.202493E+08  0.202493E+08  0.262579E+08  0.262568E+08  0.000000E+00  0.202493E+08
  0.970523E-04  0.202479E+08  0.202479E+08  0.255706E+08  0.255685E+08  0.000000E+00  0.202479E+08
  0.135447E-03  0.202451E+08  0.202450E+08  0.242786E+08  0.242749E+08  0.000000E+00  0.202451E+08
  0.189032E-03  0.202396E+08  0.202396E+08  0.219311E+08  0.219247E+08  0.000000E+00  0.202396E+08
  0.263816E-03  0.202292E+08  0.202292E+08  0.179433E+08  0.179338E+08  0.000000E+00  0.202292E+08
  0.368184E-03  0.202095E+08  0.202095E+08  0.120271E+08  0.120170E+08  0.000000E+00  0.202095E+08
  0.513843E-03  0.201734E+08  0.201734E+08  0.540684E+07  0.540365E+07  0.000000E+00  0.201734E+08
  0.717125E-03  0.201097E+08  0.201096E+08  0.146748E+07  0.147218E+07  0.000000E+00  0.201097E+08
  0.100083E-02  0.200023E+08  0.200021E+08  0.806124E+06  0.803191E+06  0.000000E+00  0.200023E+08
  0.139677E-02  0.198288E+08  0.198285E+08  0.130600E+06  0.132852E+06  0.000000E+00  0.198288E+08
  0.194935E-02  0.195578E+08  0.195573E+08  0.000000E+00  0.000000E+00  0.000000E+00  0.195578E+08
  0.272053E-02  0.191488E+08  0.191478E+08  0.000000E+00  0.000000E+00  0.000000E+00  0.191486E+08
  0.379681E-02  0.185529E+08  0.185510E+08  0.000000E+00  0.000000E+00  0.000000E+00  0.185526E+08
  0.412677E-02  0.183686E+08  0.183663E+08  0.000000E+00  0.000000E+00  0.000000E+00  0.183682E+08
  0.448540E-02  0.181683E+08  0.181657E+08  0.000000E+00  0.000000E+00  0.000000E+00  0.181679E+08
  0.487520E-02  0.179514E+08  0.179482E+08  0.000000E+00  0.000000E+00  0.000000E+00  0.179508E+08
  0.529888E-02  0.177168E+08  0.177132E+08  0.000000E+00  0.000000E+00  0.000000E+00  0.177162E+08
  0.575937E-02  0.174639E+08  0.174596E+08  0.000000E+00  0.000000E+00  0.000000E+00  0.174632E+08
  0.625988E-02  0.171917E+08  0.171867E+08  0.000000E+00  0.000000E+00  0.000000E+00  0.171909E+08
  0.680389E-02  0.168995E+08  0.168936E+08  0.000000E+00  0.000000E+00  0.000000E+00  0.168985E+08
  0.739518E-02  0.165863E+08  0.165795E+08  0.000000E+00  0.000000E+00  0.000000E+00  0.165852E+08
  0.803785E-02  0.162515E+08  0.162436E+08  0.000000E+00  0.000000E+00  0.000000E+00  0.162501E+08
  0.873637E-02  0.158941E+08  0.158850E+08  0.000000E+00  0.000000E+00  0.000000E+00  0.158926E+08
  0.949560E-02  0.155135E+08  0.155029E+08  0.000000E+00  0.000000E+00  0.000000E+00  0.155117E+08
  0.103208E-01  0.151089E+08  0.150966E+08  0.000000E+00  0.000000E+00  0.000000E+00  0.151068E+08
  0.112177E-01  0.146795E+08  0.146654E+08  0.000000E+00  0.000000E+00  0.000000E+00  0.146771E+08
  0.121926E-01  0.142248E+08  0.142085E+08  0.000000E+00  0.000000E+00  0.000000E+00  0.142220E+08
  0.132522E-01  0.137443E+08  0.137256E+08  0.000000E+00  0.000000E+00  0.000000E+00  0.137411E+08
  0.144038E-01  0.132376E+08  0.132163E+08  0.000000E+00  0.000000E+00  0.000000E+00  0.132340E+08
  0.156556E-01  0.127049E+08  0.126808E+08  0.000000E+00  0.000000E+00  0.000000E+00  0.127008E+08
  0.170161E-01  0.121468E+08  0.121195E+08  0.000000E+00  0.000000E+00  0.000000E+00  0.121421E+08
  0.184949E-01  0.115643E+08  0.115338E+08  0.000000E+00  0.000000E+00  0.000000E+00  0.115591E+08
  0.201022E-01  0.109596E+08  0.109258E+08  0.000000E+00  0.000000E+00  0.000000E+00  0.109539E+08
  0.218491E-01  0.103361E+08  0.102989E+08  0.000000E+00  0.000000E+00  0.000000E+00  0.103298E+08
  0.237479E-01  0.969849E+07  0.965804E+07  0.000000E+00  0.000000E+00  0.000000E+00  0.969159E+07
  0.258117E-01  0.905320E+07  0.900988E+07  0.000000E+00  0.000000E+00  0.000000E+00  0.904582E+07
  0.280549E-01  0.840869E+07  0.836308E+07  0.000000E+00  0.000000E+00  0.000000E+00  0.840091E+07
  0.304929E-01  0.777531E+07  0.772826E+07  0.000000E+00  0.000000E+00  0.000000E+00  0.776729E+07
  0.331429E-01  0.715868E+07  0.711130E+07  0.000000E+00  0.000000E+00  0.000000E+00  0.715060E+07
  0.360231E-01  0.657679E+07  0.653045E+07  0.000000E+00  0.000000E+00  0.000000E+00  0.656888E+07
  0.391537E-01  0.604348E+07  0.599973E+07  0.000000E+00  0.000000E+00  0.000000E+00  0.603602E+07
  0.425563E-01  0.556705E+07  0.552744E+07  0.000000E+00  0.000000E+00  0.000000E+00  0.556030E+07
  0.462546E-01  0.514932E+07  0.511514E+07  0.000000E+00  0.000000E+00  0.000000E+00  0.514349E+07
  0.502743E-01  0.478604E+07  0.475811E+07  0.000000E+00  0.000000E+00  0.000000E+00  0.478128E+07
  0.546434E-01  0.446701E+07  0.444530E+07  0.000000E+00  0.000000E+00  0.000000E+00  0.446330E+07
  0.592795E-01  0.417821E+07  0.416162E+07  0.000000E+00  0.000000E+00  0.000000E+00  0.417538E+07
  0.639155E-01  0.390803E+07  0.389456E+07  0.000000E+00  0.000000E+00  0.000000E+00  0.390574E+07
  0.685516E-01  0.364097E+07  0.362865E+07  0.000000E+00  0.000000E+00  0.000000E+00  0.363887E+07
  0.731877E-01  0.337601E+07  0.336329E+07  0.000000E+00  0.000000E+00  0.000000E+00  0.337384E+07
  0.778237E-01  0.311307E+07  0.309906E+07  0.000000E+00  0.000000E+00  0.000000E+00  0.311068E+07
  0.824598E-01  0.286229E+07  0.284683E+07  0.000000E+00  0.000000E+00  0.000000E+00  0.285966E+07
  0.870959E-01  0.263729E+07  0.262084E+07  0.000000E+00  0.000000E+00  0.000000E+00  0.263449E+07
  0.917319E-01  0.244620E+07  0.242956E+07  0.000000E+00  0.000000E+00  0.000000E+00  0.244336E+07
  0.963680E-01  0.229034E+07  0.227447E+07  0.000000E+00  0.000000E+00  0.000000E+00  0.228763E+07
  0.101004E+00  0.216664E+07  0.215230E+07  0.000000E+00  0.000000E+00  0.000000E+00  0.216420E+07
  0.105640E+00  0.206919E+07  0.205685E+07  0.000000E+00  0.000000E+00  0.000000E+00  0.206708E+07
  0.110276E+00  0.198929E+07  0.197902E+07  0.000000E+00  0.000000E+00  0.000000E+00  0.198754E+07
  0.114912E+00  0.191677E+07  0.190827E+07  0.000000E+00  0.000000E+00  0.000000E+00  0.191532E+07
  0.119548E+00  0.184376E+07  0.183649E+07  0.000000E+00  0.000000E+00  0.000000E+00  0.184252E+07
  0.124184E+00  0.176639E+07  0.175974E+07  0.000000E+00  0.000000E+00  0.000000E+00  0.176525E+07
  0.128820E+00  0.168372E+07  0.167710E+07  0.000000E+00  0.000000E+00  0.000000E+00  0.168259E+07
  0.133457E+00  0.159723E+07  0.159025E+07  0.000000E+00  0.000000E+00  0.000000E+00  0.159604E+07
  0.138093E+00  0.151042E+07  0.150290E+07  0.000000E+00  0.000000E+00  0.000000E+00  0.150914E+07
  0.142729E+00  0.142775E+07  0.141974E+07  0.000000E+00  0.000000E+00  0.000000E+00  0.142638E+07
  0.147365E+00  0.135344E+07  0.134517E+07  0.000000E+00  0.000000E+00  0.000000E+00  0.135203E+07
  0.152001E+00  0.129000E+07  0.128181E+07  0.000000E+00  0.000000E+00  0.000000E+00  0.128860E+07
  0.156637E+00  0.123776E+07  0.122996E+07  0.000000E+00  0.000000E+00  0.000000E+00  0.123643E+07
  0.161273E+00  0.119526E+07  0.118810E+07  0.000000E+00  0.000000E+00  0.000000E+00  0.119404E+07
  0.165909E+00  0.115976E+07  0.115336E+07  0.000000E+00  0.000000E+00  0.000000E+00  0.115867E+07
  0.170545E+00  0.112808E+07  0.112244E+07  0.000000E+00  0.000000E+00  0.000000E+00  0.112712E+07
  0.175181E+00  0.109739E+07  0.109237E+07  0.000000E+00  0.000000E+00  0.000000E+00  0.109653E+07
  0.179817E+00  0.106547E+07  0.106087E+07  0.000000E+00  0.000000E+00  0.000000E+00  0.106468E+07
  0.184453E+00  0.103109E+07  0.102669E+07  0.000000E+00  0.000000E+00  0.000000E+00  0.103034E+07
  0.189089E+00  0.994346E+06  0.989954E+06  0.000000E+00  0.000000E+00  0.000000E+00  0.993597E+06
  0.193725E+00  0.956334E+06  0.951822E+06  0.000000E+00  0.000000E+00  0.000000E+00  0.955564E+06
  0.198362E+00  0.918601E+06  0.913923E+06  0.000000E+00  0.000000E+00  0.000000E+00  0.917803E+06
  0.202998E+00  0.882659E+06  0.877847E+06  0.000000E+00  0.000000E+00  0.000000E+00  0.881838E+06
  0.211116E+00  0.827739E+06  0.822925E+06  0.000000E+00  0.000000E+00  0.000000E+00  0.826918E+06
  0.219560E+00  0.783715E+06  0.779261E+06  0.000000E+00  0.000000E+00  0.000000E+00  0.782955E+06
  0.228341E+00  0.747830E+06  0.743949E+06  0.000000E+00  0.000000E+00  0.000000E+00  0.747168E+06
  0.237474E+00  0.713786E+06  0.710400E+06  0.000000E+00  0.000000E+00  0.000000E+00  0.713209E+06
  0.246971E+00  0.676198E+06  0.673025E+06  0.000000E+00  0.000000E+00  0.000000E+00  0.675657E+06
  0.256849E+00  0.634980E+06  0.631788E+06  0.000000E+00  0.000000E+00  0.000000E+00  0.634436E+06
  0.267122E+00  0.594841E+06  0.591627E+06  0.000000E+00  0.000000E+00  0.000000E+00  0.594293E+06
  0.277805E+00  0.560456E+06  0.557404E+06  0.000000E+00  0.000000E+00  0.000000E+00  0.559935E+06
  0.288916E+00  0.531822E+06  0.529079E+06  0.000000E+00  0.000000E+00  0.000000E+00  0.531354E+06
  0.300471E+00  0.504605E+06  0.502127E+06  0.000000E+00  0.000000E+00  0.000000E+00  0.504182E+06
  0.312488E+00  0.475748E+06  0.473380E+06  0.000000E+00  0.000000E+00  0.000000E+00  0.475344E+06
  0.324986E+00  0.446518E+06  0.444190E+06  0.000000E+00  0.000000E+00  0.000000E+00  0.446121E+06
  0.337984E+00  0.420165E+06  0.417948E+06  0.000000E+00  0.000000E+00  0.000000E+00  0.419787E+06
  0.351501E+00  0.397217E+06  0.395184E+06  0.000000E+00  0.000000E+00  0.000000E+00  0.396870E+06
  0.365560E+00  0.375198E+06  0.373314E+06  0.000000E+00  0.000000E+00  0.000000E+00  0.374877E+06
  0.380180E+00  0.352913E+06  0.351108E+06  0.000000E+00  0.000000E+00  0.000000E+00  0.352605E+06
  0.395385E+00  0.331760E+06  0.330037E+06  0.000000E+00  0.000000E+00  0.000000E+00  0.331467E+06
  0.411199E+00  0.312737E+06  0.311133E+06  0.000000E+00  0.000000E+00  0.000000E+00  0.312463E+06
  0.513525E+00  0.221507E+06  0.220371E+06  0.000000E+00  0.000000E+00  0.000000E+00  0.221313E+06
  0.641315E+00  0.155812E+06  0.155015E+06  0.000000E+00  0.000000E+00  0.000000E+00  0.155676E+06
  0.800906E+00  0.108917E+06  0.108360E+06  0.000000E+00  0.000000E+00  0.000000E+00  0.108822E+06
  0.100021E+01  0.757125E+05  0.753254E+05  0.000000E+00  0.000000E+00  0.000000E+00  0.756465E+05
  0.124911E+01  0.523673E+05  0.520996E+05  0.000000E+00  0.000000E+00  0.000000E+00  0.523217E+05
  0.155995E+01  0.360576E+05  0.358733E+05  0.000000E+00  0.000000E+00  0.000000E+00  0.360262E+05
  0.194814E+01  0.247264E+05  0.246000E+05  0.000000E+00  0.000000E+00  0.000000E+00  0.247048E+05
  0.243294E+01  0.168932E+05  0.168069E+05  0.000000E+00  0.000000E+00  0.000000E+00  0.168785E+05
  0.303837E+01  0.115027E+05  0.114439E+05  0.000000E+00  0.000000E+00  0.000000E+00  0.114927E+05
  0.379446E+01  0.780818E+04  0.776824E+04  0.000000E+00  0.000000E+00  0.000000E+00  0.780137E+04
  0.473871E+01  0.528541E+04  0.525835E+04  0.000000E+00  0.000000E+00  0.000000E+00  0.528080E+04
  0.591794E+01  0.356854E+04  0.355025E+04  0.000000E+00  0.000000E+00  0.000000E+00  0.356542E+04
  0.739061E+01  0.240366E+04  0.239131E+04  0.000000E+00  0.000000E+00  0.000000E+00  0.240155E+04
  0.922975E+01  0.161550E+04  0.160717E+04  0.000000E+00  0.000000E+00  0.000000E+00  0.161408E+04
  0.115266E+02  0.108358E+04  0.107796E+04  0.000000E+00  0.000000E+00  0.000000E+00  0.108263E+04
  0.143949E+02  0.725441E+03  0.721644E+03  0.000000E+00  0.000000E+00  0.000000E+00  0.724794E+03
  0.179771E+02  0.484819E+03  0.482246E+03  0.000000E+00  0.000000E+00  0.000000E+00  0.484380E+03
  0.224507E+02  0.323475E+03  0.321721E+03  0.000000E+00  0.000000E+00  0.000000E+00  0.323176E+03
  0.280375E+02  0.215486E+03  0.214279E+03  0.000000E+00  0.000000E+00  0.000000E+00  0.215280E+03
  0.350146E+02  0.143331E+03  0.142489E+03  0.000000E+00  0.000000E+00  0.000000E+00  0.143187E+03
  0.437280E+02  0.951943E+02  0.945935E+02  0.000000E+00  0.000000E+00  0.000000E+00  0.950918E+02
  0.546096E+02  0.631275E+02  0.626866E+02  0.000000E+00  0.000000E+00  0.000000E+00  0.630523E+02
  0.681992E+02  0.417947E+02  0.414590E+02  0.000000E+00  0.000000E+00  0.000000E+00  0.417374E+02
  0.851704E+02  0.276206E+02  0.273540E+02  0.000000E+00  0.000000E+00  0.000000E+00  0.275751E+02
  0.106365E+03  0.182141E+02  0.179927E+02  0.000000E+00  0.000000E+00  0.000000E+00  0.181763E+02
  0.132834E+03  0.119787E+02  0.117871E+02  0.000000E+00  0.000000E+00  0.000000E+00  0.119460E+02
  0.165889E+03  0.785023E+01  0.767888E+01  0.000000E+00  0.000000E+00  0.000000E+00  0.782101E+01
  0.207171E+03  0.512065E+01  0.496406E+01  0.000000E+00  0.000000E+00  0.000000E+00  0.509394E+01
  0.258725E+03  0.331960E+01  0.317546E+01  0.000000E+00  0.000000E+00  0.000000E+00  0.329502E+01
  0.323108E+03  0.213529E+01  0.200364E+01  0.000000E+00  0.000000E+00  0.000000E+00  0.211284E+01
  0.403514E+03  0.136128E+01  0.124372E+01  0.000000E+00  0.000000E+00  0.000000E+00  0.134123E+01
  0.503927E+03  0.860586E+00  0.759142E+00  0.000000E+00  0.000000E+00  0.000000E+00  0.843286E+00
  0.629329E+03  0.541345E+00  0.456927E+00  0.000000E+00  0.000000E+00  0.000000E+00  0.526948E+00
  0.785937E+03  0.340585E+00  0.272017E+00  0.000000E+00  0.000000E+00  0.000000E+00  0.328892E+00
  0.981517E+03  0.214914E+00  0.159870E+00  0.000000E+00  0.000000E+00  0.000000E+00  0.205527E+00
  0.122577E+04  0.136013E+00  0.925847E-01  0.000000E+00  0.000000E+00  0.000000E+00  0.128607E+00
