  0.122003E-04  0.245878E+06  0.245878E+06  0.327836E+06  0.327835E+06  0.000000E+00  0.245878E+06
  0.149015E-04  0.245878E+06  0.245878E+06  0.327835E+06  0.327834E+06  0.000000E+00  0.245878E+06
  0.182007E-04  0.245878E+06  0.245878E+06  0.327833E+06  0.327832E+06  0.000000E+00  0.245878E+06
  0.222304E-04  0.245878E+06  0.245878E+06  0.327831E+06  0.327830E+06  0.000000E+00  0.245878E+06
  0.271522E-04  0.245878E+06  0.245878E+06  0.327827E+06  0.327826E+06  0.000000E+00  0.245878E+06
  0.331638E-04  0.245878E+06  0.245878E+06  0.327822E+06  0.327820E+06  0.000000E+00  0.245878E+06
  0.405064E-04  0.245877E+06  0.245877E+06  0.327814E+06  0.327811E+06  0.000000E+00  0.245877E+06
  0.494746E-04  0.245877E+06  0.245877E+06  0.327802E+06  0.327798E+06  0.000000E+00  0.245877E+06
  0.604284E-04  0.245876E+06  0.245876E+06  0.327784E+06  0.327778E+06  0.000000E+00  0.245876E+06
  0.738075E-04  0.245875E+06  0.245874E+06  0.327757E+06  0.327749E+06  0.000000E+00  0.245875E+06
  0.901487E-04  0.245873E+06  0.245872E+06  0.327718E+06  0.327705E+06  0.000000E+00  0.245873E+06
  0.110108E-03  0.245870E+06  0.245869E+06  0.327659E+06  0.327639E+06  0.000000E+00  0.245870E+06
  0.134486E-03  0.245866E+06  0.245865E+06  0.327571E+06  0.327541E+06  0.000000E+00  0.245866E+06
  0.164262E-03  0.245861E+06  0.245858E+06  0.327439E+06  0.327396E+06  0.000000E+00  0.245860E+06
  0.200630E-03  0.245852E+06  0.245848E+06  0.327244E+06  0.327178E+06  0.000000E+00  0.245851E+06
  0.245049E-03  0.245839E+06  0.245834E+06  0.326952E+06  0.326854E+06  0.000000E+00  0.245838E+06
  0.299304E-03  0.245819E+06  0.245812E+06  0.326517E+06  0.326371E+06  0.000000E+00  0.245818E+06
  0.365571E-03  0.245790E+06  0.245779E+06  0.325869E+06  0.325652E+06  0.000000E+00  0.245789E+06
  0.446509E-03  0.245747E+06  0.245730E+06  0.324904E+06  0.324582E+06  0.000000E+00  0.245744E+06
  0.545368E-03  0.245683E+06  0.245657E+06  0.323470E+06  0.322992E+06  0.000000E+00  0.245679E+06
  0.666113E-03  0.245587E+06  0.245548E+06  0.321340E+06  0.320632E+06  0.000000E+00  0.245581E+06
  0.813593E-03  0.245444E+06  0.245387E+06  0.318187E+06  0.317141E+06  0.000000E+00  0.245435E+06
  0.993724E-03  0.245232E+06  0.245146E+06  0.313532E+06  0.311996E+06  0.000000E+00  0.245218E+06
  0.121374E-02  0.244916E+06  0.244789E+06  0.306701E+06  0.304461E+06  0.000000E+00  0.244895E+06
  0.148246E-02  0.244449E+06  0.244259E+06  0.296753E+06  0.293525E+06  0.000000E+00  0.244417E+06
  0.181068E-02  0.243759E+06  0.243476E+06  0.282441E+06  0.277868E+06  0.000000E+00  0.243712E+06
  0.221157E-02  0.242745E+06  0.242324E+06  0.262220E+06  0.255911E+06  0.000000E+00  0.242675E+06
  0.270122E-02  0.241265E+06  0.240639E+06  0.234427E+06  0.226068E+06  0.000000E+00  0.241162E+06
  0.329928E-02  0.239129E+06  0.238199E+06  0.197796E+06  0.187406E+06  0.000000E+00  0.238975E+06
  0.402975E-02  0.236091E+06  0.234713E+06  0.152549E+06  0.140903E+06  0.000000E+00  0.235863E+06
  0.492195E-02  0.231860E+06  0.229823E+06  0.102097E+06  0.911861E+05  0.000000E+00  0.231523E+06
  0.601168E-02  0.226132E+06  0.223135E+06  0.545036E+05  0.474135E+05  0.000000E+00  0.225636E+06
  0.734268E-02  0.218648E+06  0.214266E+06  0.209459E+05  0.200396E+05  0.000000E+00  0.217923E+06
  0.896838E-02  0.209260E+06  0.202910E+06  0.759786E+04  0.111942E+05  0.000000E+00  0.208209E+06
  0.109540E-01  0.197932E+06  0.188838E+06  0.571838E+04  0.857972E+04  0.000000E+00  0.196427E+06
  0.133792E-01  0.184654E+06  0.171849E+06  0.200231E+04  0.353237E+04  0.000000E+00  0.182536E+06
  0.163414E-01  0.169406E+06  0.151811E+06  0.000000E+00  0.000000E+00  0.000000E+00  0.166495E+06
  0.199595E-01  0.152653E+06  0.129332E+06  0.000000E+00  0.000000E+00  0.000000E+00  0.148795E+06
  0.243786E-01  0.133866E+06  0.104542E+06  0.000000E+00  0.000000E+00  0.000000E+00  0.129014E+06
  0.297761E-01  0.114514E+06  0.804728E+05  0.000000E+00  0.000000E+00  0.000000E+00  0.108882E+06
  0.363686E-01  0.960122E+05  0.609837E+05  0.000000E+00  0.000000E+00  0.000000E+00  0.902169E+05
  0.444206E-01  0.787747E+05  0.487806E+05  0.000000E+00  0.000000E+00  0.000000E+00  0.738123E+05
  0.542555E-01  0.653400E+05  0.454463E+05  0.000000E+00  0.000000E+00  0.000000E+00  0.620486E+05
  0.662678E-01  0.541603E+05  0.426896E+05  0.000000E+00  0.000000E+00  0.000000E+00  0.522625E+05
  0.809397E-01  0.434094E+05  0.320408E+05  0.000000E+00  0.000000E+00  0.000000E+00  0.415285E+05
  0.988600E-01  0.333050E+05  0.208509E+05  0.000000E+00  0.000000E+00  0.000000E+00  0.312445E+05
  0.120748E+00  0.266019E+05  0.199636E+05  0.000000E+00  0.000000E+00  0.000000E+00  0.255036E+05
  0.147482E+00  0.203908E+05  0.140223E+05  0.000000E+00  0.000000E+00  0.000000E+00  0.193372E+05
  0.180135E+00  0.156614E+05  0.114288E+05  0.000000E+00  0.000000E+00  0.000000E+00  0.149611E+05
  0.220017E+00  0.117367E+05  0.792895E+04  0.000000E+00  0.000000E+00  0.000000E+00  0.111067E+05
  0.268729E+00  0.888661E+04  0.627667E+04  0.000000E+00  0.000000E+00  0.000000E+00  0.845481E+04
  0.328227E+00  0.662612E+04  0.470499E+04  0.000000E+00  0.000000E+00  0.000000E+00  0.630827E+04
  0.400897E+00  0.489663E+04  0.345506E+04  0.000000E+00  0.000000E+00  0.000000E+00  0.465813E+04
  0.489657E+00  0.360185E+04  0.254973E+04  0.000000E+00  0.000000E+00  0.000000E+00  0.342778E+04
  0.598068E+00  0.263328E+04  0.186398E+04  0.000000E+00  0.000000E+00  0.000000E+00  0.250600E+04
  0.730482E+00  0.191506E+04  0.135605E+04  0.000000E+00  0.000000E+00  0.000000E+00  0.182257E+04
  0.892212E+00  0.138598E+04  0.981532E+03  0.000000E+00  0.000000E+00  0.000000E+00  0.131906E+04
  0.108975E+01  0.998723E+03  0.707337E+03  0.000000E+00  0.000000E+00  0.000000E+00  0.950514E+03
  0.133103E+01  0.716799E+03  0.507701E+03  0.000000E+00  0.000000E+00  0.000000E+00  0.682205E+03
  0.162572E+01  0.512593E+03  0.363084E+03  0.000000E+00  0.000000E+00  0.000000E+00  0.487857E+03
  0.198566E+01  0.365349E+03  0.258799E+03  0.000000E+00  0.000000E+00  0.000000E+00  0.347720E+03
  0.242529E+01  0.259606E+03  0.183903E+03  0.000000E+00  0.000000E+00  0.000000E+00  0.247082E+03
  0.296225E+01  0.183953E+03  0.130316E+03  0.000000E+00  0.000000E+00  0.000000E+00  0.175079E+03
  0.361810E+01  0.130011E+03  0.921050E+02  0.000000E+00  0.000000E+00  0.000000E+00  0.123739E+03
  0.441916E+01  0.916688E+02  0.649439E+02  0.000000E+00  0.000000E+00  0.000000E+00  0.872473E+02
  0.539757E+01  0.644927E+02  0.456918E+02  0.000000E+00  0.000000E+00  0.000000E+00  0.613821E+02
  0.659261E+01  0.452806E+02  0.320812E+02  0.000000E+00  0.000000E+00  0.000000E+00  0.430968E+02
  0.805224E+01  0.317319E+02  0.224825E+02  0.000000E+00  0.000000E+00  0.000000E+00  0.302017E+02
  0.983502E+01  0.221983E+02  0.157281E+02  0.000000E+00  0.000000E+00  0.000000E+00  0.211278E+02
  0.120125E+02  0.155036E+02  0.109849E+02  0.000000E+00  0.000000E+00  0.000000E+00  0.147560E+02
  0.146721E+02  0.108115E+02  0.766046E+01  0.000000E+00  0.000000E+00  0.000000E+00  0.102901E+02
  0.179206E+02  0.752864E+01  0.533450E+01  0.000000E+00  0.000000E+00  0.000000E+00  0.716563E+01
  0.218882E+02  0.523565E+01  0.370983E+01  0.000000E+00  0.000000E+00  0.000000E+00  0.498321E+01
  0.267344E+02  0.363648E+01  0.257674E+01  0.000000E+00  0.000000E+00  0.000000E+00  0.346115E+01
  0.326534E+02  0.252280E+01  0.178763E+01  0.000000E+00  0.000000E+00  0.000000E+00  0.240117E+01
  0.398830E+02  0.174826E+01  0.123881E+01  0.000000E+00  0.000000E+00  0.000000E+00  0.166398E+01
  0.487132E+02  0.121026E+01  0.857596E+00  0.000000E+00  0.000000E+00  0.000000E+00  0.115191E+01
  0.594984E+02  0.837001E+00  0.593108E+00  0.000000E+00  0.000000E+00  0.000000E+00  0.796650E+00
  0.726715E+02  0.578325E+00  0.409812E+00  0.000000E+00  0.000000E+00  0.000000E+00  0.550445E+00
  0.887612E+02  0.399245E+00  0.282915E+00  0.000000E+00  0.000000E+00  0.000000E+00  0.379999E+00
  0.108413E+03  0.275388E+00  0.195148E+00  0.000000E+00  0.000000E+00  0.000000E+00  0.262113E+00
  0.132416E+03  0.189808E+00  0.134505E+00  0.000000E+00  0.000000E+00  0.000000E+00  0.180658E+00
  0.161733E+03  0.130725E+00  0.926374E-01  0.000000E+00  0.000000E+00  0.000000E+00  0.124424E+00
  0.197541E+03  0.899702E-01  0.637571E-01  0.000000E+00  0.000000E+00  0.000000E+00  0.856334E-01
  0.241278E+03  0.618794E-01  0.438509E-01  0.000000E+00  0.000000E+00  0.000000E+00  0.588966E-01
  0.294698E+03  0.425320E-01  0.301405E-01  0.000000E+00  0.000000E+00  0.000000E+00  0.404819E-01
  0.359944E+03  0.292162E-01  0.207043E-01  0.000000E+00  0.000000E+00  0.000000E+00  0.278079E-01
  0.439637E+03  0.200575E-01  0.142140E-01  0.000000E+00  0.000000E+00  0.000000E+00  0.190907E-01
  0.536973E+03  0.137623E-01  0.975290E-02  0.000000E+00  0.000000E+00  0.000000E+00  0.130990E-01
  0.655861E+03  0.943791E-02  0.668838E-02  0.000000E+00  0.000000E+00  0.000000E+00  0.898301E-02
  0.801071E+03  0.646903E-02  0.458444E-02  0.000000E+00  0.000000E+00  0.000000E+00  0.615723E-02
  0.978430E+03  0.443194E-02  0.314082E-02  0.000000E+00  0.000000E+00  0.000000E+00  0.421833E-02
  0.119506E+04  0.303491E-02  0.215079E-02  0.000000E+00  0.000000E+00  0.000000E+00  0.288864E-02
  0.145965E+04  0.207734E-02  0.147218E-02  0.000000E+00  0.000000E+00  0.000000E+00  0.197722E-02
  0.178282E+04  0.142128E-02  0.100725E-02  0.000000E+00  0.000000E+00  0.000000E+00  0.135278E-02
  0.217754E+04  0.972022E-03  0.688863E-03  0.000000E+00  0.000000E+00  0.000000E+00  0.925174E-03
