  0.122003E-04  0.123742E+07  0.123742E+07  0.164983E+07  0.164983E+07  0.000000E+00  0.123742E+07
  0.149015E-04  0.123742E+07  0.123742E+07  0.164980E+07  0.164980E+07  0.000000E+00  0.123742E+07
  0.182007E-04  0.123742E+07  0.123742E+07  0.164975E+07  0.164974E+07  0.000000E+00  0.123742E+07
  0.222304E-04  0.123742E+07  0.123742E+07  0.164967E+07  0.164967E+07  0.000000E+00  0.123742E+07
  0.271522E-04  0.123742E+07  0.123742E+07  0.164956E+07  0.164956E+07  0.000000E+00  0.123742E+07
  0.331638E-04  0.123742E+07  0.123742E+07  0.164940E+07  0.164939E+07  0.000000E+00  0.123742E+07
  0.405064E-04  0.123741E+07  0.123741E+07  0.164915E+07  0.164913E+07  0.000000E+00  0.123741E+07
  0.494746E-04  0.123741E+07  0.123741E+07  0.164878E+07  0.164876E+07  0.000000E+00  0.123741E+07
  0.604284E-04  0.123740E+07  0.123740E+07  0.164823E+07  0.164819E+07  0.000000E+00  0.123740E+07
  0.738075E-04  0.123738E+07  0.123738E+07  0.164741E+07  0.164736E+07  0.000000E+00  0.123738E+07
  0.901487E-04  0.123736E+07  0.123736E+07  0.164619E+07  0.164611E+07  0.000000E+00  0.123736E+07
  0.110108E-03  0.123733E+07  0.123733E+07  0.164437E+07  0.164424E+07  0.000000E+00  0.123733E+07
  0.134486E-03  0.123729E+07  0.123728E+07  0.164166E+07  0.164147E+07  0.000000E+00  0.123728E+07
  0.164262E-03  0.123722E+07  0.123721E+07  0.163763E+07  0.163734E+07  0.000000E+00  0.123722E+07
  0.200630E-03  0.123711E+07  0.123711E+07  0.163162E+07  0.163119E+07  0.000000E+00  0.123711E+07
  0.245049E-03  0.123696E+07  0.123695E+07  0.162270E+07  0.162207E+07  0.000000E+00  0.123696E+07
  0.299304E-03  0.123673E+07  0.123672E+07  0.160947E+07  0.160854E+07  0.000000E+00  0.123673E+07
  0.365571E-03  0.123640E+07  0.123638E+07  0.158992E+07  0.158855E+07  0.000000E+00  0.123639E+07
  0.446509E-03  0.123589E+07  0.123587E+07  0.156116E+07  0.155915E+07  0.000000E+00  0.123589E+07
  0.545368E-03  0.123514E+07  0.123511E+07  0.151915E+07  0.151624E+07  0.000000E+00  0.123514E+07
  0.666113E-03  0.123404E+07  0.123399E+07  0.145840E+07  0.145424E+07  0.000000E+00  0.123403E+07
  0.813593E-03  0.123240E+07  0.123233E+07  0.137193E+07  0.136613E+07  0.000000E+00  0.123239E+07
  0.993724E-03  0.123000E+07  0.122989E+07  0.125172E+07  0.124390E+07  0.000000E+00  0.122998E+07
  0.121374E-02  0.122649E+07  0.122633E+07  0.109049E+07  0.108049E+07  0.000000E+00  0.122647E+07
  0.148246E-02  0.122143E+07  0.122119E+07  0.885832E+06  0.874113E+06  0.000000E+00  0.122139E+07
  0.181068E-02  0.121423E+07  0.121386E+07  0.647468E+06  0.635572E+06  0.000000E+00  0.121416E+07
  0.221157E-02  0.120417E+07  0.120362E+07  0.405584E+06  0.396385E+06  0.000000E+00  0.120408E+07
  0.270122E-02  0.119048E+07  0.118968E+07  0.210747E+06  0.207353E+06  0.000000E+00  0.119035E+07
  0.329928E-02  0.117242E+07  0.117123E+07  0.107270E+06  0.109866E+06  0.000000E+00  0.117222E+07
  0.402975E-02  0.114933E+07  0.114757E+07  0.806458E+05  0.844959E+05  0.000000E+00  0.114904E+07
  0.492195E-02  0.112063E+07  0.111804E+07  0.583510E+05  0.600870E+05  0.000000E+00  0.112020E+07
  0.601168E-02  0.108565E+07  0.108187E+07  0.316101E+05  0.333531E+05  0.000000E+00  0.108502E+07
  0.734268E-02  0.104371E+07  0.103822E+07  0.000000E+00  0.000000E+00  0.000000E+00  0.104280E+07
  0.896838E-02  0.994131E+06  0.986219E+06  0.000000E+00  0.000000E+00  0.000000E+00  0.992822E+06
  0.109540E-01  0.936238E+06  0.924969E+06  0.000000E+00  0.000000E+00  0.000000E+00  0.934374E+06
  0.133792E-01  0.869414E+06  0.853629E+06  0.000000E+00  0.000000E+00  0.000000E+00  0.866803E+06
  0.163414E-01  0.793275E+06  0.771693E+06  0.000000E+00  0.000000E+00  0.000000E+00  0.789704E+06
  0.199595E-01  0.710456E+06  0.682001E+06  0.000000E+00  0.000000E+00  0.000000E+00  0.705748E+06
  0.243786E-01  0.617192E+06  0.581615E+06  0.000000E+00  0.000000E+00  0.000000E+00  0.611306E+06
  0.297761E-01  0.522564E+06  0.481562E+06  0.000000E+00  0.000000E+00  0.000000E+00  0.515781E+06
  0.363686E-01  0.434184E+06  0.392422E+06  0.000000E+00  0.000000E+00  0.000000E+00  0.427274E+06
  0.444206E-01  0.355280E+06  0.320120E+06  0.000000E+00  0.000000E+00  0.000000E+00  0.349463E+06
  0.542555E-01  0.297472E+06  0.274850E+06  0.000000E+00  0.000000E+00  0.000000E+00  0.293729E+06
  0.662678E-01  0.249450E+06  0.236821E+06  0.000000E+00  0.000000E+00  0.000000E+00  0.247361E+06
  0.809397E-01  0.198714E+06  0.185626E+06  0.000000E+00  0.000000E+00  0.000000E+00  0.196549E+06
  0.988600E-01  0.150276E+06  0.135689E+06  0.000000E+00  0.000000E+00  0.000000E+00  0.147862E+06
  0.120748E+00  0.121922E+06  0.114507E+06  0.000000E+00  0.000000E+00  0.000000E+00  0.120695E+06
  0.147482E+00  0.927259E+05  0.853453E+05  0.000000E+00  0.000000E+00  0.000000E+00  0.915048E+05
  0.180135E+00  0.715893E+05  0.668077E+05  0.000000E+00  0.000000E+00  0.000000E+00  0.707982E+05
  0.220017E+00  0.532835E+05  0.488852E+05  0.000000E+00  0.000000E+00  0.000000E+00  0.525558E+05
  0.268729E+00  0.405022E+05  0.375106E+05  0.000000E+00  0.000000E+00  0.000000E+00  0.400073E+05
  0.328227E+00  0.302134E+05  0.280167E+05  0.000000E+00  0.000000E+00  0.000000E+00  0.298499E+05
  0.400897E+00  0.223144E+05  0.206650E+05  0.000000E+00  0.000000E+00  0.000000E+00  0.220415E+05
  0.489657E+00  0.164186E+05  0.152163E+05  0.000000E+00  0.000000E+00  0.000000E+00  0.162196E+05
  0.598068E+00  0.120033E+05  0.111242E+05  0.000000E+00  0.000000E+00  0.000000E+00  0.118579E+05
  0.730482E+00  0.872969E+04  0.809096E+04  0.000000E+00  0.000000E+00  0.000000E+00  0.862401E+04
  0.892212E+00  0.631796E+04  0.585588E+04  0.000000E+00  0.000000E+00  0.000000E+00  0.624151E+04
  0.108975E+01  0.455268E+04  0.421979E+04  0.000000E+00  0.000000E+00  0.000000E+00  0.449760E+04
  0.133103E+01  0.326754E+04  0.302868E+04  0.000000E+00  0.000000E+00  0.000000E+00  0.322802E+04
  0.162572E+01  0.233667E+04  0.216589E+04  0.000000E+00  0.000000E+00  0.000000E+00  0.230841E+04
  0.198566E+01  0.166546E+04  0.154375E+04  0.000000E+00  0.000000E+00  0.000000E+00  0.164532E+04
  0.242529E+01  0.118343E+04  0.109696E+04  0.000000E+00  0.000000E+00  0.000000E+00  0.116912E+04
  0.296225E+01  0.838562E+03  0.777298E+03  0.000000E+00  0.000000E+00  0.000000E+00  0.828426E+03
  0.361810E+01  0.592663E+03  0.549369E+03  0.000000E+00  0.000000E+00  0.000000E+00  0.585500E+03
  0.441916E+01  0.417879E+03  0.387356E+03  0.000000E+00  0.000000E+00  0.000000E+00  0.412829E+03
  0.539757E+01  0.293995E+03  0.272523E+03  0.000000E+00  0.000000E+00  0.000000E+00  0.290443E+03
  0.659261E+01  0.206416E+03  0.191341E+03  0.000000E+00  0.000000E+00  0.000000E+00  0.203922E+03
  0.805224E+01  0.144653E+03  0.134090E+03  0.000000E+00  0.000000E+00  0.000000E+00  0.142905E+03
  0.983502E+01  0.101193E+03  0.938039E+02  0.000000E+00  0.000000E+00  0.000000E+00  0.999705E+02
  0.120125E+02  0.706750E+02  0.655145E+02  0.000000E+00  0.000000E+00  0.000000E+00  0.698212E+02
  0.146721E+02  0.492852E+02  0.456867E+02  0.000000E+00  0.000000E+00  0.000000E+00  0.486898E+02
  0.179206E+02  0.343201E+02  0.318145E+02  0.000000E+00  0.000000E+00  0.000000E+00  0.339056E+02
  0.218882E+02  0.238673E+02  0.221249E+02  0.000000E+00  0.000000E+00  0.000000E+00  0.235790E+02
  0.267344E+02  0.165773E+02  0.153671E+02  0.000000E+00  0.000000E+00  0.000000E+00  0.163771E+02
  0.326534E+02  0.115005E+02  0.106610E+02  0.000000E+00  0.000000E+00  0.000000E+00  0.113616E+02
  0.398830E+02  0.796967E+01  0.738792E+01  0.000000E+00  0.000000E+00  0.000000E+00  0.787342E+01
  0.487132E+02  0.551712E+01  0.511441E+01  0.000000E+00  0.000000E+00  0.000000E+00  0.545049E+01
  0.594984E+02  0.381557E+01  0.353707E+01  0.000000E+00  0.000000E+00  0.000000E+00  0.376950E+01
  0.726715E+02  0.263637E+01  0.244394E+01  0.000000E+00  0.000000E+00  0.000000E+00  0.260453E+01
  0.887612E+02  0.182001E+01  0.168717E+01  0.000000E+00  0.000000E+00  0.000000E+00  0.179803E+01
  0.108413E+03  0.125539E+01  0.116377E+01  0.000000E+00  0.000000E+00  0.000000E+00  0.124024E+01
  0.132416E+03  0.865266E+00  0.802116E+00  0.000000E+00  0.000000E+00  0.000000E+00  0.854818E+00
  0.161733E+03  0.595929E+00  0.552438E+00  0.000000E+00  0.000000E+00  0.000000E+00  0.588734E+00
  0.197541E+03  0.410142E+00  0.380210E+00  0.000000E+00  0.000000E+00  0.000000E+00  0.405190E+00
  0.241278E+03  0.282086E+00  0.261500E+00  0.000000E+00  0.000000E+00  0.000000E+00  0.278680E+00
  0.294698E+03  0.193888E+00  0.179739E+00  0.000000E+00  0.000000E+00  0.000000E+00  0.191547E+00
  0.359944E+03  0.133186E+00  0.123467E+00  0.000000E+00  0.000000E+00  0.000000E+00  0.131578E+00
  0.439637E+03  0.914349E-01  0.847627E-01  0.000000E+00  0.000000E+00  0.000000E+00  0.903310E-01
  0.536973E+03  0.627375E-01  0.581594E-01  0.000000E+00  0.000000E+00  0.000000E+00  0.619801E-01
  0.655861E+03  0.430241E-01  0.398846E-01  0.000000E+00  0.000000E+00  0.000000E+00  0.425047E-01
  0.801071E+03  0.294900E-01  0.273382E-01  0.000000E+00  0.000000E+00  0.000000E+00  0.291340E-01
  0.978430E+03  0.202036E-01  0.187294E-01  0.000000E+00  0.000000E+00  0.000000E+00  0.199597E-01
  0.119506E+04  0.138351E-01  0.128256E-01  0.000000E+00  0.000000E+00  0.000000E+00  0.136681E-01
  0.145965E+04  0.946987E-02  0.877889E-02  0.000000E+00  0.000000E+00  0.000000E+00  0.935555E-02
  0.178282E+04  0.647913E-02  0.600639E-02  0.000000E+00  0.000000E+00  0.000000E+00  0.640092E-02
  0.217754E+04  0.443111E-02  0.410780E-02  0.000000E+00  0.000000E+00  0.000000E+00  0.437762E-02
