 Omc =   0.2160000     OmLam=  0.7400000     sigma_8 =   0.7941610    
  0.694444E-04  0.200748E+08  0.200748E+08  0.260382E+08  0.260371E+08  0.000000E+00  0.200748E+08
  0.114495E-03  0.200722E+08  0.200722E+08  0.248255E+08  0.248227E+08  0.000000E+00  0.200722E+08
  0.188770E-03  0.200653E+08  0.200653E+08  0.217835E+08  0.217769E+08  0.000000E+00  0.200653E+08
  0.311228E-03  0.200471E+08  0.200471E+08  0.151518E+08  0.151400E+08  0.000000E+00  0.200471E+08
  0.513129E-03  0.200009E+08  0.200008E+08  0.542273E+07  0.541492E+07  0.000000E+00  0.200009E+08
  0.846007E-03  0.198928E+08  0.198927E+08  0.947656E+06  0.951860E+06  0.000000E+00  0.198928E+08
  0.139483E-02  0.196644E+08  0.196641E+08  0.994840E+05  0.100394E+06  0.000000E+00  0.196643E+08
  0.229968E-02  0.192191E+08  0.192183E+08  0.000000E+00  0.000000E+00  0.000000E+00  0.192189E+08
  0.379154E-02  0.184151E+08  0.184132E+08  0.000000E+00  0.000000E+00  0.000000E+00  0.184148E+08
  0.429638E-02  0.181379E+08  0.181355E+08  0.000000E+00  0.000000E+00  0.000000E+00  0.181375E+08
  0.486843E-02  0.178246E+08  0.178215E+08  0.000000E+00  0.000000E+00  0.000000E+00  0.178240E+08
  0.551666E-02  0.174720E+08  0.174681E+08  0.000000E+00  0.000000E+00  0.000000E+00  0.174713E+08
  0.625119E-02  0.170774E+08  0.170725E+08  0.000000E+00  0.000000E+00  0.000000E+00  0.170765E+08
  0.708353E-02  0.166378E+08  0.166316E+08  0.000000E+00  0.000000E+00  0.000000E+00  0.166367E+08
  0.802669E-02  0.161503E+08  0.161425E+08  0.000000E+00  0.000000E+00  0.000000E+00  0.161490E+08
  0.909543E-02  0.156120E+08  0.156023E+08  0.000000E+00  0.000000E+00  0.000000E+00  0.156104E+08
  0.103065E-01  0.150202E+08  0.150081E+08  0.000000E+00  0.000000E+00  0.000000E+00  0.150182E+08
  0.116788E-01  0.143723E+08  0.143573E+08  0.000000E+00  0.000000E+00  0.000000E+00  0.143698E+08
  0.132338E-01  0.136661E+08  0.136477E+08  0.000000E+00  0.000000E+00  0.000000E+00  0.136630E+08
  0.149958E-01  0.129003E+08  0.128780E+08  0.000000E+00  0.000000E+00  0.000000E+00  0.128966E+08
  0.169925E-01  0.121053E+08  0.120785E+08  0.000000E+00  0.000000E+00  0.000000E+00  0.121008E+08
  0.192550E-01  0.112343E+08  0.112025E+08  0.000000E+00  0.000000E+00  0.000000E+00  0.112289E+08
  0.218188E-01  0.102924E+08  0.102556E+08  0.000000E+00  0.000000E+00  0.000000E+00  0.102861E+08
  0.247239E-01  0.933888E+07  0.929742E+07  0.000000E+00  0.000000E+00  0.000000E+00  0.933187E+07
  0.280159E-01  0.838477E+07  0.833963E+07  0.000000E+00  0.000000E+00  0.000000E+00  0.837713E+07
  0.317462E-01  0.744348E+07  0.739653E+07  0.000000E+00  0.000000E+00  0.000000E+00  0.743553E+07
  0.359731E-01  0.660619E+07  0.656016E+07  0.000000E+00  0.000000E+00  0.000000E+00  0.659840E+07
  0.407629E-01  0.582937E+07  0.578767E+07  0.000000E+00  0.000000E+00  0.000000E+00  0.582231E+07
  0.461904E-01  0.515529E+07  0.512113E+07  0.000000E+00  0.000000E+00  0.000000E+00  0.514951E+07
  0.523406E-01  0.463908E+07  0.461422E+07  0.000000E+00  0.000000E+00  0.000000E+00  0.463487E+07
  0.593096E-01  0.418677E+07  0.417017E+07  0.000000E+00  0.000000E+00  0.000000E+00  0.418396E+07
  0.662541E-01  0.377555E+07  0.376288E+07  0.000000E+00  0.000000E+00  0.000000E+00  0.377340E+07
  0.731985E-01  0.338448E+07  0.337180E+07  0.000000E+00  0.000000E+00  0.000000E+00  0.338233E+07
  0.801430E-01  0.299641E+07  0.298174E+07  0.000000E+00  0.000000E+00  0.000000E+00  0.299393E+07
  0.870874E-01  0.264897E+07  0.263260E+07  0.000000E+00  0.000000E+00  0.000000E+00  0.264620E+07
  0.940319E-01  0.237533E+07  0.235901E+07  0.000000E+00  0.000000E+00  0.000000E+00  0.237257E+07
  0.100976E+00  0.217714E+07  0.216278E+07  0.000000E+00  0.000000E+00  0.000000E+00  0.217471E+07
  0.107921E+00  0.203667E+07  0.202531E+07  0.000000E+00  0.000000E+00  0.000000E+00  0.203475E+07
  0.114865E+00  0.192526E+07  0.191669E+07  0.000000E+00  0.000000E+00  0.000000E+00  0.192381E+07
  0.121810E+00  0.181452E+07  0.180761E+07  0.000000E+00  0.000000E+00  0.000000E+00  0.181335E+07
  0.128754E+00  0.169310E+07  0.168650E+07  0.000000E+00  0.000000E+00  0.000000E+00  0.169199E+07
  0.135699E+00  0.156369E+07  0.155649E+07  0.000000E+00  0.000000E+00  0.000000E+00  0.156247E+07
  0.142643E+00  0.143806E+07  0.143010E+07  0.000000E+00  0.000000E+00  0.000000E+00  0.143671E+07
  0.149587E+00  0.132990E+07  0.132164E+07  0.000000E+00  0.000000E+00  0.000000E+00  0.132850E+07
  0.156532E+00  0.124628E+07  0.123846E+07  0.000000E+00  0.000000E+00  0.000000E+00  0.124496E+07
  0.163476E+00  0.118443E+07  0.117760E+07  0.000000E+00  0.000000E+00  0.000000E+00  0.118327E+07
  0.170421E+00  0.113515E+07  0.112945E+07  0.000000E+00  0.000000E+00  0.000000E+00  0.113418E+07
  0.177365E+00  0.108863E+07  0.108381E+07  0.000000E+00  0.000000E+00  0.000000E+00  0.108781E+07
  0.184310E+00  0.103839E+07  0.103398E+07  0.000000E+00  0.000000E+00  0.000000E+00  0.103764E+07
  0.191254E+00  0.983049E+06  0.978617E+06  0.000000E+00  0.000000E+00  0.000000E+00  0.982299E+06
  0.198199E+00  0.926303E+06  0.921641E+06  0.000000E+00  0.000000E+00  0.000000E+00  0.925514E+06
  0.205143E+00  0.873271E+06  0.868431E+06  0.000000E+00  0.000000E+00  0.000000E+00  0.872452E+06
  0.217572E+00  0.798430E+06  0.793849E+06  0.000000E+00  0.000000E+00  0.000000E+00  0.797655E+06
  0.230754E+00  0.743703E+06  0.739952E+06  0.000000E+00  0.000000E+00  0.000000E+00  0.743068E+06
  0.244735E+00  0.690198E+06  0.686995E+06  0.000000E+00  0.000000E+00  0.000000E+00  0.689656E+06
  0.259563E+00  0.628703E+06  0.625495E+06  0.000000E+00  0.000000E+00  0.000000E+00  0.628160E+06
  0.275290E+00  0.572195E+06  0.569078E+06  0.000000E+00  0.000000E+00  0.000000E+00  0.571668E+06
  0.291969E+00  0.528535E+06  0.525861E+06  0.000000E+00  0.000000E+00  0.000000E+00  0.528082E+06
  0.309659E+00  0.486464E+06  0.484076E+06  0.000000E+00  0.000000E+00  0.000000E+00  0.486060E+06
  0.328421E+00  0.442735E+06  0.440420E+06  0.000000E+00  0.000000E+00  0.000000E+00  0.442343E+06
  0.348319E+00  0.405663E+06  0.403576E+06  0.000000E+00  0.000000E+00  0.000000E+00  0.405310E+06
  0.369423E+00  0.372383E+06  0.370518E+06  0.000000E+00  0.000000E+00  0.000000E+00  0.372067E+06
  0.391806E+00  0.339438E+06  0.337685E+06  0.000000E+00  0.000000E+00  0.000000E+00  0.339141E+06
  0.415544E+00  0.310602E+06  0.309022E+06  0.000000E+00  0.000000E+00  0.000000E+00  0.310334E+06
  0.579939E+00  0.184688E+06  0.183746E+06  0.000000E+00  0.000000E+00  0.000000E+00  0.184529E+06
  0.809370E+00  0.108257E+06  0.107706E+06  0.000000E+00  0.000000E+00  0.000000E+00  0.108164E+06
  0.112957E+01  0.626670E+05  0.623481E+05  0.000000E+00  0.000000E+00  0.000000E+00  0.626131E+05
  0.157644E+01  0.358914E+05  0.357089E+05  0.000000E+00  0.000000E+00  0.000000E+00  0.358605E+05
  0.220010E+01  0.203684E+05  0.202648E+05  0.000000E+00  0.000000E+00  0.000000E+00  0.203509E+05
  0.307048E+01  0.114675E+05  0.114092E+05  0.000000E+00  0.000000E+00  0.000000E+00  0.114577E+05
  0.428520E+01  0.641169E+04  0.637909E+04  0.000000E+00  0.000000E+00  0.000000E+00  0.640617E+04
  0.598048E+01  0.356319E+04  0.354508E+04  0.000000E+00  0.000000E+00  0.000000E+00  0.356012E+04
  0.834643E+01  0.196962E+04  0.195961E+04  0.000000E+00  0.000000E+00  0.000000E+00  0.196793E+04
  0.116484E+02  0.108361E+04  0.107810E+04  0.000000E+00  0.000000E+00  0.000000E+00  0.108267E+04
  0.162566E+02  0.593646E+03  0.590630E+03  0.000000E+00  0.000000E+00  0.000000E+00  0.593135E+03
  0.226880E+02  0.324003E+03  0.322358E+03  0.000000E+00  0.000000E+00  0.000000E+00  0.323725E+03
  0.316636E+02  0.176239E+03  0.175343E+03  0.000000E+00  0.000000E+00  0.000000E+00  0.176087E+03
  0.441901E+02  0.955717E+02  0.950862E+02  0.000000E+00  0.000000E+00  0.000000E+00  0.954895E+02
  0.616723E+02  0.516840E+02  0.514215E+02  0.000000E+00  0.000000E+00  0.000000E+00  0.516396E+02
  0.860706E+02  0.278802E+02  0.277386E+02  0.000000E+00  0.000000E+00  0.000000E+00  0.278562E+02
  0.120121E+03  0.150051E+02  0.149289E+02  0.000000E+00  0.000000E+00  0.000000E+00  0.149922E+02
  0.167643E+03  0.805893E+01  0.801800E+01  0.000000E+00  0.000000E+00  0.000000E+00  0.805200E+01
