    0.10000E-03    0.57648E+03
    0.10202E-03    0.58765E+03
    0.10408E-03    0.59903E+03
    0.10618E-03    0.61064E+03
    0.10833E-03    0.62247E+03
    0.11052E-03    0.63452E+03
    0.11275E-03    0.64681E+03
    0.11503E-03    0.65934E+03
    0.11735E-03    0.67211E+03
    0.11972E-03    0.68513E+03
    0.12214E-03    0.69840E+03
    0.12461E-03    0.71192E+03
    0.12712E-03    0.72571E+03
    0.12969E-03    0.73977E+03
    0.13231E-03    0.75409E+03
    0.13499E-03    0.76869E+03
    0.13771E-03    0.78357E+03
    0.14049E-03    0.79875E+03
    0.14333E-03    0.81421E+03
    0.14623E-03    0.82997E+03
    0.14918E-03    0.84604E+03
    0.15220E-03    0.86242E+03
    0.15527E-03    0.87911E+03
    0.15841E-03    0.89613E+03
    0.16161E-03    0.91347E+03
    0.16487E-03    0.93115E+03
    0.16820E-03    0.94917E+03
    0.17160E-03    0.96753E+03
    0.17507E-03    0.98625E+03
    0.17860E-03    0.10053E+04
    0.18221E-03    0.10248E+04
    0.18589E-03    0.10446E+04
    0.18965E-03    0.10648E+04
    0.19348E-03    0.10854E+04
    0.19739E-03    0.11064E+04
    0.20138E-03    0.11278E+04
    0.20544E-03    0.11496E+04
    0.20959E-03    0.11718E+04
    0.21383E-03    0.11945E+04
    0.21815E-03    0.12176E+04
    0.22255E-03    0.12411E+04
    0.22705E-03    0.12651E+04
    0.23164E-03    0.12895E+04
    0.23632E-03    0.13144E+04
    0.24109E-03    0.13398E+04
    0.24596E-03    0.13657E+04
    0.25093E-03    0.13921E+04
    0.25600E-03    0.14189E+04
    0.26117E-03    0.14463E+04
    0.26645E-03    0.14742E+04
    0.27183E-03    0.15027E+04
    0.27732E-03    0.15317E+04
    0.28292E-03    0.15612E+04
    0.28864E-03    0.15913E+04
    0.29447E-03    0.16220E+04
    0.30042E-03    0.16533E+04
    0.30649E-03    0.16852E+04
    0.31268E-03    0.17177E+04
    0.31899E-03    0.17508E+04
    0.32544E-03    0.17845E+04
    0.33201E-03    0.18188E+04
    0.33872E-03    0.18539E+04
    0.34556E-03    0.18895E+04
    0.35254E-03    0.19259E+04
    0.35966E-03    0.19630E+04
    0.36693E-03    0.20007E+04
    0.37434E-03    0.20392E+04
    0.38190E-03    0.20784E+04
    0.38962E-03    0.21183E+04
    0.39749E-03    0.21590E+04
    0.40552E-03    0.22004E+04
    0.41371E-03    0.22427E+04
    0.42207E-03    0.22857E+04
    0.43060E-03    0.23296E+04
    0.43929E-03    0.23742E+04
    0.44817E-03    0.24197E+04
    0.45722E-03    0.24661E+04
    0.46646E-03    0.25133E+04
    0.47588E-03    0.25614E+04
    0.48550E-03    0.26104E+04
    0.49530E-03    0.26603E+04
    0.50531E-03    0.27112E+04
    0.51552E-03    0.27630E+04
    0.52593E-03    0.28157E+04
    0.53656E-03    0.28695E+04
    0.54739E-03    0.29242E+04
    0.55845E-03    0.29799E+04
    0.56973E-03    0.30367E+04
    0.58124E-03    0.30945E+04
    0.59299E-03    0.31534E+04
    0.60496E-03    0.32134E+04
    0.61719E-03    0.32744E+04
    0.62965E-03    0.33366E+04
    0.64237E-03    0.33999E+04
    0.65535E-03    0.34644E+04
    0.66859E-03    0.35301E+04
    0.68210E-03    0.35969E+04
    0.69588E-03    0.36650E+04
    0.70993E-03    0.37343E+04
    0.72427E-03    0.38048E+04
    0.73891E-03    0.38766E+04
    0.75383E-03    0.39497E+04
    0.76906E-03    0.40242E+04
    0.78460E-03    0.40999E+04
    0.80045E-03    0.41770E+04
    0.81662E-03    0.42555E+04
    0.83311E-03    0.43354E+04
    0.84994E-03    0.44167E+04
    0.86711E-03    0.44994E+04
    0.88463E-03    0.45836E+04
    0.90250E-03    0.46693E+04
    0.92073E-03    0.47565E+04
    0.93933E-03    0.48452E+04
    0.95831E-03    0.49354E+04
    0.97767E-03    0.50273E+04
    0.99742E-03    0.51207E+04
    0.10176E-02    0.52157E+04
    0.10381E-02    0.53123E+04
    0.10591E-02    0.54107E+04
    0.10805E-02    0.55107E+04
    0.11023E-02    0.56124E+04
    0.11246E-02    0.57158E+04
    0.11473E-02    0.58210E+04
    0.11705E-02    0.59279E+04
    0.11941E-02    0.60366E+04
    0.12182E-02    0.61472E+04
    0.12429E-02    0.62596E+04
    0.12680E-02    0.63738E+04
    0.12936E-02    0.64900E+04
    0.13197E-02    0.66080E+04
    0.13464E-02    0.67279E+04
    0.13736E-02    0.68498E+04
    0.14013E-02    0.69737E+04
    0.14296E-02    0.70995E+04
    0.14585E-02    0.72274E+04
    0.14880E-02    0.73573E+04
    0.15180E-02    0.74892E+04
    0.15487E-02    0.76232E+04
    0.15800E-02    0.77593E+04
    0.16119E-02    0.78974E+04
    0.16445E-02    0.80377E+04
    0.16777E-02    0.81802E+04
    0.17116E-02    0.83248E+04
    0.17462E-02    0.84716E+04
    0.17814E-02    0.86205E+04
    0.18174E-02    0.87717E+04
    0.18541E-02    0.89251E+04
    0.18916E-02    0.90807E+04
    0.19298E-02    0.92386E+04
    0.19688E-02    0.93988E+04
    0.20086E-02    0.95612E+04
    0.20491E-02    0.97259E+04
    0.20905E-02    0.98929E+04
    0.21328E-02    0.10062E+05
    0.21758E-02    0.10234E+05
    0.22198E-02    0.10408E+05
    0.22646E-02    0.10584E+05
    0.23104E-02    0.10763E+05
    0.23571E-02    0.10943E+05
    0.24047E-02    0.11127E+05
    0.24533E-02    0.11312E+05
    0.25028E-02    0.11500E+05
    0.25534E-02    0.11690E+05
    0.26050E-02    0.11883E+05
    0.26576E-02    0.12078E+05
    0.27113E-02    0.12275E+05
    0.27660E-02    0.12474E+05
    0.28219E-02    0.12676E+05
    0.28789E-02    0.12880E+05
    0.29371E-02    0.13086E+05
    0.29964E-02    0.13295E+05
    0.30569E-02    0.13505E+05
    0.31187E-02    0.13718E+05
    0.31817E-02    0.13933E+05
    0.32460E-02    0.14151E+05
    0.33115E-02    0.14370E+05
    0.33784E-02    0.14591E+05
    0.34467E-02    0.14815E+05
    0.35163E-02    0.15040E+05
    0.35874E-02    0.15268E+05
    0.36598E-02    0.15497E+05
    0.37338E-02    0.15729E+05
    0.38092E-02    0.15962E+05
    0.38861E-02    0.16197E+05
    0.39646E-02    0.16433E+05
    0.40447E-02    0.16671E+05
    0.41264E-02    0.16911E+05
    0.42098E-02    0.17153E+05
    0.42948E-02    0.17396E+05
    0.43816E-02    0.17640E+05
    0.44701E-02    0.17886E+05
    0.45604E-02    0.18133E+05
    0.46525E-02    0.18381E+05
    0.47465E-02    0.18630E+05
    0.48424E-02    0.18880E+05
    0.49402E-02    0.19131E+05
    0.50400E-02    0.19383E+05
    0.51419E-02    0.19635E+05
    0.52457E-02    0.19888E+05
    0.53517E-02    0.20142E+05
    0.54598E-02    0.20395E+05
    0.55701E-02    0.20649E+05
    0.56826E-02    0.20903E+05
    0.57974E-02    0.21158E+05
    0.59145E-02    0.21411E+05
    0.60340E-02    0.21665E+05
    0.61559E-02    0.21918E+05
    0.62803E-02    0.22170E+05
    0.64072E-02    0.22422E+05
    0.65366E-02    0.22672E+05
    0.66686E-02    0.22922E+05
    0.68033E-02    0.23170E+05
    0.69408E-02    0.23416E+05
    0.70810E-02    0.23661E+05
    0.72240E-02    0.23904E+05
    0.73700E-02    0.24144E+05
    0.75189E-02    0.24383E+05
    0.76708E-02    0.24619E+05
    0.78257E-02    0.24852E+05
    0.79838E-02    0.25083E+05
    0.81451E-02    0.25311E+05
    0.83096E-02    0.25536E+05
    0.84775E-02    0.25758E+05
    0.86488E-02    0.25976E+05
    0.88235E-02    0.26190E+05
    0.90017E-02    0.26399E+05
    0.91836E-02    0.26603E+05
    0.93691E-02    0.26802E+05
    0.95583E-02    0.26996E+05
    0.97514E-02    0.27182E+05
    0.99484E-02    0.27362E+05
    0.10149E-01    0.27535E+05
    0.10354E-01    0.27701E+05
    0.10564E-01    0.27861E+05
    0.10777E-01    0.28015E+05
    0.10995E-01    0.28162E+05
    0.11217E-01    0.28303E+05
    0.11443E-01    0.28436E+05
    0.11675E-01    0.28563E+05
    0.11910E-01    0.28681E+05
    0.12151E-01    0.28791E+05
    0.12397E-01    0.28892E+05
    0.12647E-01    0.28984E+05
    0.12902E-01    0.29066E+05
    0.13163E-01    0.29137E+05
    0.13429E-01    0.29197E+05
    0.13700E-01    0.29245E+05
    0.13977E-01    0.29282E+05
    0.14259E-01    0.29308E+05
    0.14547E-01    0.29321E+05
    0.14841E-01    0.29322E+05
    0.15141E-01    0.29311E+05
    0.15447E-01    0.29287E+05
    0.15759E-01    0.29251E+05
    0.16077E-01    0.29203E+05
    0.16402E-01    0.29142E+05
    0.16734E-01    0.29067E+05
    0.17072E-01    0.28979E+05
    0.17416E-01    0.28877E+05
    0.17768E-01    0.28762E+05
    0.18127E-01    0.28632E+05
    0.18493E-01    0.28488E+05
    0.18867E-01    0.28330E+05
    0.19248E-01    0.28158E+05
    0.19637E-01    0.27971E+05
    0.20034E-01    0.27771E+05
    0.20438E-01    0.27557E+05
    0.20851E-01    0.27328E+05
    0.21272E-01    0.27087E+05
    0.21702E-01    0.26832E+05
    0.22141E-01    0.26563E+05
    0.22588E-01    0.26282E+05
    0.23044E-01    0.25989E+05
    0.23510E-01    0.25683E+05
    0.23985E-01    0.25366E+05
    0.24469E-01    0.25038E+05
    0.24964E-01    0.24699E+05
    0.25468E-01    0.24351E+05
    0.25982E-01    0.23993E+05
    0.26507E-01    0.23627E+05
    0.27043E-01    0.23254E+05
    0.27589E-01    0.22874E+05
    0.28146E-01    0.22488E+05
    0.28715E-01    0.22097E+05
    0.29295E-01    0.21702E+05
    0.29887E-01    0.21304E+05
    0.30490E-01    0.20903E+05
    0.31106E-01    0.20501E+05
    0.31735E-01    0.20096E+05
    0.32376E-01    0.19691E+05
    0.33030E-01    0.19286E+05
    0.33697E-01    0.18884E+05
    0.34378E-01    0.18486E+05
    0.35072E-01    0.18093E+05
    0.35781E-01    0.17708E+05
    0.36504E-01    0.17332E+05
    0.37241E-01    0.16965E+05
    0.37993E-01    0.16607E+05
    0.38761E-01    0.16261E+05
    0.39544E-01    0.15926E+05
    0.40343E-01    0.15603E+05
    0.41158E-01    0.15291E+05
    0.41989E-01    0.14992E+05
    0.42838E-01    0.14706E+05
    0.43703E-01    0.14432E+05
    0.44586E-01    0.14171E+05
    0.45486E-01    0.13922E+05
    0.46405E-01    0.13684E+05
    0.47343E-01    0.13459E+05
    0.48299E-01    0.13244E+05
    0.49275E-01    0.13040E+05
    0.50270E-01    0.12845E+05
    0.51286E-01    0.12659E+05
    0.52322E-01    0.12482E+05
    0.53379E-01    0.12311E+05
    0.54457E-01    0.12147E+05
    0.55557E-01    0.11985E+05
    0.56680E-01    0.11826E+05
    0.57825E-01    0.11665E+05
    0.58993E-01    0.11502E+05
    0.60184E-01    0.11334E+05
    0.61400E-01    0.11161E+05
    0.62641E-01    0.10979E+05
    0.63906E-01    0.10789E+05
    0.65197E-01    0.10588E+05
    0.66514E-01    0.10375E+05
    0.67858E-01    0.10151E+05
    0.69229E-01    0.99142E+04
    0.70627E-01    0.96648E+04
    0.72054E-01    0.94028E+04
    0.73510E-01    0.91291E+04
    0.74994E-01    0.88454E+04
    0.76509E-01    0.85536E+04
    0.78055E-01    0.82553E+04
    0.79632E-01    0.79523E+04
    0.81241E-01    0.76483E+04
    0.82882E-01    0.73479E+04
    0.84556E-01    0.70554E+04
    0.86264E-01    0.67742E+04
    0.88007E-01    0.65074E+04
    0.89785E-01    0.62570E+04
    0.91598E-01    0.60244E+04
    0.93449E-01    0.58109E+04
    0.95337E-01    0.56174E+04
    0.97263E-01    0.54445E+04
    0.99227E-01    0.52914E+04
    0.10123E+00    0.51561E+04
    0.10328E+00    0.50369E+04
    0.10536E+00    0.49322E+04
    0.10749E+00    0.48405E+04
    0.10966E+00    0.47584E+04
    0.11188E+00    0.46809E+04
    0.11414E+00    0.46034E+04
    0.11644E+00    0.45216E+04
    0.11880E+00    0.44315E+04
    0.12120E+00    0.43309E+04
    0.12365E+00    0.42186E+04
    0.12614E+00    0.40939E+04
    0.12869E+00    0.39563E+04
    0.13129E+00    0.38058E+04
    0.13394E+00    0.36461E+04
    0.13665E+00    0.34829E+04
    0.13941E+00    0.33211E+04
    0.14223E+00    0.31650E+04
    0.14510E+00    0.30181E+04
    0.14803E+00    0.28828E+04
    0.15102E+00    0.27610E+04
    0.15407E+00    0.26539E+04
    0.15718E+00    0.25628E+04
    0.16036E+00    0.24886E+04
    0.16360E+00    0.24281E+04
    0.16690E+00    0.23760E+04
    0.17028E+00    0.23271E+04
    0.17371E+00    0.22766E+04
    0.17722E+00    0.22206E+04
    0.18080E+00    0.21573E+04
    0.18446E+00    0.20872E+04
    0.18818E+00    0.20109E+04
    0.19198E+00    0.19289E+04
    0.19586E+00    0.18421E+04
    0.19982E+00    0.17537E+04
    0.20386E+00    0.16685E+04
    0.20797E+00    0.15901E+04
    0.21218E+00    0.15217E+04
    0.21646E+00    0.14656E+04
    0.22083E+00    0.14201E+04
    0.22530E+00    0.13808E+04
    0.22985E+00    0.13436E+04
    0.23449E+00    0.13051E+04
    0.23923E+00    0.12621E+04
    0.24406E+00    0.12149E+04
    0.24899E+00    0.11656E+04
    0.25402E+00    0.11162E+04
    0.25915E+00    0.10684E+04
    0.26439E+00    0.10237E+04
    0.26973E+00    0.98220E+03
    0.27518E+00    0.94350E+03
    0.28074E+00    0.90709E+03
    0.28641E+00    0.87257E+03
    0.29219E+00    0.83959E+03
    0.29810E+00    0.80788E+03
    0.30412E+00    0.77725E+03
    0.31026E+00    0.74754E+03
    0.31653E+00    0.71860E+03
    0.32292E+00    0.69032E+03
    0.32945E+00    0.66270E+03
    0.33610E+00    0.63584E+03
    0.34289E+00    0.60985E+03
    0.34982E+00    0.58478E+03
    0.35689E+00    0.56069E+03
    0.36409E+00    0.53760E+03
    0.37145E+00    0.51550E+03
    0.37895E+00    0.49437E+03
    0.38661E+00    0.47420E+03
    0.39442E+00    0.45497E+03
    0.40239E+00    0.43660E+03
    0.41052E+00    0.41897E+03
    0.41881E+00    0.40198E+03
    0.42727E+00    0.38555E+03
    0.43590E+00    0.36960E+03
    0.44471E+00    0.35412E+03
    0.45369E+00    0.33917E+03
    0.46286E+00    0.32476E+03
    0.47221E+00    0.31094E+03
    0.48174E+00    0.29771E+03
    0.49148E+00    0.28507E+03
    0.50141E+00    0.27297E+03
    0.51153E+00    0.26138E+03
    0.52187E+00    0.25026E+03
    0.53241E+00    0.23959E+03
    0.54317E+00    0.22935E+03
    0.55414E+00    0.21952E+03
    0.56533E+00    0.21009E+03
    0.57675E+00    0.20104E+03
    0.58840E+00    0.19236E+03
    0.60029E+00    0.18403E+03
    0.61242E+00    0.17604E+03
    0.62479E+00    0.16839E+03
    0.63741E+00    0.16104E+03
    0.65029E+00    0.15401E+03
    0.66342E+00    0.14726E+03
    0.67683E+00    0.14080E+03
    0.69050E+00    0.13461E+03
    0.70445E+00    0.12868E+03
    0.71868E+00    0.12299E+03
    0.73320E+00    0.11755E+03
    0.74801E+00    0.11234E+03
    0.76312E+00    0.10734E+03
    0.77854E+00    0.10256E+03
    0.79426E+00    0.97987E+02
    0.81031E+00    0.93606E+02
    0.82668E+00    0.89413E+02
    0.84338E+00    0.85400E+02
    0.86041E+00    0.81560E+02
    0.87780E+00    0.77886E+02
    0.89553E+00    0.74372E+02
    0.91362E+00    0.71010E+02
    0.93208E+00    0.67795E+02
    0.95091E+00    0.64720E+02
    0.97011E+00    0.61778E+02
    0.98971E+00    0.58966E+02
    0.10097E+01    0.56277E+02
    0.10301E+01    0.53706E+02
    0.10509E+01    0.51248E+02
    0.10721E+01    0.48899E+02
    0.10938E+01    0.46654E+02
    0.11159E+01    0.44508E+02
    0.11384E+01    0.42458E+02
    0.11614E+01    0.40500E+02
    0.11849E+01    0.38628E+02
    0.12088E+01    0.36841E+02
    0.12333E+01    0.35133E+02
    0.12582E+01    0.33503E+02
    0.12836E+01    0.31945E+02
    0.13095E+01    0.30458E+02
    0.13360E+01    0.29038E+02
    0.13630E+01    0.27682E+02
    0.13905E+01    0.26388E+02
    0.14186E+01    0.25152E+02
    0.14472E+01    0.23973E+02
    0.14765E+01    0.22847E+02
    0.15063E+01    0.21773E+02
    0.15367E+01    0.20747E+02
    0.15678E+01    0.19769E+02
    0.15994E+01    0.18836E+02
    0.16318E+01    0.17945E+02
    0.16647E+01    0.17096E+02
    0.16984E+01    0.16285E+02
    0.17327E+01    0.15512E+02
    0.17677E+01    0.14775E+02
    0.18034E+01    0.14072E+02
    0.18398E+01    0.13402E+02
    0.18770E+01    0.12763E+02
    0.19149E+01    0.12153E+02
    0.19536E+01    0.11572E+02
    0.19930E+01    0.11018E+02
    0.20333E+01    0.10490E+02
    0.20744E+01    0.99865E+01
    0.21163E+01    0.95067E+01
    0.21590E+01    0.90495E+01
    0.22026E+01    0.86138E+01
    0.22471E+01    0.81985E+01
    0.22925E+01    0.78029E+01
    0.23388E+01    0.74259E+01
    0.23861E+01    0.70668E+01
    0.24343E+01    0.67246E+01
    0.24835E+01    0.63986E+01
    0.25336E+01    0.60881E+01
    0.25848E+01    0.57924E+01
    0.26370E+01    0.55107E+01
    0.26903E+01    0.52425E+01
    0.27447E+01    0.49870E+01
    0.28001E+01    0.47438E+01
    0.28567E+01    0.45122E+01
    0.29144E+01    0.42917E+01
    0.29733E+01    0.40817E+01
    0.30333E+01    0.38818E+01
    0.30946E+01    0.36915E+01
    0.31571E+01    0.35104E+01
    0.32209E+01    0.33380E+01
    0.32860E+01    0.31739E+01
    0.33523E+01    0.30178E+01
    0.34201E+01    0.28691E+01
    0.34892E+01    0.27277E+01
    0.35596E+01    0.25931E+01
    0.36316E+01    0.24651E+01
    0.37049E+01    0.23432E+01
    0.37798E+01    0.22273E+01
    0.38561E+01    0.21170E+01
    0.39340E+01    0.20121E+01
    0.40135E+01    0.19123E+01
    0.40946E+01    0.18174E+01
    0.41773E+01    0.17271E+01
    0.42617E+01    0.16412E+01
    0.43478E+01    0.15595E+01
    0.44356E+01    0.14818E+01
    0.45252E+01    0.14080E+01
    0.46166E+01    0.13377E+01
    0.47099E+01    0.12709E+01
    0.48050E+01    0.12074E+01
    0.49021E+01    0.11470E+01
    0.50011E+01    0.10896E+01
    0.51021E+01    0.10350E+01
    0.52052E+01    0.98315E+00
    0.53104E+01    0.93383E+00
    0.54176E+01    0.88695E+00
    0.55271E+01    0.84239E+00
    0.56387E+01    0.80003E+00
    0.57526E+01    0.75978E+00
    0.58689E+01    0.72152E+00
    0.59874E+01    0.68516E+00
    0.61084E+01    0.65061E+00
    0.62318E+01    0.61778E+00
    0.63577E+01    0.58658E+00
    0.64861E+01    0.55694E+00
    0.66171E+01    0.52878E+00
    0.67508E+01    0.50202E+00
    0.68872E+01    0.47660E+00
    0.70263E+01    0.45245E+00
    0.71682E+01    0.42951E+00
    0.73130E+01    0.40772E+00
    0.74608E+01    0.38701E+00
    0.76115E+01    0.36735E+00
    0.77653E+01    0.34867E+00
    0.79221E+01    0.33093E+00
    0.80822E+01    0.31409E+00
    0.82454E+01    0.29809E+00
    0.84120E+01    0.28289E+00
    0.85819E+01    0.26847E+00
    0.87553E+01    0.25476E+00
    0.89322E+01    0.24175E+00
    0.91126E+01    0.22940E+00
    0.92967E+01    0.21767E+00
    0.94845E+01    0.20654E+00
    0.96761E+01    0.19596E+00
    0.98716E+01    0.18593E+00
    0.10071E+02    0.17640E+00
    0.10274E+02    0.16735E+00
    0.10482E+02    0.15876E+00
    0.10694E+02    0.15061E+00
    0.10910E+02    0.14288E+00
    0.11130E+02    0.13553E+00
    0.11355E+02    0.12856E+00
    0.11584E+02    0.12195E+00
    0.11818E+02    0.11567E+00
    0.12057E+02    0.10971E+00
    0.12301E+02    0.10406E+00
    0.12549E+02    0.98689E-01
    0.12803E+02    0.93597E-01
    0.13061E+02    0.88765E-01
    0.13325E+02    0.84180E-01
    0.13594E+02    0.79830E-01
    0.13869E+02    0.75702E-01
    0.14149E+02    0.71786E-01
    0.14435E+02    0.68070E-01
    0.14727E+02    0.64545E-01
    0.15024E+02    0.61201E-01
    0.15328E+02    0.58028E-01
    0.15637E+02    0.55018E-01
    0.15953E+02    0.52163E-01
    0.16275E+02    0.49455E-01
    0.16604E+02    0.46886E-01
    0.16940E+02    0.44450E-01
    0.17282E+02    0.42139E-01
    0.17631E+02    0.39947E-01
    0.17987E+02    0.37868E-01
    0.18351E+02    0.35896E-01
    0.18721E+02    0.34026E-01
    0.19099E+02    0.32253E-01
    0.19485E+02    0.30571E-01
    0.19879E+02    0.28977E-01
    0.20280E+02    0.27465E-01
    0.20690E+02    0.26031E-01
    0.21108E+02    0.24671E-01
    0.21535E+02    0.23382E-01
    0.21970E+02    0.22159E-01
    0.22413E+02    0.21000E-01
    0.22866E+02    0.19901E-01
    0.23328E+02    0.18860E-01
    0.23799E+02    0.17872E-01
    0.24280E+02    0.16935E-01
    0.24771E+02    0.16048E-01
    0.25271E+02    0.15206E-01
    0.25782E+02    0.14408E-01
    0.26302E+02    0.13652E-01
    0.26834E+02    0.12935E-01
    0.27376E+02    0.12256E-01
    0.27929E+02    0.11612E-01
    0.28493E+02    0.11002E-01
    0.29069E+02    0.10423E-01
    0.29656E+02    0.98747E-02
    0.30255E+02    0.93549E-02
    0.30866E+02    0.88624E-02
    0.31490E+02    0.83955E-02
    0.32126E+02    0.79531E-02
    0.32775E+02    0.75339E-02
    0.33437E+02    0.71366E-02
    0.34112E+02    0.67601E-02
    0.34801E+02    0.64033E-02
    0.35504E+02    0.60653E-02
    0.36222E+02    0.57449E-02
    0.36953E+02    0.54414E-02
    0.37700E+02    0.51538E-02
    0.38462E+02    0.48813E-02
    0.39239E+02    0.46231E-02
    0.40031E+02    0.43785E-02
    0.40840E+02    0.41467E-02
    0.41665E+02    0.39272E-02
    0.42507E+02    0.37191E-02
    0.43365E+02    0.35221E-02
    0.44241E+02    0.33354E-02
    0.45135E+02    0.31585E-02
    0.46047E+02    0.29910E-02
    0.46977E+02    0.28323E-02
    0.47926E+02    0.26819E-02
    0.48894E+02    0.25395E-02
    0.49882E+02    0.24046E-02
    0.50890E+02    0.22769E-02
    0.51918E+02    0.21558E-02
    0.52966E+02    0.20412E-02
    0.54036E+02    0.19326E-02
    0.55128E+02    0.18298E-02
    0.56242E+02    0.17324E-02
    0.57378E+02    0.16402E-02
    0.58537E+02    0.15528E-02
    0.59720E+02    0.14701E-02
    0.60926E+02    0.13918E-02
    0.62157E+02    0.13176E-02
    0.63412E+02    0.12473E-02
    0.64693E+02    0.11808E-02
    0.66000E+02    0.11178E-02
    0.67334E+02    0.10581E-02
    0.68694E+02    0.10016E-02
    0.70082E+02    0.94814E-03
    0.71497E+02    0.89748E-03
    0.72942E+02    0.84952E-03
    0.74415E+02    0.80411E-03
    0.75918E+02    0.76111E-03
    0.77452E+02    0.72040E-03
    0.79017E+02    0.68186E-03
    0.80613E+02    0.64537E-03
    0.82241E+02    0.61082E-03
    0.83903E+02    0.57811E-03
    0.85598E+02    0.54714E-03
    0.87327E+02    0.51782E-03
    0.89091E+02    0.49007E-03
    0.90891E+02    0.46380E-03
    0.92727E+02    0.43892E-03
    0.94600E+02    0.41538E-03
    0.96511E+02    0.39309E-03
    0.98461E+02    0.37199E-03
    0.10045E+03    0.35202E-03
    0.10248E+03    0.33312E-03
    0.10455E+03    0.31523E-03
    0.10666E+03    0.29829E-03
    0.10882E+03    0.28226E-03
    0.11101E+03    0.26708E-03
    0.11326E+03    0.25272E-03
    0.11554E+03    0.23913E-03
    0.11788E+03    0.22626E-03
    0.12026E+03    0.21409E-03
    0.12269E+03    0.20256E-03
    0.12517E+03    0.19166E-03
    0.12770E+03    0.18133E-03
    0.13028E+03    0.17156E-03
    0.13291E+03    0.16232E-03
    0.13559E+03    0.15357E-03
    0.13833E+03    0.14529E-03
    0.14113E+03    0.13745E-03
