  0.943462E-05  0.157109E+06  0.157109E+06  0.209478E+06  0.209478E+06  0.000000E+00  0.157109E+06
  0.129189E-04  0.201100E+06  0.201100E+06  0.268131E+06  0.268131E+06  0.000000E+00  0.201100E+06
  0.163412E-04  0.219953E+06  0.219953E+06  0.293267E+06  0.293267E+06  0.000000E+00  0.219953E+06
  0.197339E-04  0.229828E+06  0.229828E+06  0.306432E+06  0.306432E+06  0.000000E+00  0.229828E+06
  0.231100E-04  0.235664E+06  0.235664E+06  0.314211E+06  0.314210E+06  0.000000E+00  0.235664E+06
  0.264758E-04  0.239404E+06  0.239404E+06  0.319196E+06  0.319194E+06  0.000000E+00  0.239404E+06
  0.298349E-04  0.241948E+06  0.241948E+06  0.322584E+06  0.322583E+06  0.000000E+00  0.241948E+06
  0.331892E-04  0.243757E+06  0.243757E+06  0.324993E+06  0.324991E+06  0.000000E+00  0.243757E+06
  0.365401E-04  0.245090E+06  0.245090E+06  0.326767E+06  0.326764E+06  0.000000E+00  0.245090E+06
  0.398885E-04  0.246100E+06  0.246100E+06  0.328110E+06  0.328107E+06  0.000000E+00  0.246100E+06
  0.432348E-04  0.246885E+06  0.246885E+06  0.329152E+06  0.329149E+06  0.000000E+00  0.246885E+06
  0.465797E-04  0.247506E+06  0.247506E+06  0.329976E+06  0.329972E+06  0.000000E+00  0.247506E+06
  0.499233E-04  0.248007E+06  0.248006E+06  0.330638E+06  0.330634E+06  0.000000E+00  0.248007E+06
  0.532659E-04  0.248416E+06  0.248415E+06  0.331178E+06  0.331173E+06  0.000000E+00  0.248416E+06
  0.566077E-04  0.248754E+06  0.248754E+06  0.331624E+06  0.331618E+06  0.000000E+00  0.248754E+06
  0.599488E-04  0.249038E+06  0.249037E+06  0.331996E+06  0.331990E+06  0.000000E+00  0.249038E+06
  0.632893E-04  0.249277E+06  0.249277E+06  0.332309E+06  0.332302E+06  0.000000E+00  0.249277E+06
  0.666294E-04  0.249482E+06  0.249481E+06  0.332575E+06  0.332567E+06  0.000000E+00  0.249482E+06
  0.699690E-04  0.249658E+06  0.249657E+06  0.332803E+06  0.332794E+06  0.000000E+00  0.249658E+06
  0.733082E-04  0.249810E+06  0.249809E+06  0.332998E+06  0.332989E+06  0.000000E+00  0.249810E+06
  0.766472E-04  0.249943E+06  0.249942E+06  0.333168E+06  0.333157E+06  0.000000E+00  0.249942E+06
  0.799859E-04  0.250059E+06  0.250058E+06  0.333315E+06  0.333303E+06  0.000000E+00  0.250059E+06
  0.833243E-04  0.250162E+06  0.250161E+06  0.333443E+06  0.333431E+06  0.000000E+00  0.250161E+06
  0.866625E-04  0.250252E+06  0.250252E+06  0.333556E+06  0.333542E+06  0.000000E+00  0.250252E+06
  0.900005E-04  0.250333E+06  0.250333E+06  0.333655E+06  0.333640E+06  0.000000E+00  0.250333E+06
  0.933384E-04  0.250406E+06  0.250405E+06  0.333742E+06  0.333726E+06  0.000000E+00  0.250406E+06
  0.966761E-04  0.250471E+06  0.250470E+06  0.333818E+06  0.333802E+06  0.000000E+00  0.250470E+06
  0.100014E-03  0.250529E+06  0.250528E+06  0.333886E+06  0.333869E+06  0.000000E+00  0.250529E+06
  0.103351E-03  0.250582E+06  0.250581E+06  0.333946E+06  0.333927E+06  0.000000E+00  0.250582E+06
  0.106688E-03  0.250630E+06  0.250629E+06  0.334000E+06  0.333979E+06  0.000000E+00  0.250629E+06
  0.110026E-03  0.250673E+06  0.250672E+06  0.334046E+06  0.334025E+06  0.000000E+00  0.250673E+06
  0.113363E-03  0.250713E+06  0.250712E+06  0.334088E+06  0.334065E+06  0.000000E+00  0.250713E+06
  0.116700E-03  0.250749E+06  0.250748E+06  0.334125E+06  0.334100E+06  0.000000E+00  0.250749E+06
  0.123374E-03  0.250813E+06  0.250811E+06  0.334185E+06  0.334158E+06  0.000000E+00  0.250812E+06
  0.126710E-03  0.250841E+06  0.250839E+06  0.334210E+06  0.334181E+06  0.000000E+00  0.250841E+06
  0.130047E-03  0.250867E+06  0.250865E+06  0.334231E+06  0.334201E+06  0.000000E+00  0.250866E+06
  0.133384E-03  0.250890E+06  0.250889E+06  0.334249E+06  0.334218E+06  0.000000E+00  0.250890E+06
  0.140057E-03  0.250933E+06  0.250931E+06  0.334278E+06  0.334243E+06  0.000000E+00  0.250933E+06
  0.143394E-03  0.250952E+06  0.250950E+06  0.334289E+06  0.334253E+06  0.000000E+00  0.250952E+06
  0.150067E-03  0.250986E+06  0.250984E+06  0.334305E+06  0.334265E+06  0.000000E+00  0.250986E+06
  0.153403E-03  0.251001E+06  0.250999E+06  0.334310E+06  0.334268E+06  0.000000E+00  0.251001E+06
  0.160076E-03  0.251029E+06  0.251026E+06  0.334314E+06  0.334269E+06  0.000000E+00  0.251028E+06
  0.163412E-03  0.251041E+06  0.251039E+06  0.334315E+06  0.334267E+06  0.000000E+00  0.251041E+06
  0.170085E-03  0.251064E+06  0.251061E+06  0.334311E+06  0.334259E+06  0.000000E+00  0.251063E+06
  0.176758E-03  0.251084E+06  0.251081E+06  0.334302E+06  0.334246E+06  0.000000E+00  0.251083E+06
  0.183430E-03  0.251101E+06  0.251098E+06  0.334288E+06  0.334229E+06  0.000000E+00  0.251101E+06
  0.186766E-03  0.251109E+06  0.251106E+06  0.334280E+06  0.334218E+06  0.000000E+00  0.251108E+06
  0.193438E-03  0.251123E+06  0.251120E+06  0.334261E+06  0.334194E+06  0.000000E+00  0.251123E+06
  0.200111E-03  0.251136E+06  0.251132E+06  0.334238E+06  0.334166E+06  0.000000E+00  0.251136E+06
  0.206783E-03  0.251148E+06  0.251144E+06  0.334211E+06  0.334135E+06  0.000000E+00  0.251147E+06
  0.213455E-03  0.251158E+06  0.251153E+06  0.334182E+06  0.334101E+06  0.000000E+00  0.251157E+06
  0.223463E-03  0.251170E+06  0.251166E+06  0.334132E+06  0.334044E+06  0.000000E+00  0.251170E+06
  0.230135E-03  0.251178E+06  0.251173E+06  0.334096E+06  0.334002E+06  0.000000E+00  0.251177E+06
  0.236807E-03  0.251184E+06  0.251179E+06  0.334057E+06  0.333958E+06  0.000000E+00  0.251183E+06
  0.246815E-03  0.251193E+06  0.251187E+06  0.333995E+06  0.333887E+06  0.000000E+00  0.251192E+06
  0.253487E-03  0.251197E+06  0.251191E+06  0.333950E+06  0.333836E+06  0.000000E+00  0.251196E+06
  0.263495E-03  0.251203E+06  0.251197E+06  0.333879E+06  0.333756E+06  0.000000E+00  0.251202E+06
  0.270166E-03  0.251207E+06  0.251200E+06  0.333829E+06  0.333700E+06  0.000000E+00  0.251205E+06
  0.280174E-03  0.251211E+06  0.251203E+06  0.333751E+06  0.333612E+06  0.000000E+00  0.251209E+06
  0.290182E-03  0.251214E+06  0.251206E+06  0.333668E+06  0.333519E+06  0.000000E+00  0.251212E+06
  0.300189E-03  0.251216E+06  0.251207E+06  0.333581E+06  0.333421E+06  0.000000E+00  0.251214E+06
  0.310197E-03  0.251217E+06  0.251208E+06  0.333490E+06  0.333320E+06  0.000000E+00  0.251216E+06
  0.320204E-03  0.251218E+06  0.251208E+06  0.333395E+06  0.333214E+06  0.000000E+00  0.251216E+06
  0.330212E-03  0.251218E+06  0.251208E+06  0.333296E+06  0.333103E+06  0.000000E+00  0.251216E+06
  0.343555E-03  0.251217E+06  0.251206E+06  0.333158E+06  0.332950E+06  0.000000E+00  0.251216E+06
  0.353562E-03  0.251216E+06  0.251205E+06  0.333051E+06  0.332830E+06  0.000000E+00  0.251214E+06
  0.366905E-03  0.251214E+06  0.251201E+06  0.332902E+06  0.332664E+06  0.000000E+00  0.251212E+06
  0.380248E-03  0.251211E+06  0.251197E+06  0.332746E+06  0.332491E+06  0.000000E+00  0.251209E+06
  0.390256E-03  0.251208E+06  0.251194E+06  0.332626E+06  0.332357E+06  0.000000E+00  0.251206E+06
  0.403599E-03  0.251204E+06  0.251189E+06  0.332459E+06  0.332172E+06  0.000000E+00  0.251201E+06
  0.420278E-03  0.251198E+06  0.251181E+06  0.332243E+06  0.331932E+06  0.000000E+00  0.251195E+06
  0.433621E-03  0.251193E+06  0.251175E+06  0.332063E+06  0.331732E+06  0.000000E+00  0.251190E+06
  0.446963E-03  0.251187E+06  0.251168E+06  0.331877E+06  0.331525E+06  0.000000E+00  0.251183E+06
  0.463642E-03  0.251178E+06  0.251158E+06  0.331636E+06  0.331258E+06  0.000000E+00  0.251175E+06
  0.476985E-03  0.251171E+06  0.251150E+06  0.331437E+06  0.331037E+06  0.000000E+00  0.251168E+06
  0.493664E-03  0.251162E+06  0.251139E+06  0.331179E+06  0.330752E+06  0.000000E+00  0.251158E+06
  0.510342E-03  0.251152E+06  0.251127E+06  0.330913E+06  0.330456E+06  0.000000E+00  0.251148E+06
  0.530356E-03  0.251139E+06  0.251113E+06  0.330581E+06  0.330088E+06  0.000000E+00  0.251135E+06
  0.547035E-03  0.251128E+06  0.251100E+06  0.330295E+06  0.329771E+06  0.000000E+00  0.251123E+06
  0.567049E-03  0.251113E+06  0.251083E+06  0.329940E+06  0.329378E+06  0.000000E+00  0.251108E+06
  0.583728E-03  0.251101E+06  0.251069E+06  0.329634E+06  0.329039E+06  0.000000E+00  0.251095E+06
  0.603742E-03  0.251085E+06  0.251051E+06  0.329256E+06  0.328620E+06  0.000000E+00  0.251079E+06
  0.623756E-03  0.251068E+06  0.251032E+06  0.328864E+06  0.328186E+06  0.000000E+00  0.251062E+06
  0.647106E-03  0.251048E+06  0.251009E+06  0.328392E+06  0.327664E+06  0.000000E+00  0.251042E+06
  0.667120E-03  0.251030E+06  0.250988E+06  0.327974E+06  0.327201E+06  0.000000E+00  0.251023E+06
  0.690470E-03  0.251008E+06  0.250964E+06  0.327470E+06  0.326643E+06  0.000000E+00  0.251001E+06
  0.713819E-03  0.250985E+06  0.250938E+06  0.326949E+06  0.326067E+06  0.000000E+00  0.250977E+06
  0.737169E-03  0.250962E+06  0.250911E+06  0.326412E+06  0.325473E+06  0.000000E+00  0.250953E+06
  0.763854E-03  0.250934E+06  0.250879E+06  0.325777E+06  0.324771E+06  0.000000E+00  0.250924E+06
  0.790540E-03  0.250904E+06  0.250846E+06  0.325121E+06  0.324046E+06  0.000000E+00  0.250894E+06
  0.817225E-03  0.250874E+06  0.250811E+06  0.324443E+06  0.323297E+06  0.000000E+00  0.250863E+06
  0.843911E-03  0.250842E+06  0.250775E+06  0.323744E+06  0.322525E+06  0.000000E+00  0.250831E+06
  0.870596E-03  0.250810E+06  0.250739E+06  0.323024E+06  0.321729E+06  0.000000E+00  0.250798E+06
  0.900617E-03  0.250772E+06  0.250696E+06  0.322188E+06  0.320807E+06  0.000000E+00  0.250759E+06
  0.930638E-03  0.250732E+06  0.250651E+06  0.321326E+06  0.319856E+06  0.000000E+00  0.250719E+06
  0.963994E-03  0.250687E+06  0.250600E+06  0.320338E+06  0.318765E+06  0.000000E+00  0.250672E+06
  0.997351E-03  0.250640E+06  0.250547E+06  0.319317E+06  0.317640E+06  0.000000E+00  0.250624E+06
  0.103071E-02  0.250592E+06  0.250492E+06  0.318265E+06  0.316480E+06  0.000000E+00  0.250575E+06
  0.106406E-02  0.250542E+06  0.250435E+06  0.317181E+06  0.315286E+06  0.000000E+00  0.250523E+06
  0.110076E-02  0.250484E+06  0.250371E+06  0.315952E+06  0.313933E+06  0.000000E+00  0.250465E+06
  0.113745E-02  0.250426E+06  0.250304E+06  0.314686E+06  0.312540E+06  0.000000E+00  0.250405E+06
  0.117748E-02  0.250359E+06  0.250229E+06  0.313263E+06  0.310974E+06  0.000000E+00  0.250337E+06
  0.121750E-02  0.250290E+06  0.250151E+06  0.311796E+06  0.309362E+06  0.000000E+00  0.250266E+06
  0.125753E-02  0.250219E+06  0.250071E+06  0.310287E+06  0.307704E+06  0.000000E+00  0.250194E+06
  0.130090E-02  0.250139E+06  0.249981E+06  0.308604E+06  0.305857E+06  0.000000E+00  0.250112E+06
  0.134426E-02  0.250057E+06  0.249888E+06  0.306873E+06  0.303957E+06  0.000000E+00  0.250028E+06
  0.139096E-02  0.249966E+06  0.249784E+06  0.304954E+06  0.301854E+06  0.000000E+00  0.249935E+06
  0.143766E-02  0.249871E+06  0.249678E+06  0.302981E+06  0.299693E+06  0.000000E+00  0.249838E+06
  0.148769E-02  0.249767E+06  0.249559E+06  0.300808E+06  0.297315E+06  0.000000E+00  0.249731E+06
  0.153773E-02  0.249659E+06  0.249437E+06  0.298574E+06  0.294873E+06  0.000000E+00  0.249621E+06
  0.158776E-02  0.249548E+06  0.249311E+06  0.296282E+06  0.292370E+06  0.000000E+00  0.249507E+06
  0.164447E-02  0.249417E+06  0.249164E+06  0.293614E+06  0.289460E+06  0.000000E+00  0.249374E+06
  0.169784E-02  0.249291E+06  0.249021E+06  0.291038E+06  0.286654E+06  0.000000E+00  0.249245E+06
  0.175454E-02  0.249152E+06  0.248864E+06  0.288233E+06  0.283602E+06  0.000000E+00  0.249103E+06
  0.181459E-02  0.249001E+06  0.248693E+06  0.285190E+06  0.280294E+06  0.000000E+00  0.248948E+06
  0.187796E-02  0.248836E+06  0.248506E+06  0.281899E+06  0.276722E+06  0.000000E+00  0.248780E+06
  0.194134E-02  0.248666E+06  0.248314E+06  0.278529E+06  0.273071E+06  0.000000E+00  0.248606E+06
  0.200805E-02  0.248482E+06  0.248105E+06  0.274900E+06  0.269147E+06  0.000000E+00  0.248417E+06
  0.207477E-02  0.248292E+06  0.247889E+06  0.271192E+06  0.265143E+06  0.000000E+00  0.248223E+06
  0.214481E-02  0.248086E+06  0.247656E+06  0.267218E+06  0.260859E+06  0.000000E+00  0.248012E+06
  0.221820E-02  0.247864E+06  0.247404E+06  0.262970E+06  0.256290E+06  0.000000E+00  0.247785E+06
  0.229158E-02  0.247635E+06  0.247145E+06  0.258640E+06  0.251644E+06  0.000000E+00  0.247552E+06
  0.237164E-02  0.247378E+06  0.246854E+06  0.253831E+06  0.246494E+06  0.000000E+00  0.247289E+06
  0.245169E-02  0.247114E+06  0.246554E+06  0.248938E+06  0.241268E+06  0.000000E+00  0.247018E+06
  0.253508E-02  0.246831E+06  0.246232E+06  0.243760E+06  0.235753E+06  0.000000E+00  0.246728E+06
  0.261848E-02  0.246539E+06  0.245901E+06  0.238507E+06  0.230173E+06  0.000000E+00  0.246430E+06
  0.270854E-02  0.246215E+06  0.245533E+06  0.232760E+06  0.224087E+06  0.000000E+00  0.246099E+06
  0.280194E-02  0.245870E+06  0.245140E+06  0.226729E+06  0.217721E+06  0.000000E+00  0.245745E+06
  0.289533E-02  0.245515E+06  0.244736E+06  0.220636E+06  0.211313E+06  0.000000E+00  0.245382E+06
  0.299207E-02  0.245138E+06  0.244307E+06  0.214273E+06  0.204646E+06  0.000000E+00  0.244996E+06
  0.309547E-02  0.244724E+06  0.243835E+06  0.207427E+06  0.197500E+06  0.000000E+00  0.244572E+06
  0.319888E-02  0.244299E+06  0.243350E+06  0.200549E+06  0.190353E+06  0.000000E+00  0.244137E+06
  0.330895E-02  0.243835E+06  0.242821E+06  0.193209E+06  0.182761E+06  0.000000E+00  0.243662E+06
  0.341903E-02  0.243359E+06  0.242277E+06  0.185867E+06  0.175206E+06  0.000000E+00  0.243174E+06
  0.353578E-02  0.242842E+06  0.241686E+06  0.178100E+06  0.167254E+06  0.000000E+00  0.242644E+06
  0.365586E-02  0.242297E+06  0.241063E+06  0.170150E+06  0.159162E+06  0.000000E+00  0.242086E+06
  0.377928E-02  0.241724E+06  0.240407E+06  0.162045E+06  0.150963E+06  0.000000E+00  0.241499E+06
  0.390937E-02  0.241106E+06  0.239698E+06  0.153597E+06  0.142474E+06  0.000000E+00  0.240865E+06
  0.403946E-02  0.240474E+06  0.238973E+06  0.145272E+06  0.134167E+06  0.000000E+00  0.240218E+06
  0.417622E-02  0.239796E+06  0.238194E+06  0.136678E+06  0.125657E+06  0.000000E+00  0.239522E+06
  0.431965E-02  0.239070E+06  0.237359E+06  0.127867E+06  0.117003E+06  0.000000E+00  0.238777E+06
  0.446642E-02  0.238312E+06  0.236485E+06  0.119093E+06  0.108462E+06  0.000000E+00  0.238000E+06
  0.461653E-02  0.237522E+06  0.235574E+06  0.110401E+06  0.100080E+06  0.000000E+00  0.237189E+06
  0.477330E-02  0.236681E+06  0.234603E+06  0.101656E+06  0.917313E+05  0.000000E+00  0.236326E+06
  0.493675E-02  0.235790E+06  0.233571E+06  0.929273E+05  0.834895E+05  0.000000E+00  0.235411E+06
  0.510353E-02  0.234865E+06  0.232499E+06  0.844563E+05  0.755841E+05  0.000000E+00  0.234461E+06
  0.527698E-02  0.233889E+06  0.231365E+06  0.761372E+05  0.679170E+05  0.000000E+00  0.233458E+06
  0.545377E-02  0.232879E+06  0.230190E+06  0.681929E+05  0.606922E+05  0.000000E+00  0.232420E+06
  0.564057E-02  0.231799E+06  0.228929E+06  0.604018E+05  0.537072E+05  0.000000E+00  0.231308E+06
  0.583070E-02  0.230685E+06  0.227627E+06  0.531181E+05  0.472756E+05  0.000000E+00  0.230162E+06
  0.602750E-02  0.229519E+06  0.226260E+06  0.462693E+05  0.413235E+05  0.000000E+00  0.228962E+06
  0.623098E-02  0.228302E+06  0.224830E+06  0.399219E+05  0.358983E+05  0.000000E+00  0.227709E+06
  0.644446E-02  0.227013E+06  0.223312E+06  0.340489E+05  0.309645E+05  0.000000E+00  0.226381E+06
  0.666127E-02  0.225694E+06  0.221753E+06  0.288823E+05  0.266982E+05  0.000000E+00  0.225021E+06
  0.688810E-02  0.224306E+06  0.220107E+06  0.242988E+05  0.229747E+05  0.000000E+00  0.223588E+06
  0.712159E-02  0.222869E+06  0.218398E+06  0.204044E+05  0.198547E+05  0.000000E+00  0.222105E+06
  0.736176E-02  0.221385E+06  0.216627E+06  0.172027E+05  0.173111E+05  0.000000E+00  0.220572E+06
  0.761193E-02  0.219835E+06  0.214770E+06  0.146503E+05  0.152773E+05  0.000000E+00  0.218969E+06
  0.787211E-02  0.218220E+06  0.212829E+06  0.127417E+05  0.137152E+05  0.000000E+00  0.217299E+06
  0.813896E-02  0.216563E+06  0.210828E+06  0.114585E+05  0.125783E+05  0.000000E+00  0.215583E+06
  0.841249E-02  0.214865E+06  0.208770E+06  0.107254E+05  0.117802E+05  0.000000E+00  0.213824E+06
  0.869935E-02  0.213088E+06  0.206607E+06  0.104506E+05  0.112195E+05  0.000000E+00  0.211981E+06
  0.899289E-02  0.211275E+06  0.204389E+06  0.105480E+05  0.108223E+05  0.000000E+00  0.210098E+06
  0.929643E-02  0.209407E+06  0.202094E+06  0.109053E+05  0.104949E+05  0.000000E+00  0.208157E+06
  0.961332E-02  0.207466E+06  0.199698E+06  0.114116E+05  0.101548E+05  0.000000E+00  0.206139E+06
  0.994021E-02  0.205475E+06  0.197229E+06  0.119418E+05  0.973923E+04  0.000000E+00  0.204066E+06
  0.102771E-01  0.203436E+06  0.194687E+06  0.123803E+05  0.920308E+04  0.000000E+00  0.201941E+06
  0.106240E-01  0.201352E+06  0.192075E+06  0.126271E+05  0.852699E+04  0.000000E+00  0.199767E+06
  0.109843E-01  0.199205E+06  0.189370E+06  0.126045E+05  0.771152E+04  0.000000E+00  0.197524E+06
  0.113579E-01  0.196997E+06  0.186575E+06  0.122584E+05  0.679053E+04  0.000000E+00  0.195216E+06
  0.117415E-01  0.194750E+06  0.183716E+06  0.115785E+05  0.583173E+04  0.000000E+00  0.192864E+06
  0.121384E-01  0.192446E+06  0.180770E+06  0.105849E+05  0.490292E+04  0.000000E+00  0.190451E+06
  0.125520E-01  0.190070E+06  0.177716E+06  0.932781E+04  0.408099E+04  0.000000E+00  0.187959E+06
  0.129756E-01  0.187662E+06  0.174606E+06  0.792297E+04  0.345568E+04  0.000000E+00  0.185431E+06
  0.134159E-01  0.185186E+06  0.171393E+06  0.646826E+04  0.307301E+04  0.000000E+00  0.182829E+06
  0.138696E-01  0.182664E+06  0.168106E+06  0.510303E+04  0.296127E+04  0.000000E+00  0.180176E+06
  0.143399E-01  0.180080E+06  0.164724E+06  0.393816E+04  0.310353E+04  0.000000E+00  0.177456E+06
  0.148269E-01  0.177437E+06  0.161251E+06  0.307025E+04  0.344314E+04  0.000000E+00  0.174671E+06
  0.153306E-01  0.174739E+06  0.157692E+06  0.000000E+00  0.000000E+00  0.000000E+00  0.171826E+06
  0.158510E-01  0.171986E+06  0.154051E+06  0.000000E+00  0.000000E+00  0.000000E+00  0.168922E+06
  0.163880E-01  0.169186E+06  0.150336E+06  0.000000E+00  0.000000E+00  0.000000E+00  0.165965E+06
  0.169417E-01  0.166341E+06  0.146554E+06  0.000000E+00  0.000000E+00  0.000000E+00  0.162960E+06
  0.175155E-01  0.163440E+06  0.142688E+06  0.000000E+00  0.000000E+00  0.000000E+00  0.159894E+06
  0.181092E-01  0.160486E+06  0.138748E+06  0.000000E+00  0.000000E+00  0.000000E+00  0.156772E+06
  0.187230E-01  0.157484E+06  0.134743E+06  0.000000E+00  0.000000E+00  0.000000E+00  0.153598E+06
  0.193601E-01  0.154423E+06  0.130661E+06  0.000000E+00  0.000000E+00  0.000000E+00  0.150363E+06
  0.200138E-01  0.151341E+06  0.126556E+06  0.000000E+00  0.000000E+00  0.000000E+00  0.147106E+06
  0.206943E-01  0.148195E+06  0.122376E+06  0.000000E+00  0.000000E+00  0.000000E+00  0.143784E+06
  0.213948E-01  0.145024E+06  0.118177E+06  0.000000E+00  0.000000E+00  0.000000E+00  0.140437E+06
  0.221186E-01  0.141817E+06  0.113952E+06  0.000000E+00  0.000000E+00  0.000000E+00  0.137056E+06
  0.228692E-01  0.138569E+06  0.109698E+06  0.000000E+00  0.000000E+00  0.000000E+00  0.133636E+06
  0.236430E-01  0.135300E+06  0.105452E+06  0.000000E+00  0.000000E+00  0.000000E+00  0.130200E+06
  0.244469E-01  0.131990E+06  0.101195E+06  0.000000E+00  0.000000E+00  0.000000E+00  0.126729E+06
  0.252742E-01  0.128677E+06  0.969834E+05  0.000000E+00  0.000000E+00  0.000000E+00  0.123262E+06
  0.261314E-01  0.125342E+06  0.928034E+05  0.000000E+00  0.000000E+00  0.000000E+00  0.119782E+06
  0.270154E-01  0.122008E+06  0.886938E+05  0.000000E+00  0.000000E+00  0.000000E+00  0.116315E+06
  0.279327E-01  0.118660E+06  0.846478E+05  0.000000E+00  0.000000E+00  0.000000E+00  0.112848E+06
  0.288800E-01  0.115321E+06  0.807057E+05  0.000000E+00  0.000000E+00  0.000000E+00  0.109407E+06
  0.298573E-01  0.112004E+06  0.768919E+05  0.000000E+00  0.000000E+00  0.000000E+00  0.106004E+06
  0.308714E-01  0.108696E+06  0.732070E+05  0.000000E+00  0.000000E+00  0.000000E+00  0.102633E+06
  0.319154E-01  0.105410E+06  0.696762E+05  0.000000E+00  0.000000E+00  0.000000E+00  0.993040E+05
  0.329995E-01  0.102747E+06  0.669041E+05  0.000000E+00  0.000000E+00  0.000000E+00  0.966227E+05
  0.341169E-01  0.995428E+05  0.637584E+05  0.000000E+00  0.000000E+00  0.000000E+00  0.934285E+05
  0.352744E-01  0.963910E+05  0.608340E+05  0.000000E+00  0.000000E+00  0.000000E+00  0.903156E+05
  0.364686E-01  0.933140E+05  0.581614E+05  0.000000E+00  0.000000E+00  0.000000E+00  0.873077E+05
  0.377061E-01  0.903075E+05  0.557445E+05  0.000000E+00  0.000000E+00  0.000000E+00  0.844020E+05
  0.389836E-01  0.873913E+05  0.536042E+05  0.000000E+00  0.000000E+00  0.000000E+00  0.816183E+05
  0.403045E-01  0.845671E+05  0.517428E+05  0.000000E+00  0.000000E+00  0.000000E+00  0.789586E+05
  0.416722E-01  0.818359E+05  0.501586E+05  0.000000E+00  0.000000E+00  0.000000E+00  0.764234E+05
  0.430831E-01  0.788580E+05  0.485050E+05  0.000000E+00  0.000000E+00  0.000000E+00  0.736718E+05
  0.445441E-01  0.763211E+05  0.474474E+05  0.000000E+00  0.000000E+00  0.000000E+00  0.713876E+05
  0.460519E-01  0.738878E+05  0.466290E+05  0.000000E+00  0.000000E+00  0.000000E+00  0.692303E+05
  0.476129E-01  0.715499E+05  0.460206E+05  0.000000E+00  0.000000E+00  0.000000E+00  0.671879E+05
  0.492274E-01  0.693111E+05  0.455922E+05  0.000000E+00  0.000000E+00  0.000000E+00  0.652584E+05
  0.508952E-01  0.671696E+05  0.453027E+05  0.000000E+00  0.000000E+00  0.000000E+00  0.634333E+05
  0.526231E-01  0.653016E+05  0.452874E+05  0.000000E+00  0.000000E+00  0.000000E+00  0.618819E+05
  0.544043E-01  0.633412E+05  0.451328E+05  0.000000E+00  0.000000E+00  0.000000E+00  0.602300E+05
  0.562489E-01  0.614487E+05  0.449565E+05  0.000000E+00  0.000000E+00  0.000000E+00  0.586308E+05
  0.581569E-01  0.596089E+05  0.446931E+05  0.000000E+00  0.000000E+00  0.000000E+00  0.570603E+05
  0.601283E-01  0.578045E+05  0.442782E+05  0.000000E+00  0.000000E+00  0.000000E+00  0.554933E+05
  0.621663E-01  0.558816E+05  0.435220E+05  0.000000E+00  0.000000E+00  0.000000E+00  0.537698E+05
  0.642711E-01  0.540976E+05  0.426446E+05  0.000000E+00  0.000000E+00  0.000000E+00  0.521407E+05
  0.664526E-01  0.523064E+05  0.414850E+05  0.000000E+00  0.000000E+00  0.000000E+00  0.504574E+05
  0.687042E-01  0.505096E+05  0.400368E+05  0.000000E+00  0.000000E+00  0.000000E+00  0.487202E+05
  0.710325E-01  0.487650E+05  0.383687E+05  0.000000E+00  0.000000E+00  0.000000E+00  0.469886E+05
  0.734408E-01  0.469448E+05  0.363858E+05  0.000000E+00  0.000000E+00  0.000000E+00  0.451406E+05
  0.759292E-01  0.451005E+05  0.341860E+05  0.000000E+00  0.000000E+00  0.000000E+00  0.432356E+05
  0.785043E-01  0.432376E+05  0.318392E+05  0.000000E+00  0.000000E+00  0.000000E+00  0.412900E+05
  0.811628E-01  0.413814E+05  0.294505E+05  0.000000E+00  0.000000E+00  0.000000E+00  0.393429E+05
  0.839147E-01  0.395559E+05  0.271285E+05  0.000000E+00  0.000000E+00  0.000000E+00  0.374325E+05
  0.867600E-01  0.377919E+05  0.249917E+05  0.000000E+00  0.000000E+00  0.000000E+00  0.356048E+05
  0.896987E-01  0.361145E+05  0.231430E+05  0.000000E+00  0.000000E+00  0.000000E+00  0.338981E+05
  0.927408E-01  0.345358E+05  0.216538E+05  0.000000E+00  0.000000E+00  0.000000E+00  0.323347E+05
  0.958830E-01  0.330694E+05  0.205697E+05  0.000000E+00  0.000000E+00  0.000000E+00  0.309336E+05
  0.991319E-01  0.317193E+05  0.198921E+05  0.000000E+00  0.000000E+00  0.000000E+00  0.296984E+05
  0.102494E+00  0.304859E+05  0.195824E+05  0.000000E+00  0.000000E+00  0.000000E+00  0.286229E+05
  0.105967E+00  0.293656E+05  0.195582E+05  0.000000E+00  0.000000E+00  0.000000E+00  0.276899E+05
  0.109559E+00  0.283355E+05  0.196923E+05  0.000000E+00  0.000000E+00  0.000000E+00  0.268587E+05
  0.113272E+00  0.273613E+05  0.198275E+05  0.000000E+00  0.000000E+00  0.000000E+00  0.260740E+05
  0.117111E+00  0.264046E+05  0.198080E+05  0.000000E+00  0.000000E+00  0.000000E+00  0.252775E+05
  0.121080E+00  0.254383E+05  0.195119E+05  0.000000E+00  0.000000E+00  0.000000E+00  0.244257E+05
  0.125187E+00  0.244435E+05  0.188699E+05  0.000000E+00  0.000000E+00  0.000000E+00  0.234912E+05
  0.129430E+00  0.234107E+05  0.178790E+05  0.000000E+00  0.000000E+00  0.000000E+00  0.224655E+05
  0.133816E+00  0.223422E+05  0.166090E+05  0.000000E+00  0.000000E+00  0.000000E+00  0.213626E+05
  0.138352E+00  0.212573E+05  0.151967E+05  0.000000E+00  0.000000E+00  0.000000E+00  0.202218E+05
  0.143042E+00  0.201906E+05  0.138212E+05  0.000000E+00  0.000000E+00  0.000000E+00  0.191023E+05
  0.147889E+00  0.191842E+05  0.126617E+05  0.000000E+00  0.000000E+00  0.000000E+00  0.180697E+05
  0.152902E+00  0.182698E+05  0.118439E+05  0.000000E+00  0.000000E+00  0.000000E+00  0.171718E+05
  0.158086E+00  0.174614E+05  0.114043E+05  0.000000E+00  0.000000E+00  0.000000E+00  0.164265E+05
  0.163443E+00  0.167507E+05  0.112756E+05  0.000000E+00  0.000000E+00  0.000000E+00  0.158152E+05
  0.168984E+00  0.161080E+05  0.113034E+05  0.000000E+00  0.000000E+00  0.000000E+00  0.152871E+05
  0.174711E+00  0.154969E+05  0.112984E+05  0.000000E+00  0.000000E+00  0.000000E+00  0.147795E+05
  0.180632E+00  0.148793E+05  0.110946E+05  0.000000E+00  0.000000E+00  0.000000E+00  0.142326E+05
  0.186756E+00  0.142276E+05  0.106085E+05  0.000000E+00  0.000000E+00  0.000000E+00  0.136092E+05
  0.193087E+00  0.135440E+05  0.988111E+04  0.000000E+00  0.000000E+00  0.000000E+00  0.129181E+05
  0.199631E+00  0.128534E+05  0.905587E+04  0.000000E+00  0.000000E+00  0.000000E+00  0.122045E+05
  0.206396E+00  0.121895E+05  0.831281E+04  0.000000E+00  0.000000E+00  0.000000E+00  0.115271E+05
  0.213391E+00  0.115889E+05  0.779558E+04  0.000000E+00  0.000000E+00  0.000000E+00  0.109408E+05
  0.220626E+00  0.110646E+05  0.753397E+04  0.000000E+00  0.000000E+00  0.000000E+00  0.104613E+05
  0.228104E+00  0.105976E+05  0.742918E+04  0.000000E+00  0.000000E+00  0.000000E+00  0.100562E+05
  0.235836E+00  0.101557E+05  0.731996E+04  0.000000E+00  0.000000E+00  0.000000E+00  0.967119E+04
  0.243829E+00  0.970724E+04  0.707242E+04  0.000000E+00  0.000000E+00  0.000000E+00  0.925705E+04
  0.252094E+00  0.923978E+04  0.665963E+04  0.000000E+00  0.000000E+00  0.000000E+00  0.879893E+04
  0.260637E+00  0.876785E+04  0.617253E+04  0.000000E+00  0.000000E+00  0.000000E+00  0.832440E+04
  0.269473E+00  0.831987E+04  0.574876E+04  0.000000E+00  0.000000E+00  0.000000E+00  0.788056E+04
  0.278606E+00  0.791714E+04  0.547103E+04  0.000000E+00  0.000000E+00  0.000000E+00  0.749919E+04
  0.288049E+00  0.755727E+04  0.530929E+04  0.000000E+00  0.000000E+00  0.000000E+00  0.717317E+04
  0.297813E+00  0.721668E+04  0.515496E+04  0.000000E+00  0.000000E+00  0.000000E+00  0.686441E+04
  0.307906E+00  0.687575E+04  0.492426E+04  0.000000E+00  0.000000E+00  0.000000E+00  0.654231E+04
  0.318344E+00  0.653118E+04  0.462443E+04  0.000000E+00  0.000000E+00  0.000000E+00  0.620539E+04
  0.329134E+00  0.619859E+04  0.433584E+04  0.000000E+00  0.000000E+00  0.000000E+00  0.588031E+04
  0.340289E+00  0.589312E+04  0.412120E+04  0.000000E+00  0.000000E+00  0.000000E+00  0.559036E+04
  0.351823E+00  0.561325E+04  0.396374E+04  0.000000E+00  0.000000E+00  0.000000E+00  0.533140E+04
  0.363748E+00  0.534477E+04  0.379929E+04  0.000000E+00  0.000000E+00  0.000000E+00  0.508070E+04
  0.376080E+00  0.507930E+04  0.359834E+04  0.000000E+00  0.000000E+00  0.000000E+00  0.482626E+04
  0.388826E+00  0.482156E+04  0.339232E+04  0.000000E+00  0.000000E+00  0.000000E+00  0.457736E+04
  0.402005E+00  0.458046E+04  0.322097E+04  0.000000E+00  0.000000E+00  0.000000E+00  0.434817E+04
  0.415631E+00  0.435572E+04  0.307810E+04  0.000000E+00  0.000000E+00  0.000000E+00  0.413742E+04
  0.429721E+00  0.413989E+04  0.293125E+04  0.000000E+00  0.000000E+00  0.000000E+00  0.393337E+04
  0.444284E+00  0.393044E+04  0.277469E+04  0.000000E+00  0.000000E+00  0.000000E+00  0.373296E+04
  0.459344E+00  0.373109E+04  0.262933E+04  0.000000E+00  0.000000E+00  0.000000E+00  0.354284E+04
  0.474915E+00  0.354378E+04  0.250219E+04  0.000000E+00  0.000000E+00  0.000000E+00  0.336581E+04
  0.491010E+00  0.336527E+04  0.237895E+04  0.000000E+00  0.000000E+00  0.000000E+00  0.319675E+04
  0.507655E+00  0.319373E+04  0.225476E+04  0.000000E+00  0.000000E+00  0.000000E+00  0.303329E+04
  0.524860E+00  0.303073E+04  0.213868E+04  0.000000E+00  0.000000E+00  0.000000E+00  0.287831E+04
  0.542652E+00  0.287641E+04  0.203173E+04  0.000000E+00  0.000000E+00  0.000000E+00  0.273208E+04
  0.561045E+00  0.272918E+04  0.192775E+04  0.000000E+00  0.000000E+00  0.000000E+00  0.259225E+04
  0.580061E+00  0.258876E+04  0.182764E+04  0.000000E+00  0.000000E+00  0.000000E+00  0.245872E+04
  0.599722E+00  0.245559E+04  0.173412E+04  0.000000E+00  0.000000E+00  0.000000E+00  0.233231E+04
  0.620049E+00  0.232892E+04  0.164492E+04  0.000000E+00  0.000000E+00  0.000000E+00  0.221205E+04
  0.641067E+00  0.220829E+04  0.155942E+04  0.000000E+00  0.000000E+00  0.000000E+00  0.209742E+04
  0.662795E+00  0.209376E+04  0.147870E+04  0.000000E+00  0.000000E+00  0.000000E+00  0.198867E+04
  0.685261E+00  0.198489E+04  0.140189E+04  0.000000E+00  0.000000E+00  0.000000E+00  0.188528E+04
  0.708487E+00  0.188139E+04  0.132873E+04  0.000000E+00  0.000000E+00  0.000000E+00  0.178696E+04
  0.732503E+00  0.178308E+04  0.125937E+04  0.000000E+00  0.000000E+00  0.000000E+00  0.169359E+04
  0.757331E+00  0.168966E+04  0.119339E+04  0.000000E+00  0.000000E+00  0.000000E+00  0.160487E+04
  0.783002E+00  0.160094E+04  0.113075E+04  0.000000E+00  0.000000E+00  0.000000E+00  0.152060E+04
  0.809540E+00  0.151669E+04  0.107127E+04  0.000000E+00  0.000000E+00  0.000000E+00  0.144058E+04
  0.836979E+00  0.143669E+04  0.101477E+04  0.000000E+00  0.000000E+00  0.000000E+00  0.136460E+04
  0.865349E+00  0.136075E+04  0.961152E+03  0.000000E+00  0.000000E+00  0.000000E+00  0.129247E+04
  0.894679E+00  0.128867E+04  0.910255E+03  0.000000E+00  0.000000E+00  0.000000E+00  0.122402E+04
  0.925003E+00  0.122028E+04  0.861958E+03  0.000000E+00  0.000000E+00  0.000000E+00  0.115906E+04
  0.956358E+00  0.115538E+04  0.816125E+03  0.000000E+00  0.000000E+00  0.000000E+00  0.109741E+04
  0.988774E+00  0.109380E+04  0.772640E+03  0.000000E+00  0.000000E+00  0.000000E+00  0.103893E+04
  0.102229E+01  0.103539E+04  0.731388E+03  0.000000E+00  0.000000E+00  0.000000E+00  0.983447E+03
  0.105694E+01  0.979978E+03  0.692255E+03  0.000000E+00  0.000000E+00  0.000000E+00  0.930816E+03
  0.109277E+01  0.927436E+03  0.655148E+03  0.000000E+00  0.000000E+00  0.000000E+00  0.880912E+03
  0.112980E+01  0.877617E+03  0.619962E+03  0.000000E+00  0.000000E+00  0.000000E+00  0.833593E+03
  0.116810E+01  0.830392E+03  0.586609E+03  0.000000E+00  0.000000E+00  0.000000E+00  0.788738E+03
  0.120769E+01  0.785624E+03  0.554989E+03  0.000000E+00  0.000000E+00  0.000000E+00  0.746216E+03
  0.124863E+01  0.743190E+03  0.525018E+03  0.000000E+00  0.000000E+00  0.000000E+00  0.705912E+03
  0.129095E+01  0.702979E+03  0.496617E+03  0.000000E+00  0.000000E+00  0.000000E+00  0.667719E+03
  0.133471E+01  0.664882E+03  0.469708E+03  0.000000E+00  0.000000E+00  0.000000E+00  0.631534E+03
  0.137994E+01  0.628787E+03  0.444214E+03  0.000000E+00  0.000000E+00  0.000000E+00  0.597250E+03
  0.142672E+01  0.594592E+03  0.420060E+03  0.000000E+00  0.000000E+00  0.000000E+00  0.564771E+03
  0.147508E+01  0.562199E+03  0.397179E+03  0.000000E+00  0.000000E+00  0.000000E+00  0.534003E+03
  0.152508E+01  0.531521E+03  0.375510E+03  0.000000E+00  0.000000E+00  0.000000E+00  0.504865E+03
  0.157677E+01  0.502473E+03  0.354991E+03  0.000000E+00  0.000000E+00  0.000000E+00  0.477274E+03
  0.163021E+01  0.474968E+03  0.335562E+03  0.000000E+00  0.000000E+00  0.000000E+00  0.451149E+03
  0.168547E+01  0.448930E+03  0.317169E+03  0.000000E+00  0.000000E+00  0.000000E+00  0.426417E+03
  0.174260E+01  0.424283E+03  0.299758E+03  0.000000E+00  0.000000E+00  0.000000E+00  0.403006E+03
  0.180166E+01  0.400954E+03  0.283278E+03  0.000000E+00  0.000000E+00  0.000000E+00  0.380848E+03
  0.186273E+01  0.378875E+03  0.267681E+03  0.000000E+00  0.000000E+00  0.000000E+00  0.359876E+03
  0.192587E+01  0.357980E+03  0.252921E+03  0.000000E+00  0.000000E+00  0.000000E+00  0.340029E+03
  0.199115E+01  0.338208E+03  0.238953E+03  0.000000E+00  0.000000E+00  0.000000E+00  0.321249E+03
  0.205864E+01  0.319503E+03  0.225739E+03  0.000000E+00  0.000000E+00  0.000000E+00  0.303482E+03
  0.212842E+01  0.301808E+03  0.213238E+03  0.000000E+00  0.000000E+00  0.000000E+00  0.286675E+03
  0.220056E+01  0.285071E+03  0.201414E+03  0.000000E+00  0.000000E+00  0.000000E+00  0.270777E+03
  0.227515E+01  0.269240E+03  0.190230E+03  0.000000E+00  0.000000E+00  0.000000E+00  0.255740E+03
  0.235226E+01  0.254270E+03  0.179655E+03  0.000000E+00  0.000000E+00  0.000000E+00  0.241521E+03
  0.243199E+01  0.240113E+03  0.169652E+03  0.000000E+00  0.000000E+00  0.000000E+00  0.228074E+03
  0.251442E+01  0.226726E+03  0.160195E+03  0.000000E+00  0.000000E+00  0.000000E+00  0.215359E+03
  0.259965E+01  0.214070E+03  0.151253E+03  0.000000E+00  0.000000E+00  0.000000E+00  0.203337E+03
  0.268777E+01  0.202105E+03  0.142800E+03  0.000000E+00  0.000000E+00  0.000000E+00  0.191972E+03
  0.277887E+01  0.190796E+03  0.134810E+03  0.000000E+00  0.000000E+00  0.000000E+00  0.181230E+03
  0.287306E+01  0.180106E+03  0.127258E+03  0.000000E+00  0.000000E+00  0.000000E+00  0.171076E+03
  0.297044E+01  0.170004E+03  0.120121E+03  0.000000E+00  0.000000E+00  0.000000E+00  0.161481E+03
  0.307113E+01  0.160456E+03  0.113375E+03  0.000000E+00  0.000000E+00  0.000000E+00  0.152412E+03
  0.317522E+01  0.151435E+03  0.107001E+03  0.000000E+00  0.000000E+00  0.000000E+00  0.143843E+03
  0.328285E+01  0.142910E+03  0.100978E+03  0.000000E+00  0.000000E+00  0.000000E+00  0.135746E+03
  0.339412E+01  0.134857E+03  0.952885E+02  0.000000E+00  0.000000E+00  0.000000E+00  0.128096E+03
  0.350916E+01  0.127250E+03  0.899133E+02  0.000000E+00  0.000000E+00  0.000000E+00  0.120870E+03
  0.362810E+01  0.120064E+03  0.848362E+02  0.000000E+00  0.000000E+00  0.000000E+00  0.114045E+03
  0.375108E+01  0.113276E+03  0.800400E+02  0.000000E+00  0.000000E+00  0.000000E+00  0.107597E+03
  0.387822E+01  0.106865E+03  0.755102E+02  0.000000E+00  0.000000E+00  0.000000E+00  0.101507E+03
  0.400968E+01  0.100810E+03  0.712322E+02  0.000000E+00  0.000000E+00  0.000000E+00  0.957561E+02
  0.414558E+01  0.950927E+02  0.671926E+02  0.000000E+00  0.000000E+00  0.000000E+00  0.903256E+02
  0.428610E+01  0.896944E+02  0.633783E+02  0.000000E+00  0.000000E+00  0.000000E+00  0.851979E+02
  0.443138E+01  0.845973E+02  0.597768E+02  0.000000E+00  0.000000E+00  0.000000E+00  0.803563E+02
  0.458158E+01  0.797851E+02  0.563766E+02  0.000000E+00  0.000000E+00  0.000000E+00  0.757854E+02
  0.473688E+01  0.752418E+02  0.531664E+02  0.000000E+00  0.000000E+00  0.000000E+00  0.714699E+02
  0.489743E+01  0.709535E+02  0.501363E+02  0.000000E+00  0.000000E+00  0.000000E+00  0.673966E+02
  0.506343E+01  0.669059E+02  0.472762E+02  0.000000E+00  0.000000E+00  0.000000E+00  0.635519E+02
  0.523505E+01  0.630856E+02  0.445768E+02  0.000000E+00  0.000000E+00  0.000000E+00  0.599231E+02
  0.541250E+01  0.594799E+02  0.420290E+02  0.000000E+00  0.000000E+00  0.000000E+00  0.564981E+02
  0.559595E+01  0.560772E+02  0.396246E+02  0.000000E+00  0.000000E+00  0.000000E+00  0.532660E+02
  0.578563E+01  0.528663E+02  0.373558E+02  0.000000E+00  0.000000E+00  0.000000E+00  0.502161E+02
  0.598173E+01  0.498367E+02  0.352149E+02  0.000000E+00  0.000000E+00  0.000000E+00  0.473383E+02
  0.618449E+01  0.469781E+02  0.331950E+02  0.000000E+00  0.000000E+00  0.000000E+00  0.446230E+02
  0.639411E+01  0.442811E+02  0.312892E+02  0.000000E+00  0.000000E+00  0.000000E+00  0.420612E+02
  0.661084E+01  0.417368E+02  0.294913E+02  0.000000E+00  0.000000E+00  0.000000E+00  0.396445E+02
  0.683491E+01  0.393368E+02  0.277954E+02  0.000000E+00  0.000000E+00  0.000000E+00  0.373648E+02
  0.706659E+01  0.370729E+02  0.261956E+02  0.000000E+00  0.000000E+00  0.000000E+00  0.352143E+02
  0.730611E+01  0.349374E+02  0.246866E+02  0.000000E+00  0.000000E+00  0.000000E+00  0.331859E+02
  0.755375E+01  0.329233E+02  0.232634E+02  0.000000E+00  0.000000E+00  0.000000E+00  0.312728E+02
  0.780979E+01  0.310239E+02  0.219211E+02  0.000000E+00  0.000000E+00  0.000000E+00  0.294686E+02
  0.807450E+01  0.292327E+02  0.206554E+02  0.000000E+00  0.000000E+00  0.000000E+00  0.277672E+02
  0.834819E+01  0.275435E+02  0.194617E+02  0.000000E+00  0.000000E+00  0.000000E+00  0.261626E+02
  0.863114E+01  0.259507E+02  0.183361E+02  0.000000E+00  0.000000E+00  0.000000E+00  0.246497E+02
  0.892370E+01  0.244489E+02  0.172749E+02  0.000000E+00  0.000000E+00  0.000000E+00  0.232231E+02
  0.922617E+01  0.230330E+02  0.162743E+02  0.000000E+00  0.000000E+00  0.000000E+00  0.218782E+02
  0.953890E+01  0.216980E+02  0.153309E+02  0.000000E+00  0.000000E+00  0.000000E+00  0.206101E+02
  0.986221E+01  0.204396E+02  0.144416E+02  0.000000E+00  0.000000E+00  0.000000E+00  0.194147E+02
  0.101965E+02  0.192532E+02  0.136032E+02  0.000000E+00  0.000000E+00  0.000000E+00  0.182879E+02
  0.105421E+02  0.181350E+02  0.128129E+02  0.000000E+00  0.000000E+00  0.000000E+00  0.172256E+02
  0.108994E+02  0.170808E+02  0.120680E+02  0.000000E+00  0.000000E+00  0.000000E+00  0.162243E+02
  0.112689E+02  0.160874E+02  0.113659E+02  0.000000E+00  0.000000E+00  0.000000E+00  0.152807E+02
  0.116508E+02  0.151510E+02  0.107042E+02  0.000000E+00  0.000000E+00  0.000000E+00  0.143912E+02
  0.120457E+02  0.142685E+02  0.100805E+02  0.000000E+00  0.000000E+00  0.000000E+00  0.135529E+02
  0.124540E+02  0.134369E+02  0.949284E+01  0.000000E+00  0.000000E+00  0.000000E+00  0.127630E+02
  0.128762E+02  0.126532E+02  0.893901E+01  0.000000E+00  0.000000E+00  0.000000E+00  0.120186E+02
  0.133126E+02  0.119148E+02  0.841714E+01  0.000000E+00  0.000000E+00  0.000000E+00  0.113172E+02
  0.137638E+02  0.112190E+02  0.792541E+01  0.000000E+00  0.000000E+00  0.000000E+00  0.106563E+02
  0.142304E+02  0.105634E+02  0.746210E+01  0.000000E+00  0.000000E+00  0.000000E+00  0.100335E+02
  0.147127E+02  0.994575E+01  0.702556E+01  0.000000E+00  0.000000E+00  0.000000E+00  0.944680E+01
  0.152114E+02  0.936387E+01  0.661433E+01  0.000000E+00  0.000000E+00  0.000000E+00  0.889407E+01
  0.157270E+02  0.881565E+01  0.622688E+01  0.000000E+00  0.000000E+00  0.000000E+00  0.837333E+01
  0.162600E+02  0.829923E+01  0.586190E+01  0.000000E+00  0.000000E+00  0.000000E+00  0.788278E+01
  0.168112E+02  0.781277E+01  0.551810E+01  0.000000E+00  0.000000E+00  0.000000E+00  0.742069E+01
  0.173810E+02  0.735454E+01  0.519425E+01  0.000000E+00  0.000000E+00  0.000000E+00  0.698543E+01
  0.179701E+02  0.692294E+01  0.488920E+01  0.000000E+00  0.000000E+00  0.000000E+00  0.657545E+01
  0.185792E+02  0.651644E+01  0.460190E+01  0.000000E+00  0.000000E+00  0.000000E+00  0.618931E+01
  0.192090E+02  0.613357E+01  0.433130E+01  0.000000E+00  0.000000E+00  0.000000E+00  0.582562E+01
  0.198601E+02  0.577299E+01  0.407646E+01  0.000000E+00  0.000000E+00  0.000000E+00  0.548312E+01
  0.205332E+02  0.543343E+01  0.383646E+01  0.000000E+00  0.000000E+00  0.000000E+00  0.516057E+01
  0.212292E+02  0.511365E+01  0.361045E+01  0.000000E+00  0.000000E+00  0.000000E+00  0.485681E+01
  0.219488E+02  0.481254E+01  0.339763E+01  0.000000E+00  0.000000E+00  0.000000E+00  0.457079E+01
  0.226927E+02  0.452899E+01  0.319721E+01  0.000000E+00  0.000000E+00  0.000000E+00  0.430144E+01
  0.234619E+02  0.426202E+01  0.300852E+01  0.000000E+00  0.000000E+00  0.000000E+00  0.404784E+01
  0.242571E+02  0.401062E+01  0.283083E+01  0.000000E+00  0.000000E+00  0.000000E+00  0.380904E+01
  0.250793E+02  0.377396E+01  0.266355E+01  0.000000E+00  0.000000E+00  0.000000E+00  0.358423E+01
  0.259294E+02  0.355113E+01  0.250604E+01  0.000000E+00  0.000000E+00  0.000000E+00  0.337256E+01
  0.268083E+02  0.334136E+01  0.235777E+01  0.000000E+00  0.000000E+00  0.000000E+00  0.317330E+01
  0.277170E+02  0.314387E+01  0.221818E+01  0.000000E+00  0.000000E+00  0.000000E+00  0.298570E+01
  0.286564E+02  0.295796E+01  0.208677E+01  0.000000E+00  0.000000E+00  0.000000E+00  0.280910E+01
  0.296277E+02  0.278295E+01  0.196306E+01  0.000000E+00  0.000000E+00  0.000000E+00  0.264286E+01
  0.306320E+02  0.261823E+01  0.184662E+01  0.000000E+00  0.000000E+00  0.000000E+00  0.248639E+01
  0.316702E+02  0.246317E+01  0.173702E+01  0.000000E+00  0.000000E+00  0.000000E+00  0.233910E+01
  0.327437E+02  0.231722E+01  0.163385E+01  0.000000E+00  0.000000E+00  0.000000E+00  0.220046E+01
  0.338536E+02  0.217986E+01  0.153675E+01  0.000000E+00  0.000000E+00  0.000000E+00  0.206998E+01
  0.350010E+02  0.205058E+01  0.144536E+01  0.000000E+00  0.000000E+00  0.000000E+00  0.194717E+01
  0.361874E+02  0.192891E+01  0.135934E+01  0.000000E+00  0.000000E+00  0.000000E+00  0.183159E+01
  0.374140E+02  0.181440E+01  0.127839E+01  0.000000E+00  0.000000E+00  0.000000E+00  0.172282E+01
  0.386821E+02  0.170664E+01  0.120222E+01  0.000000E+00  0.000000E+00  0.000000E+00  0.162046E+01
  0.399933E+02  0.160524E+01  0.113053E+01  0.000000E+00  0.000000E+00  0.000000E+00  0.152413E+01
  0.413488E+02  0.150982E+01  0.106306E+01  0.000000E+00  0.000000E+00  0.000000E+00  0.143348E+01
  0.427504E+02  0.142003E+01  0.999583E+00  0.000000E+00  0.000000E+00  0.000000E+00  0.134819E+01
  0.441994E+02  0.133554E+01  0.939850E+00  0.000000E+00  0.000000E+00  0.000000E+00  0.126793E+01
  0.456975E+02  0.125604E+01  0.883642E+00  0.000000E+00  0.000000E+00  0.000000E+00  0.119241E+01
  0.472464E+02  0.118124E+01  0.830757E+00  0.000000E+00  0.000000E+00  0.000000E+00  0.112136E+01
  0.488479E+02  0.111086E+01  0.780995E+00  0.000000E+00  0.000000E+00  0.000000E+00  0.105450E+01
  0.505036E+02  0.104465E+01  0.734180E+00  0.000000E+00  0.000000E+00  0.000000E+00  0.991605E+00
  0.522154E+02  0.982363E+00  0.690133E+00  0.000000E+00  0.000000E+00  0.000000E+00  0.932432E+00
  0.539853E+02  0.923761E+00  0.648694E+00  0.000000E+00  0.000000E+00  0.000000E+00  0.876762E+00
  0.558151E+02  0.868634E+00  0.609712E+00  0.000000E+00  0.000000E+00  0.000000E+00  0.824393E+00
  0.577070E+02  0.816773E+00  0.573038E+00  0.000000E+00  0.000000E+00  0.000000E+00  0.775127E+00
  0.596629E+02  0.767989E+00  0.538538E+00  0.000000E+00  0.000000E+00  0.000000E+00  0.728784E+00
  0.616852E+02  0.722098E+00  0.506083E+00  0.000000E+00  0.000000E+00  0.000000E+00  0.685189E+00
  0.637760E+02  0.678934E+00  0.475556E+00  0.000000E+00  0.000000E+00  0.000000E+00  0.644184E+00
  0.659377E+02  0.638333E+00  0.446839E+00  0.000000E+00  0.000000E+00  0.000000E+00  0.605613E+00
  0.681727E+02  0.600145E+00  0.419829E+00  0.000000E+00  0.000000E+00  0.000000E+00  0.569335E+00
  0.704834E+02  0.564225E+00  0.394421E+00  0.000000E+00  0.000000E+00  0.000000E+00  0.535212E+00
  0.728724E+02  0.530444E+00  0.370526E+00  0.000000E+00  0.000000E+00  0.000000E+00  0.503120E+00
  0.753425E+02  0.498672E+00  0.348050E+00  0.000000E+00  0.000000E+00  0.000000E+00  0.472936E+00
  0.778962E+02  0.468791E+00  0.326911E+00  0.000000E+00  0.000000E+00  0.000000E+00  0.444549E+00
  0.805365E+02  0.440689E+00  0.307030E+00  0.000000E+00  0.000000E+00  0.000000E+00  0.417852E+00
  0.832663E+02  0.414263E+00  0.288332E+00  0.000000E+00  0.000000E+00  0.000000E+00  0.392746E+00
  0.860886E+02  0.389410E+00  0.270748E+00  0.000000E+00  0.000000E+00  0.000000E+00  0.369135E+00
  0.890066E+02  0.366040E+00  0.254212E+00  0.000000E+00  0.000000E+00  0.000000E+00  0.346933E+00
  0.920236E+02  0.344063E+00  0.238660E+00  0.000000E+00  0.000000E+00  0.000000E+00  0.326054E+00
  0.951427E+02  0.323398E+00  0.224036E+00  0.000000E+00  0.000000E+00  0.000000E+00  0.306421E+00
  0.983675E+02  0.303968E+00  0.210284E+00  0.000000E+00  0.000000E+00  0.000000E+00  0.287960E+00
  0.101702E+03  0.285697E+00  0.197353E+00  0.000000E+00  0.000000E+00  0.000000E+00  0.270602E+00
  0.105149E+03  0.268518E+00  0.185193E+00  0.000000E+00  0.000000E+00  0.000000E+00  0.254280E+00
  0.108713E+03  0.252365E+00  0.173759E+00  0.000000E+00  0.000000E+00  0.000000E+00  0.238935E+00
  0.112398E+03  0.237180E+00  0.163009E+00  0.000000E+00  0.000000E+00  0.000000E+00  0.224506E+00
  0.116207E+03  0.222902E+00  0.152901E+00  0.000000E+00  0.000000E+00  0.000000E+00  0.210941E+00
  0.120146E+03  0.209478E+00  0.143396E+00  0.000000E+00  0.000000E+00  0.000000E+00  0.198187E+00
  0.124219E+03  0.196858E+00  0.134461E+00  0.000000E+00  0.000000E+00  0.000000E+00  0.186196E+00
  0.128429E+03  0.184994E+00  0.126060E+00  0.000000E+00  0.000000E+00  0.000000E+00  0.174924E+00
  0.132782E+03  0.173840E+00  0.118162E+00  0.000000E+00  0.000000E+00  0.000000E+00  0.164327E+00
  0.137283E+03  0.163355E+00  0.110736E+00  0.000000E+00  0.000000E+00  0.000000E+00  0.154364E+00
  0.141936E+03  0.153498E+00  0.103755E+00  0.000000E+00  0.000000E+00  0.000000E+00  0.144999E+00
  0.146747E+03  0.144233E+00  0.971933E-01  0.000000E+00  0.000000E+00  0.000000E+00  0.136196E+00
  0.151721E+03  0.135523E+00  0.910241E-01  0.000000E+00  0.000000E+00  0.000000E+00  0.127920E+00
  0.156864E+03  0.127336E+00  0.852256E-01  0.000000E+00  0.000000E+00  0.000000E+00  0.120141E+00
  0.162181E+03  0.119641E+00  0.797751E-01  0.000000E+00  0.000000E+00  0.000000E+00  0.112829E+00
  0.167678E+03  0.112408E+00  0.746519E-01  0.000000E+00  0.000000E+00  0.000000E+00  0.105957E+00
  0.173361E+03  0.105609E+00  0.698364E-01  0.000000E+00  0.000000E+00  0.000000E+00  0.994966E-01
  0.179237E+03  0.992188E-01  0.653108E-01  0.000000E+00  0.000000E+00  0.000000E+00  0.934252E-01
  0.185313E+03  0.932129E-01  0.610575E-01  0.000000E+00  0.000000E+00  0.000000E+00  0.877187E-01
  0.191594E+03  0.875680E-01  0.570605E-01  0.000000E+00  0.000000E+00  0.000000E+00  0.823554E-01
  0.198088E+03  0.822626E-01  0.533043E-01  0.000000E+00  0.000000E+00  0.000000E+00  0.773146E-01
  0.204802E+03  0.772767E-01  0.497750E-01  0.000000E+00  0.000000E+00  0.000000E+00  0.725776E-01
  0.211744E+03  0.725909E-01  0.464591E-01  0.000000E+00  0.000000E+00  0.000000E+00  0.681259E-01
  0.218921E+03  0.681874E-01  0.433439E-01  0.000000E+00  0.000000E+00  0.000000E+00  0.639425E-01
  0.226341E+03  0.640488E-01  0.404172E-01  0.000000E+00  0.000000E+00  0.000000E+00  0.600110E-01
  0.234013E+03  0.601598E-01  0.376684E-01  0.000000E+00  0.000000E+00  0.000000E+00  0.563169E-01
  0.241945E+03  0.565053E-01  0.350867E-01  0.000000E+00  0.000000E+00  0.000000E+00  0.528457E-01
  0.250146E+03  0.530710E-01  0.326623E-01  0.000000E+00  0.000000E+00  0.000000E+00  0.495839E-01
  0.258625E+03  0.498440E-01  0.303860E-01  0.000000E+00  0.000000E+00  0.000000E+00  0.465193E-01
  0.267391E+03  0.468117E-01  0.282493E-01  0.000000E+00  0.000000E+00  0.000000E+00  0.436401E-01
  0.276454E+03  0.439624E-01  0.262436E-01  0.000000E+00  0.000000E+00  0.000000E+00  0.409349E-01
  0.285825E+03  0.412850E-01  0.243615E-01  0.000000E+00  0.000000E+00  0.000000E+00  0.383934E-01
  0.295512E+03  0.387696E-01  0.225958E-01  0.000000E+00  0.000000E+00  0.000000E+00  0.360061E-01
  0.305529E+03  0.364060E-01  0.209398E-01  0.000000E+00  0.000000E+00  0.000000E+00  0.337634E-01
  0.315884E+03  0.341854E-01  0.193871E-01  0.000000E+00  0.000000E+00  0.000000E+00  0.316569E-01
  0.326592E+03  0.320989E-01  0.179317E-01  0.000000E+00  0.000000E+00  0.000000E+00  0.296782E-01
  0.337662E+03  0.301387E-01  0.165682E-01  0.000000E+00  0.000000E+00  0.000000E+00  0.278200E-01
  0.349107E+03  0.282972E-01  0.152912E-01  0.000000E+00  0.000000E+00  0.000000E+00  0.260749E-01
  0.360939E+03  0.265671E-01  0.140958E-01  0.000000E+00  0.000000E+00  0.000000E+00  0.244362E-01
  0.373174E+03  0.249417E-01  0.129774E-01  0.000000E+00  0.000000E+00  0.000000E+00  0.228974E-01
  0.385823E+03  0.234148E-01  0.119317E-01  0.000000E+00  0.000000E+00  0.000000E+00  0.214528E-01
  0.398900E+03  0.219805E-01  0.109547E-01  0.000000E+00  0.000000E+00  0.000000E+00  0.200966E-01
  0.412421E+03  0.206332E-01  0.100425E-01  0.000000E+00  0.000000E+00  0.000000E+00  0.188236E-01
  0.426400E+03  0.193676E-01  0.919165E-02  0.000000E+00  0.000000E+00  0.000000E+00  0.176289E-01
  0.440853E+03  0.181789E-01  0.839867E-02  0.000000E+00  0.000000E+00  0.000000E+00  0.165078E-01
  0.455795E+03  0.170623E-01  0.766046E-02  0.000000E+00  0.000000E+00  0.000000E+00  0.154559E-01
  0.471245E+03  0.160136E-01  0.697398E-02  0.000000E+00  0.000000E+00  0.000000E+00  0.144691E-01
  0.487218E+03  0.150287E-01  0.633653E-02  0.000000E+00  0.000000E+00  0.000000E+00  0.135435E-01
  0.503732E+03  0.141037E-01  0.574544E-02  0.000000E+00  0.000000E+00  0.000000E+00  0.126756E-01
  0.520806E+03  0.132350E-01  0.519821E-02  0.000000E+00  0.000000E+00  0.000000E+00  0.118618E-01
  0.538459E+03  0.124192E-01  0.469247E-02  0.000000E+00  0.000000E+00  0.000000E+00  0.110990E-01
  0.556710E+03  0.116532E-01  0.422606E-02  0.000000E+00  0.000000E+00  0.000000E+00  0.103842E-01
  0.575579E+03  0.109340E-01  0.379680E-02  0.000000E+00  0.000000E+00  0.000000E+00  0.971449E-02
  0.595088E+03  0.102587E-01  0.340271E-02  0.000000E+00  0.000000E+00  0.000000E+00  0.908723E-02
  0.615260E+03  0.962458E-02  0.304180E-02  0.000000E+00  0.000000E+00  0.000000E+00  0.849982E-02
  0.636114E+03  0.902932E-02  0.271227E-02  0.000000E+00  0.000000E+00  0.000000E+00  0.794997E-02
  0.657675E+03  0.847054E-02  0.241232E-02  0.000000E+00  0.000000E+00  0.000000E+00  0.743541E-02
  0.679967E+03  0.794598E-02  0.214020E-02  0.000000E+00  0.000000E+00  0.000000E+00  0.695398E-02
  0.703015E+03  0.745365E-02  0.189426E-02  0.000000E+00  0.000000E+00  0.000000E+00  0.650375E-02
  0.726843E+03  0.699158E-02  0.167285E-02  0.000000E+00  0.000000E+00  0.000000E+00  0.608280E-02
  0.751479E+03  0.655794E-02  0.147437E-02  0.000000E+00  0.000000E+00  0.000000E+00  0.568934E-02
  0.776952E+03  0.615097E-02  0.129722E-02  0.000000E+00  0.000000E+00  0.000000E+00  0.532164E-02
  0.803286E+03  0.576914E-02  0.113990E-02  0.000000E+00  0.000000E+00  0.000000E+00  0.497817E-02
  0.830513E+03  0.541090E-02  0.100085E-02  0.000000E+00  0.000000E+00  0.000000E+00  0.465738E-02
  0.858663E+03  0.507480E-02  0.878580E-03  0.000000E+00  0.000000E+00  0.000000E+00  0.435782E-02
  0.887769E+03  0.475951E-02  0.771598E-03  0.000000E+00  0.000000E+00  0.000000E+00  0.407812E-02
  0.917859E+03  0.446378E-02  0.678456E-03  0.000000E+00  0.000000E+00  0.000000E+00  0.381701E-02
  0.948970E+03  0.418641E-02  0.597719E-03  0.000000E+00  0.000000E+00  0.000000E+00  0.357323E-02
  0.981135E+03  0.392628E-02  0.527999E-03  0.000000E+00  0.000000E+00  0.000000E+00  0.334564E-02
  0.101439E+04  0.368232E-02  0.467944E-03  0.000000E+00  0.000000E+00  0.000000E+00  0.313310E-02
  0.104877E+04  0.345357E-02  0.416272E-03  0.000000E+00  0.000000E+00  0.000000E+00  0.293461E-02
  0.108432E+04  0.323908E-02  0.371760E-03  0.000000E+00  0.000000E+00  0.000000E+00  0.274916E-02
  0.112108E+04  0.303796E-02  0.333267E-03  0.000000E+00  0.000000E+00  0.000000E+00  0.257582E-02
  0.115908E+04  0.284939E-02  0.299755E-03  0.000000E+00  0.000000E+00  0.000000E+00  0.241375E-02
  0.119836E+04  0.267261E-02  0.270289E-03  0.000000E+00  0.000000E+00  0.000000E+00  0.226214E-02
  0.123898E+04  0.250686E-02  0.244059E-03  0.000000E+00  0.000000E+00  0.000000E+00  0.212023E-02
  0.128098E+04  0.235145E-02  0.220382E-03  0.000000E+00  0.000000E+00  0.000000E+00  0.198733E-02
  0.132440E+04  0.220575E-02  0.198718E-03  0.000000E+00  0.000000E+00  0.000000E+00  0.186282E-02
  0.136928E+04  0.206913E-02  0.178658E-03  0.000000E+00  0.000000E+00  0.000000E+00  0.174612E-02
  0.141570E+04  0.194104E-02  0.159927E-03  0.000000E+00  0.000000E+00  0.000000E+00  0.163671E-02
  0.146368E+04  0.182091E-02  0.142373E-03  0.000000E+00  0.000000E+00  0.000000E+00  0.153411E-02
  0.151329E+04  0.170827E-02  0.125947E-03  0.000000E+00  0.000000E+00  0.000000E+00  0.143791E-02
  0.156459E+04  0.160262E-02  0.110680E-03  0.000000E+00  0.000000E+00  0.000000E+00  0.134770E-02
  0.161762E+04  0.150354E-02  0.966534E-04  0.000000E+00  0.000000E+00  0.000000E+00  0.126316E-02
  0.167245E+04  0.141061E-02  0.839693E-04  0.000000E+00  0.000000E+00  0.000000E+00  0.118393E-02
  0.172914E+04  0.132344E-02  0.727204E-04  0.000000E+00  0.000000E+00  0.000000E+00  0.110974E-02
  0.178774E+04  0.124167E-02  0.629576E-04  0.000000E+00  0.000000E+00  0.000000E+00  0.104027E-02
  0.184834E+04  0.116496E-02  0.546715E-04  0.000000E+00  0.000000E+00  0.000000E+00  0.975251E-03
  0.191099E+04  0.109300E-02  0.477812E-04  0.000000E+00  0.000000E+00  0.000000E+00  0.914412E-03
  0.197576E+04  0.102550E-02  0.421324E-04  0.000000E+00  0.000000E+00  0.000000E+00  0.857478E-03
  0.204273E+04  0.962176E-03  0.375119E-04  0.000000E+00  0.000000E+00  0.000000E+00  0.804184E-03
  0.211197E+04  0.902768E-03  0.336720E-04  0.000000E+00  0.000000E+00  0.000000E+00  0.754271E-03
  0.218356E+04  0.847041E-03  0.303637E-04  0.000000E+00  0.000000E+00  0.000000E+00  0.707500E-03
  0.225757E+04  0.794763E-03  0.273693E-04  0.000000E+00  0.000000E+00  0.000000E+00  0.663643E-03
  0.233409E+04  0.745718E-03  0.245328E-04  0.000000E+00  0.000000E+00  0.000000E+00  0.622493E-03
  0.241321E+04  0.699705E-03  0.217772E-04  0.000000E+00  0.000000E+00  0.000000E+00  0.583872E-03
  0.249500E+04  0.656539E-03  0.191050E-04  0.000000E+00  0.000000E+00  0.000000E+00  0.547624E-03
  0.257957E+04  0.616040E-03  0.165799E-04  0.000000E+00  0.000000E+00  0.000000E+00  0.513613E-03
  0.266700E+04  0.578041E-03  0.142946E-04  0.000000E+00  0.000000E+00  0.000000E+00  0.481717E-03
  0.275740E+04  0.542386E-03  0.123316E-04  0.000000E+00  0.000000E+00  0.000000E+00  0.451818E-03
  0.285086E+04  0.508933E-03  0.107301E-04  0.000000E+00  0.000000E+00  0.000000E+00  0.423808E-03
  0.294749E+04  0.477543E-03  0.946745E-05  0.000000E+00  0.000000E+00  0.000000E+00  0.397565E-03
  0.304740E+04  0.448086E-03  0.846548E-05  0.000000E+00  0.000000E+00  0.000000E+00  0.372971E-03
  0.315069E+04  0.420450E-03  0.761748E-05  0.000000E+00  0.000000E+00  0.000000E+00  0.349912E-03
  0.325748E+04  0.394519E-03  0.682643E-05  0.000000E+00  0.000000E+00  0.000000E+00  0.328276E-03
  0.336790E+04  0.370187E-03  0.603883E-05  0.000000E+00  0.000000E+00  0.000000E+00  0.307967E-03
  0.348206E+04  0.347354E-03  0.525803E-05  0.000000E+00  0.000000E+00  0.000000E+00  0.288902E-03
  0.360008E+04  0.325931E-03  0.453005E-05  0.000000E+00  0.000000E+00  0.000000E+00  0.271015E-03
  0.372210E+04  0.305828E-03  0.390888E-05  0.000000E+00  0.000000E+00  0.000000E+00  0.254241E-03
  0.384826E+04  0.286964E-03  0.342027E-05  0.000000E+00  0.000000E+00  0.000000E+00  0.238517E-03
  0.397870E+04  0.269262E-03  0.304497E-05  0.000000E+00  0.000000E+00  0.000000E+00  0.223775E-03
  0.411356E+04  0.252653E-03  0.273198E-05  0.000000E+00  0.000000E+00  0.000000E+00  0.209951E-03
  0.425299E+04  0.237068E-03  0.243222E-05  0.000000E+00  0.000000E+00  0.000000E+00  0.196977E-03
  0.439714E+04  0.222443E-03  0.212871E-05  0.000000E+00  0.000000E+00  0.000000E+00  0.184799E-03
  0.454619E+04  0.208718E-03  0.184032E-05  0.000000E+00  0.000000E+00  0.000000E+00  0.173370E-03
  0.470028E+04  0.195841E-03  0.159723E-05  0.000000E+00  0.000000E+00  0.000000E+00  0.162652E-03
  0.485959E+04  0.183757E-03  0.140961E-05  0.000000E+00  0.000000E+00  0.000000E+00  0.152601E-03
  0.502432E+04  0.172418E-03  0.125855E-05  0.000000E+00  0.000000E+00  0.000000E+00  0.143173E-03
  0.519462E+04  0.161778E-03  0.111628E-05  0.000000E+00  0.000000E+00  0.000000E+00  0.134326E-03
  0.537068E+04  0.151794E-03  0.973192E-06  0.000000E+00  0.000000E+00  0.000000E+00  0.126024E-03
  0.555272E+04  0.142425E-03  0.842316E-06  0.000000E+00  0.000000E+00  0.000000E+00  0.118234E-03
  0.574094E+04  0.133633E-03  0.737808E-06  0.000000E+00  0.000000E+00  0.000000E+00  0.110926E-03
  0.593553E+04  0.125384E-03  0.655637E-06  0.000000E+00  0.000000E+00  0.000000E+00  0.104072E-03
  0.613671E+04  0.117643E-03  0.580468E-06  0.000000E+00  0.000000E+00  0.000000E+00  0.976411E-04
  0.634471E+04  0.110379E-03  0.506568E-06  0.000000E+00  0.000000E+00  0.000000E+00  0.916061E-04
  0.655977E+04  0.103563E-03  0.441562E-06  0.000000E+00  0.000000E+00  0.000000E+00  0.859436E-04
  0.678211E+04  0.971682E-04  0.389976E-06  0.000000E+00  0.000000E+00  0.000000E+00  0.806323E-04
  0.701199E+04  0.911672E-04  0.345194E-06  0.000000E+00  0.000000E+00  0.000000E+00  0.756490E-04
