  0.943462E-05  0.791533E+06  0.791533E+06  0.105535E+07  0.105535E+07  0.000000E+00  0.791533E+06
  0.129189E-04  0.101316E+07  0.101316E+07  0.135082E+07  0.135081E+07  0.000000E+00  0.101316E+07
  0.163412E-04  0.110814E+07  0.110814E+07  0.147741E+07  0.147741E+07  0.000000E+00  0.110814E+07
  0.197339E-04  0.115790E+07  0.115790E+07  0.154369E+07  0.154368E+07  0.000000E+00  0.115790E+07
  0.231100E-04  0.118730E+07  0.118730E+07  0.158281E+07  0.158281E+07  0.000000E+00  0.118730E+07
  0.264758E-04  0.120614E+07  0.120614E+07  0.160786E+07  0.160785E+07  0.000000E+00  0.120614E+07
  0.298349E-04  0.121895E+07  0.121895E+07  0.162485E+07  0.162484E+07  0.000000E+00  0.121895E+07
  0.331892E-04  0.122807E+07  0.122807E+07  0.163690E+07  0.163688E+07  0.000000E+00  0.122807E+07
  0.365401E-04  0.123478E+07  0.123478E+07  0.164573E+07  0.164572E+07  0.000000E+00  0.123478E+07
  0.398885E-04  0.123987E+07  0.123987E+07  0.165239E+07  0.165238E+07  0.000000E+00  0.123987E+07
  0.432348E-04  0.124382E+07  0.124382E+07  0.165753E+07  0.165750E+07  0.000000E+00  0.124382E+07
  0.465797E-04  0.124695E+07  0.124695E+07  0.166155E+07  0.166152E+07  0.000000E+00  0.124695E+07
  0.499233E-04  0.124947E+07  0.124947E+07  0.166475E+07  0.166472E+07  0.000000E+00  0.124947E+07
  0.532659E-04  0.125153E+07  0.125153E+07  0.166733E+07  0.166729E+07  0.000000E+00  0.125153E+07
  0.566077E-04  0.125323E+07  0.125323E+07  0.166942E+07  0.166938E+07  0.000000E+00  0.125323E+07
  0.599488E-04  0.125466E+07  0.125466E+07  0.167113E+07  0.167109E+07  0.000000E+00  0.125466E+07
  0.632893E-04  0.125586E+07  0.125586E+07  0.167253E+07  0.167248E+07  0.000000E+00  0.125586E+07
  0.666294E-04  0.125689E+07  0.125689E+07  0.167369E+07  0.167364E+07  0.000000E+00  0.125689E+07
  0.699690E-04  0.125778E+07  0.125778E+07  0.167464E+07  0.167459E+07  0.000000E+00  0.125778E+07
  0.733082E-04  0.125854E+07  0.125854E+07  0.167543E+07  0.167536E+07  0.000000E+00  0.125854E+07
  0.766472E-04  0.125921E+07  0.125921E+07  0.167607E+07  0.167600E+07  0.000000E+00  0.125921E+07
  0.799859E-04  0.125979E+07  0.125979E+07  0.167659E+07  0.167651E+07  0.000000E+00  0.125979E+07
  0.833243E-04  0.126030E+07  0.126030E+07  0.167701E+07  0.167693E+07  0.000000E+00  0.126030E+07
  0.866625E-04  0.126076E+07  0.126076E+07  0.167733E+07  0.167725E+07  0.000000E+00  0.126076E+07
  0.900005E-04  0.126116E+07  0.126116E+07  0.167758E+07  0.167749E+07  0.000000E+00  0.126116E+07
  0.933384E-04  0.126153E+07  0.126152E+07  0.167777E+07  0.167766E+07  0.000000E+00  0.126152E+07
  0.966761E-04  0.126185E+07  0.126185E+07  0.167789E+07  0.167778E+07  0.000000E+00  0.126185E+07
  0.100014E-03  0.126214E+07  0.126214E+07  0.167795E+07  0.167784E+07  0.000000E+00  0.126214E+07
  0.103351E-03  0.126240E+07  0.126240E+07  0.167797E+07  0.167784E+07  0.000000E+00  0.126240E+07
  0.106688E-03  0.126264E+07  0.126264E+07  0.167794E+07  0.167781E+07  0.000000E+00  0.126264E+07
  0.110026E-03  0.126286E+07  0.126285E+07  0.167787E+07  0.167773E+07  0.000000E+00  0.126286E+07
  0.113363E-03  0.126305E+07  0.126305E+07  0.167777E+07  0.167762E+07  0.000000E+00  0.126305E+07
  0.116700E-03  0.126323E+07  0.126323E+07  0.167763E+07  0.167747E+07  0.000000E+00  0.126323E+07
  0.123374E-03  0.126354E+07  0.126354E+07  0.167726E+07  0.167709E+07  0.000000E+00  0.126354E+07
  0.126710E-03  0.126368E+07  0.126368E+07  0.167704E+07  0.167685E+07  0.000000E+00  0.126368E+07
  0.130047E-03  0.126381E+07  0.126380E+07  0.167678E+07  0.167659E+07  0.000000E+00  0.126381E+07
  0.133384E-03  0.126392E+07  0.126392E+07  0.167651E+07  0.167630E+07  0.000000E+00  0.126392E+07
  0.140057E-03  0.126413E+07  0.126413E+07  0.167589E+07  0.167566E+07  0.000000E+00  0.126413E+07
  0.143394E-03  0.126422E+07  0.126422E+07  0.167555E+07  0.167531E+07  0.000000E+00  0.126422E+07
  0.150067E-03  0.126438E+07  0.126438E+07  0.167480E+07  0.167454E+07  0.000000E+00  0.126438E+07
  0.153403E-03  0.126445E+07  0.126445E+07  0.167440E+07  0.167413E+07  0.000000E+00  0.126445E+07
  0.160076E-03  0.126458E+07  0.126458E+07  0.167355E+07  0.167326E+07  0.000000E+00  0.126458E+07
  0.163412E-03  0.126464E+07  0.126464E+07  0.167310E+07  0.167279E+07  0.000000E+00  0.126464E+07
  0.170085E-03  0.126474E+07  0.126474E+07  0.167215E+07  0.167182E+07  0.000000E+00  0.126474E+07
  0.176758E-03  0.126483E+07  0.126483E+07  0.167114E+07  0.167078E+07  0.000000E+00  0.126483E+07
  0.183430E-03  0.126490E+07  0.126490E+07  0.167007E+07  0.166968E+07  0.000000E+00  0.126490E+07
  0.186766E-03  0.126494E+07  0.126493E+07  0.166951E+07  0.166911E+07  0.000000E+00  0.126494E+07
  0.193438E-03  0.126500E+07  0.126499E+07  0.166835E+07  0.166792E+07  0.000000E+00  0.126500E+07
  0.200111E-03  0.126505E+07  0.126505E+07  0.166714E+07  0.166668E+07  0.000000E+00  0.126505E+07
  0.206783E-03  0.126509E+07  0.126509E+07  0.166588E+07  0.166539E+07  0.000000E+00  0.126509E+07
  0.213455E-03  0.126513E+07  0.126512E+07  0.166456E+07  0.166404E+07  0.000000E+00  0.126513E+07
  0.223463E-03  0.126517E+07  0.126517E+07  0.166250E+07  0.166192E+07  0.000000E+00  0.126517E+07
  0.230135E-03  0.126520E+07  0.126519E+07  0.166106E+07  0.166045E+07  0.000000E+00  0.126519E+07
  0.236807E-03  0.126521E+07  0.126521E+07  0.165957E+07  0.165893E+07  0.000000E+00  0.126521E+07
  0.246815E-03  0.126523E+07  0.126522E+07  0.165725E+07  0.165655E+07  0.000000E+00  0.126523E+07
  0.253487E-03  0.126524E+07  0.126523E+07  0.165564E+07  0.165491E+07  0.000000E+00  0.126524E+07
  0.263495E-03  0.126524E+07  0.126523E+07  0.165315E+07  0.165236E+07  0.000000E+00  0.126524E+07
  0.270166E-03  0.126524E+07  0.126523E+07  0.165143E+07  0.165060E+07  0.000000E+00  0.126524E+07
  0.280174E-03  0.126523E+07  0.126522E+07  0.164877E+07  0.164787E+07  0.000000E+00  0.126523E+07
  0.290182E-03  0.126522E+07  0.126521E+07  0.164600E+07  0.164504E+07  0.000000E+00  0.126522E+07
  0.300189E-03  0.126520E+07  0.126519E+07  0.164314E+07  0.164212E+07  0.000000E+00  0.126520E+07
  0.310197E-03  0.126518E+07  0.126517E+07  0.164018E+07  0.163909E+07  0.000000E+00  0.126518E+07
  0.320204E-03  0.126515E+07  0.126514E+07  0.163712E+07  0.163596E+07  0.000000E+00  0.126515E+07
  0.330212E-03  0.126512E+07  0.126511E+07  0.163396E+07  0.163274E+07  0.000000E+00  0.126512E+07
  0.343555E-03  0.126507E+07  0.126506E+07  0.162961E+07  0.162828E+07  0.000000E+00  0.126507E+07
  0.353562E-03  0.126503E+07  0.126502E+07  0.162624E+07  0.162484E+07  0.000000E+00  0.126503E+07
  0.366905E-03  0.126498E+07  0.126496E+07  0.162159E+07  0.162009E+07  0.000000E+00  0.126497E+07
  0.380248E-03  0.126491E+07  0.126489E+07  0.161679E+07  0.161518E+07  0.000000E+00  0.126491E+07
  0.390256E-03  0.126486E+07  0.126484E+07  0.161307E+07  0.161138E+07  0.000000E+00  0.126486E+07
  0.403599E-03  0.126479E+07  0.126477E+07  0.160799E+07  0.160618E+07  0.000000E+00  0.126478E+07
  0.420278E-03  0.126469E+07  0.126467E+07  0.160140E+07  0.159946E+07  0.000000E+00  0.126468E+07
  0.433621E-03  0.126460E+07  0.126458E+07  0.159596E+07  0.159390E+07  0.000000E+00  0.126460E+07
  0.446963E-03  0.126452E+07  0.126449E+07  0.159036E+07  0.158818E+07  0.000000E+00  0.126451E+07
  0.463642E-03  0.126440E+07  0.126438E+07  0.158315E+07  0.158081E+07  0.000000E+00  0.126440E+07
  0.476985E-03  0.126431E+07  0.126428E+07  0.157721E+07  0.157475E+07  0.000000E+00  0.126430E+07
  0.493664E-03  0.126418E+07  0.126415E+07  0.156958E+07  0.156696E+07  0.000000E+00  0.126417E+07
  0.510342E-03  0.126405E+07  0.126402E+07  0.156172E+07  0.155893E+07  0.000000E+00  0.126404E+07
  0.530356E-03  0.126388E+07  0.126385E+07  0.155199E+07  0.154900E+07  0.000000E+00  0.126388E+07
  0.547035E-03  0.126374E+07  0.126370E+07  0.154364E+07  0.154048E+07  0.000000E+00  0.126373E+07
  0.567049E-03  0.126356E+07  0.126352E+07  0.153333E+07  0.152996E+07  0.000000E+00  0.126355E+07
  0.583728E-03  0.126340E+07  0.126336E+07  0.152451E+07  0.152096E+07  0.000000E+00  0.126339E+07
  0.603742E-03  0.126321E+07  0.126316E+07  0.151364E+07  0.150989E+07  0.000000E+00  0.126320E+07
  0.623756E-03  0.126301E+07  0.126296E+07  0.150249E+07  0.149851E+07  0.000000E+00  0.126300E+07
  0.647106E-03  0.126276E+07  0.126271E+07  0.148912E+07  0.148488E+07  0.000000E+00  0.126275E+07
  0.667120E-03  0.126255E+07  0.126249E+07  0.147735E+07  0.147289E+07  0.000000E+00  0.126254E+07
  0.690470E-03  0.126228E+07  0.126223E+07  0.146329E+07  0.145856E+07  0.000000E+00  0.126227E+07
  0.713819E-03  0.126201E+07  0.126195E+07  0.144887E+07  0.144388E+07  0.000000E+00  0.126200E+07
  0.737169E-03  0.126173E+07  0.126167E+07  0.143410E+07  0.142885E+07  0.000000E+00  0.126172E+07
  0.763854E-03  0.126140E+07  0.126133E+07  0.141683E+07  0.141126E+07  0.000000E+00  0.126139E+07
  0.790540E-03  0.126106E+07  0.126098E+07  0.139914E+07  0.139327E+07  0.000000E+00  0.126105E+07
  0.817225E-03  0.126071E+07  0.126063E+07  0.138105E+07  0.137488E+07  0.000000E+00  0.126069E+07
  0.843911E-03  0.126034E+07  0.126026E+07  0.136260E+07  0.135611E+07  0.000000E+00  0.126033E+07
  0.870596E-03  0.125997E+07  0.125987E+07  0.134378E+07  0.133700E+07  0.000000E+00  0.125995E+07
  0.900617E-03  0.125953E+07  0.125943E+07  0.132222E+07  0.131510E+07  0.000000E+00  0.125951E+07
  0.930638E-03  0.125908E+07  0.125897E+07  0.130026E+07  0.129281E+07  0.000000E+00  0.125906E+07
  0.963994E-03  0.125856E+07  0.125845E+07  0.127544E+07  0.126762E+07  0.000000E+00  0.125854E+07
  0.997351E-03  0.125803E+07  0.125791E+07  0.125020E+07  0.124203E+07  0.000000E+00  0.125801E+07
  0.103071E-02  0.125748E+07  0.125735E+07  0.122460E+07  0.121608E+07  0.000000E+00  0.125746E+07
  0.106406E-02  0.125691E+07  0.125678E+07  0.119866E+07  0.118981E+07  0.000000E+00  0.125689E+07
  0.110076E-02  0.125627E+07  0.125613E+07  0.116979E+07  0.116060E+07  0.000000E+00  0.125625E+07
  0.113745E-02  0.125561E+07  0.125546E+07  0.114063E+07  0.113111E+07  0.000000E+00  0.125559E+07
  0.117748E-02  0.125487E+07  0.125471E+07  0.110855E+07  0.109869E+07  0.000000E+00  0.125485E+07
  0.121750E-02  0.125411E+07  0.125393E+07  0.107624E+07  0.106608E+07  0.000000E+00  0.125408E+07
  0.125753E-02  0.125333E+07  0.125314E+07  0.104378E+07  0.103334E+07  0.000000E+00  0.125330E+07
  0.130090E-02  0.125246E+07  0.125225E+07  0.100853E+07  0.997817E+06  0.000000E+00  0.125242E+07
  0.134426E-02  0.125156E+07  0.125134E+07  0.973264E+06  0.962318E+06  0.000000E+00  0.125152E+07
  0.139096E-02  0.125057E+07  0.125033E+07  0.935366E+06  0.924211E+06  0.000000E+00  0.125053E+07
  0.143766E-02  0.124955E+07  0.124930E+07  0.897652E+06  0.886332E+06  0.000000E+00  0.124951E+07
  0.148769E-02  0.124843E+07  0.124816E+07  0.857556E+06  0.846112E+06  0.000000E+00  0.124839E+07
  0.153773E-02  0.124728E+07  0.124700E+07  0.817896E+06  0.806383E+06  0.000000E+00  0.124723E+07
  0.158776E-02  0.124611E+07  0.124580E+07  0.778783E+06  0.767254E+06  0.000000E+00  0.124606E+07
  0.164447E-02  0.124474E+07  0.124441E+07  0.735247E+06  0.723764E+06  0.000000E+00  0.124469E+07
  0.169784E-02  0.124343E+07  0.124308E+07  0.695162E+06  0.683785E+06  0.000000E+00  0.124337E+07
  0.175454E-02  0.124200E+07  0.124162E+07  0.653642E+06  0.642440E+06  0.000000E+00  0.124193E+07
  0.181459E-02  0.124045E+07  0.124005E+07  0.611013E+06  0.600062E+06  0.000000E+00  0.124038E+07
  0.187796E-02  0.123878E+07  0.123835E+07  0.567642E+06  0.557026E+06  0.000000E+00  0.123870E+07
  0.194134E-02  0.123707E+07  0.123661E+07  0.526071E+06  0.515853E+06  0.000000E+00  0.123699E+07
  0.200805E-02  0.123524E+07  0.123475E+07  0.484379E+06  0.474641E+06  0.000000E+00  0.123515E+07
  0.207477E-02  0.123337E+07  0.123285E+07  0.444912E+06  0.435704E+06  0.000000E+00  0.123328E+07
  0.214481E-02  0.123137E+07  0.123081E+07  0.405958E+06  0.397349E+06  0.000000E+00  0.123127E+07
  0.221820E-02  0.122923E+07  0.122864E+07  0.367951E+06  0.360002E+06  0.000000E+00  0.122913E+07
  0.229158E-02  0.122706E+07  0.122643E+07  0.332855E+06  0.325579E+06  0.000000E+00  0.122695E+07
  0.237164E-02  0.122465E+07  0.122398E+07  0.297898E+06  0.291356E+06  0.000000E+00  0.122454E+07
  0.245169E-02  0.122221E+07  0.122149E+07  0.266388E+06  0.260554E+06  0.000000E+00  0.122209E+07
  0.253508E-02  0.121963E+07  0.121885E+07  0.237152E+06  0.232009E+06  0.000000E+00  0.121949E+07
  0.261848E-02  0.121701E+07  0.121618E+07  0.211455E+06  0.206931E+06  0.000000E+00  0.121687E+07
  0.270854E-02  0.121414E+07  0.121326E+07  0.187488E+06  0.183530E+06  0.000000E+00  0.121399E+07
  0.280194E-02  0.121113E+07  0.121019E+07  0.166524E+06  0.163019E+06  0.000000E+00  0.121097E+07
  0.289533E-02  0.120809E+07  0.120709E+07  0.149203E+06  0.145998E+06  0.000000E+00  0.120792E+07
  0.299207E-02  0.120491E+07  0.120384E+07  0.134727E+06  0.131658E+06  0.000000E+00  0.120473E+07
  0.309547E-02  0.120148E+07  0.120034E+07  0.122680E+06  0.119555E+06  0.000000E+00  0.120129E+07
  0.319888E-02  0.119802E+07  0.119681E+07  0.113659E+06  0.110273E+06  0.000000E+00  0.119781E+07
  0.330895E-02  0.119431E+07  0.119301E+07  0.106787E+06  0.102912E+06  0.000000E+00  0.119409E+07
  0.341903E-02  0.119058E+07  0.118920E+07  0.102127E+06  0.975729E+05  0.000000E+00  0.119034E+07
  0.353578E-02  0.118660E+07  0.118512E+07  0.989520E+05  0.935114E+05  0.000000E+00  0.118635E+07
  0.365586E-02  0.118248E+07  0.118091E+07  0.969339E+05  0.904606E+05  0.000000E+00  0.118222E+07
  0.377928E-02  0.117824E+07  0.117656E+07  0.955577E+05  0.879655E+05  0.000000E+00  0.117795E+07
  0.390937E-02  0.117375E+07  0.117195E+07  0.942920E+05  0.855424E+05  0.000000E+00  0.117344E+07
  0.403946E-02  0.116925E+07  0.116734E+07  0.927474E+05  0.829515E+05  0.000000E+00  0.116892E+07
  0.417622E-02  0.116451E+07  0.116247E+07  0.904666E+05  0.797807E+05  0.000000E+00  0.116416E+07
  0.431965E-02  0.115953E+07  0.115735E+07  0.871307E+05  0.758286E+05  0.000000E+00  0.115916E+07
  0.446642E-02  0.115443E+07  0.115211E+07  0.826619E+05  0.711334E+05  0.000000E+00  0.115404E+07
  0.461653E-02  0.114922E+07  0.114674E+07  0.771004E+05  0.658010E+05  0.000000E+00  0.114880E+07
  0.477330E-02  0.114378E+07  0.114114E+07  0.704938E+05  0.599302E+05  0.000000E+00  0.114332E+07
  0.493675E-02  0.113810E+07  0.113529E+07  0.631493E+05  0.538422E+05  0.000000E+00  0.113762E+07
  0.510353E-02  0.113232E+07  0.112933E+07  0.556638E+05  0.480511E+05  0.000000E+00  0.113181E+07
  0.527698E-02  0.112632E+07  0.112313E+07  0.484009E+05  0.428372E+05  0.000000E+00  0.112578E+07
  0.545377E-02  0.112022E+07  0.111682E+07  0.419930E+05  0.386275E+05  0.000000E+00  0.111964E+07
  0.564057E-02  0.111379E+07  0.111017E+07  0.366434E+05  0.355025E+05  0.000000E+00  0.111317E+07
  0.583070E-02  0.110727E+07  0.110341E+07  0.328281E+05  0.336396E+05  0.000000E+00  0.110661E+07
  0.602750E-02  0.110053E+07  0.109643E+07  0.305056E+05  0.328401E+05  0.000000E+00  0.109983E+07
  0.623098E-02  0.109360E+07  0.108923E+07  0.295005E+05  0.327864E+05  0.000000E+00  0.109285E+07
  0.644446E-02  0.108636E+07  0.108170E+07  0.000000E+00  0.000000E+00  0.000000E+00  0.108556E+07
  0.666127E-02  0.107904E+07  0.107408E+07  0.000000E+00  0.000000E+00  0.000000E+00  0.107819E+07
  0.688810E-02  0.107142E+07  0.106615E+07  0.000000E+00  0.000000E+00  0.000000E+00  0.107051E+07
  0.712159E-02  0.106361E+07  0.105801E+07  0.000000E+00  0.000000E+00  0.000000E+00  0.106266E+07
  0.736176E-02  0.105564E+07  0.104968E+07  0.000000E+00  0.000000E+00  0.000000E+00  0.105462E+07
  0.761193E-02  0.104738E+07  0.104104E+07  0.000000E+00  0.000000E+00  0.000000E+00  0.104630E+07
  0.787211E-02  0.103885E+07  0.103211E+07  0.000000E+00  0.000000E+00  0.000000E+00  0.103770E+07
  0.813896E-02  0.103016E+07  0.102300E+07  0.000000E+00  0.000000E+00  0.000000E+00  0.102894E+07
  0.841249E-02  0.102132E+07  0.101372E+07  0.000000E+00  0.000000E+00  0.000000E+00  0.102002E+07
  0.869935E-02  0.101212E+07  0.100404E+07  0.000000E+00  0.000000E+00  0.000000E+00  0.101074E+07
  0.899289E-02  0.100278E+07  0.994207E+06  0.000000E+00  0.000000E+00  0.000000E+00  0.100132E+07
  0.929643E-02  0.993202E+06  0.984105E+06  0.000000E+00  0.000000E+00  0.000000E+00  0.991648E+06
  0.961332E-02  0.983289E+06  0.973635E+06  0.000000E+00  0.000000E+00  0.000000E+00  0.981639E+06
  0.994021E-02  0.973154E+06  0.962914E+06  0.000000E+00  0.000000E+00  0.000000E+00  0.971405E+06
  0.102771E-01  0.962806E+06  0.951951E+06  0.000000E+00  0.000000E+00  0.000000E+00  0.960952E+06
  0.106240E-01  0.952252E+06  0.940753E+06  0.000000E+00  0.000000E+00  0.000000E+00  0.950288E+06
  0.109843E-01  0.941401E+06  0.929222E+06  0.000000E+00  0.000000E+00  0.000000E+00  0.939320E+06
  0.113579E-01  0.930262E+06  0.917367E+06  0.000000E+00  0.000000E+00  0.000000E+00  0.928059E+06
  0.117415E-01  0.918945E+06  0.905304E+06  0.000000E+00  0.000000E+00  0.000000E+00  0.916614E+06
  0.121384E-01  0.907362E+06  0.892939E+06  0.000000E+00  0.000000E+00  0.000000E+00  0.904897E+06
  0.125520E-01  0.895427E+06  0.880180E+06  0.000000E+00  0.000000E+00  0.000000E+00  0.892822E+06
  0.129756E-01  0.883344E+06  0.867245E+06  0.000000E+00  0.000000E+00  0.000000E+00  0.880594E+06
  0.134159E-01  0.870936E+06  0.853942E+06  0.000000E+00  0.000000E+00  0.000000E+00  0.868032E+06
  0.138696E-01  0.858309E+06  0.840388E+06  0.000000E+00  0.000000E+00  0.000000E+00  0.855247E+06
  0.143399E-01  0.845385E+06  0.826497E+06  0.000000E+00  0.000000E+00  0.000000E+00  0.842158E+06
  0.148269E-01  0.832179E+06  0.812287E+06  0.000000E+00  0.000000E+00  0.000000E+00  0.828780E+06
  0.153306E-01  0.818708E+06  0.797776E+06  0.000000E+00  0.000000E+00  0.000000E+00  0.815131E+06
  0.158510E-01  0.804988E+06  0.782983E+06  0.000000E+00  0.000000E+00  0.000000E+00  0.801228E+06
  0.163880E-01  0.791038E+06  0.767930E+06  0.000000E+00  0.000000E+00  0.000000E+00  0.787089E+06
  0.169417E-01  0.776875E+06  0.752638E+06  0.000000E+00  0.000000E+00  0.000000E+00  0.772733E+06
  0.175155E-01  0.762434E+06  0.737038E+06  0.000000E+00  0.000000E+00  0.000000E+00  0.758095E+06
  0.181092E-01  0.747740E+06  0.721161E+06  0.000000E+00  0.000000E+00  0.000000E+00  0.743199E+06
  0.187230E-01  0.732818E+06  0.705035E+06  0.000000E+00  0.000000E+00  0.000000E+00  0.728071E+06
  0.193601E-01  0.717613E+06  0.688608E+06  0.000000E+00  0.000000E+00  0.000000E+00  0.712657E+06
  0.200138E-01  0.702312E+06  0.672086E+06  0.000000E+00  0.000000E+00  0.000000E+00  0.697148E+06
  0.206943E-01  0.686712E+06  0.655253E+06  0.000000E+00  0.000000E+00  0.000000E+00  0.681337E+06
  0.213948E-01  0.670999E+06  0.638319E+06  0.000000E+00  0.000000E+00  0.000000E+00  0.665415E+06
  0.221186E-01  0.655132E+06  0.621245E+06  0.000000E+00  0.000000E+00  0.000000E+00  0.649342E+06
  0.228692E-01  0.639077E+06  0.604003E+06  0.000000E+00  0.000000E+00  0.000000E+00  0.633084E+06
  0.236430E-01  0.622948E+06  0.586724E+06  0.000000E+00  0.000000E+00  0.000000E+00  0.616759E+06
  0.244469E-01  0.606651E+06  0.569317E+06  0.000000E+00  0.000000E+00  0.000000E+00  0.600272E+06
  0.252742E-01  0.590368E+06  0.551988E+06  0.000000E+00  0.000000E+00  0.000000E+00  0.583811E+06
  0.261314E-01  0.574019E+06  0.534661E+06  0.000000E+00  0.000000E+00  0.000000E+00  0.567294E+06
  0.270154E-01  0.557718E+06  0.517472E+06  0.000000E+00  0.000000E+00  0.000000E+00  0.550842E+06
  0.279327E-01  0.541403E+06  0.500366E+06  0.000000E+00  0.000000E+00  0.000000E+00  0.534391E+06
  0.288800E-01  0.525193E+06  0.483485E+06  0.000000E+00  0.000000E+00  0.000000E+00  0.518067E+06
  0.298573E-01  0.509149E+06  0.466904E+06  0.000000E+00  0.000000E+00  0.000000E+00  0.501931E+06
  0.308714E-01  0.493228E+06  0.450594E+06  0.000000E+00  0.000000E+00  0.000000E+00  0.485943E+06
  0.319154E-01  0.477477E+06  0.434620E+06  0.000000E+00  0.000000E+00  0.000000E+00  0.470154E+06
  0.329995E-01  0.464827E+06  0.421913E+06  0.000000E+00  0.000000E+00  0.000000E+00  0.457495E+06
  0.341169E-01  0.449648E+06  0.406885E+06  0.000000E+00  0.000000E+00  0.000000E+00  0.442341E+06
  0.352744E-01  0.434822E+06  0.392418E+06  0.000000E+00  0.000000E+00  0.000000E+00  0.427577E+06
  0.364686E-01  0.420461E+06  0.378632E+06  0.000000E+00  0.000000E+00  0.000000E+00  0.413314E+06
  0.377061E-01  0.406549E+06  0.365521E+06  0.000000E+00  0.000000E+00  0.000000E+00  0.399538E+06
  0.389836E-01  0.393180E+06  0.353180E+06  0.000000E+00  0.000000E+00  0.000000E+00  0.386345E+06
  0.403045E-01  0.380362E+06  0.341616E+06  0.000000E+00  0.000000E+00  0.000000E+00  0.373742E+06
  0.416722E-01  0.368099E+06  0.330827E+06  0.000000E+00  0.000000E+00  0.000000E+00  0.361731E+06
  0.430831E-01  0.354745E+06  0.319159E+06  0.000000E+00  0.000000E+00  0.000000E+00  0.348665E+06
  0.445441E-01  0.343607E+06  0.309889E+06  0.000000E+00  0.000000E+00  0.000000E+00  0.337846E+06
  0.460519E-01  0.333043E+06  0.301350E+06  0.000000E+00  0.000000E+00  0.000000E+00  0.327628E+06
  0.476129E-01  0.323000E+06  0.293461E+06  0.000000E+00  0.000000E+00  0.000000E+00  0.317953E+06
  0.492274E-01  0.313476E+06  0.286179E+06  0.000000E+00  0.000000E+00  0.000000E+00  0.308812E+06
  0.508952E-01  0.304441E+06  0.279424E+06  0.000000E+00  0.000000E+00  0.000000E+00  0.300166E+06
  0.526231E-01  0.296714E+06  0.273963E+06  0.000000E+00  0.000000E+00  0.000000E+00  0.292827E+06
  0.544043E-01  0.288516E+06  0.267960E+06  0.000000E+00  0.000000E+00  0.000000E+00  0.285004E+06
  0.562489E-01  0.280591E+06  0.262103E+06  0.000000E+00  0.000000E+00  0.000000E+00  0.277432E+06
  0.581569E-01  0.272835E+06  0.256229E+06  0.000000E+00  0.000000E+00  0.000000E+00  0.269998E+06
  0.601283E-01  0.265137E+06  0.250169E+06  0.000000E+00  0.000000E+00  0.000000E+00  0.262579E+06
  0.621663E-01  0.256734E+06  0.243118E+06  0.000000E+00  0.000000E+00  0.000000E+00  0.254408E+06
  0.642711E-01  0.248845E+06  0.236250E+06  0.000000E+00  0.000000E+00  0.000000E+00  0.246693E+06
  0.664526E-01  0.240758E+06  0.228839E+06  0.000000E+00  0.000000E+00  0.000000E+00  0.238722E+06
  0.687042E-01  0.232479E+06  0.220882E+06  0.000000E+00  0.000000E+00  0.000000E+00  0.230497E+06
  0.710325E-01  0.224293E+06  0.212685E+06  0.000000E+00  0.000000E+00  0.000000E+00  0.222310E+06
  0.734408E-01  0.215602E+06  0.203691E+06  0.000000E+00  0.000000E+00  0.000000E+00  0.213567E+06
  0.759292E-01  0.206677E+06  0.194234E+06  0.000000E+00  0.000000E+00  0.000000E+00  0.204551E+06
  0.785043E-01  0.197583E+06  0.184459E+06  0.000000E+00  0.000000E+00  0.000000E+00  0.195340E+06
  0.811628E-01  0.188487E+06  0.174639E+06  0.000000E+00  0.000000E+00  0.000000E+00  0.186120E+06
  0.839147E-01  0.179556E+06  0.165044E+06  0.000000E+00  0.000000E+00  0.000000E+00  0.177076E+06
  0.867600E-01  0.170991E+06  0.155986E+06  0.000000E+00  0.000000E+00  0.000000E+00  0.168427E+06
  0.896987E-01  0.162956E+06  0.147724E+06  0.000000E+00  0.000000E+00  0.000000E+00  0.160354E+06
  0.927408E-01  0.155544E+06  0.140421E+06  0.000000E+00  0.000000E+00  0.000000E+00  0.152960E+06
  0.958830E-01  0.148836E+06  0.134194E+06  0.000000E+00  0.000000E+00  0.000000E+00  0.146334E+06
  0.991319E-01  0.142848E+06  0.129051E+06  0.000000E+00  0.000000E+00  0.000000E+00  0.140490E+06
  0.102494E+00  0.137562E+06  0.124921E+06  0.000000E+00  0.000000E+00  0.000000E+00  0.135402E+06
  0.105967E+00  0.132915E+06  0.121637E+06  0.000000E+00  0.000000E+00  0.000000E+00  0.130988E+06
  0.109559E+00  0.128739E+06  0.118897E+06  0.000000E+00  0.000000E+00  0.000000E+00  0.127057E+06
  0.113272E+00  0.124796E+06  0.116309E+06  0.000000E+00  0.000000E+00  0.000000E+00  0.123346E+06
  0.117111E+00  0.120835E+06  0.113473E+06  0.000000E+00  0.000000E+00  0.000000E+00  0.119577E+06
  0.121080E+00  0.116669E+06  0.110089E+06  0.000000E+00  0.000000E+00  0.000000E+00  0.115545E+06
  0.125187E+00  0.112182E+06  0.105982E+06  0.000000E+00  0.000000E+00  0.000000E+00  0.111123E+06
  0.129430E+00  0.107331E+06  0.101123E+06  0.000000E+00  0.000000E+00  0.000000E+00  0.106270E+06
  0.133816E+00  0.102165E+06  0.956507E+05  0.000000E+00  0.000000E+00  0.000000E+00  0.101052E+06
  0.138352E+00  0.968444E+05  0.898771E+05  0.000000E+00  0.000000E+00  0.000000E+00  0.956540E+05
  0.143042E+00  0.916179E+05  0.842347E+05  0.000000E+00  0.000000E+00  0.000000E+00  0.903564E+05
  0.147889E+00  0.867679E+05  0.791765E+05  0.000000E+00  0.000000E+00  0.000000E+00  0.854708E+05
  0.152902E+00  0.825020E+05  0.750241E+05  0.000000E+00  0.000000E+00  0.000000E+00  0.812243E+05
  0.158086E+00  0.788994E+05  0.718792E+05  0.000000E+00  0.000000E+00  0.000000E+00  0.776999E+05
  0.163443E+00  0.758861E+05  0.695874E+05  0.000000E+00  0.000000E+00  0.000000E+00  0.748099E+05
  0.168984E+00  0.732471E+05  0.677730E+05  0.000000E+00  0.000000E+00  0.000000E+00  0.723118E+05
  0.174711E+00  0.707206E+05  0.659808E+05  0.000000E+00  0.000000E+00  0.000000E+00  0.699107E+05
  0.180632E+00  0.680505E+05  0.637965E+05  0.000000E+00  0.000000E+00  0.000000E+00  0.673236E+05
  0.186756E+00  0.650713E+05  0.609895E+05  0.000000E+00  0.000000E+00  0.000000E+00  0.643739E+05
  0.193087E+00  0.618163E+05  0.576473E+05  0.000000E+00  0.000000E+00  0.000000E+00  0.611039E+05
  0.199631E+00  0.584735E+05  0.541115E+05  0.000000E+00  0.000000E+00  0.000000E+00  0.577282E+05
  0.206396E+00  0.552881E+05  0.508113E+05  0.000000E+00  0.000000E+00  0.000000E+00  0.545232E+05
  0.213391E+00  0.524984E+05  0.481168E+05  0.000000E+00  0.000000E+00  0.000000E+00  0.517497E+05
  0.220626E+00  0.501767E+05  0.461164E+05  0.000000E+00  0.000000E+00  0.000000E+00  0.494829E+05
  0.228104E+00  0.481852E+05  0.445673E+05  0.000000E+00  0.000000E+00  0.000000E+00  0.475671E+05
  0.235836E+00  0.462957E+05  0.430774E+05  0.000000E+00  0.000000E+00  0.000000E+00  0.457458E+05
  0.243829E+00  0.442970E+05  0.413095E+05  0.000000E+00  0.000000E+00  0.000000E+00  0.437866E+05
  0.252094E+00  0.421215E+05  0.391820E+05  0.000000E+00  0.000000E+00  0.000000E+00  0.416192E+05
  0.260637E+00  0.398826E+05  0.369079E+05  0.000000E+00  0.000000E+00  0.000000E+00  0.393743E+05
  0.269473E+00  0.377798E+05  0.348243E+05  0.000000E+00  0.000000E+00  0.000000E+00  0.372748E+05
  0.278606E+00  0.359507E+05  0.331433E+05  0.000000E+00  0.000000E+00  0.000000E+00  0.354710E+05
  0.288049E+00  0.343683E+05  0.317995E+05  0.000000E+00  0.000000E+00  0.000000E+00  0.339294E+05
  0.297813E+00  0.328699E+05  0.305222E+05  0.000000E+00  0.000000E+00  0.000000E+00  0.324688E+05
  0.307906E+00  0.313251E+05  0.291016E+05  0.000000E+00  0.000000E+00  0.000000E+00  0.309452E+05
  0.318344E+00  0.297238E+05  0.275438E+05  0.000000E+00  0.000000E+00  0.000000E+00  0.293513E+05
  0.329134E+00  0.281783E+05  0.260438E+05  0.000000E+00  0.000000E+00  0.000000E+00  0.278136E+05
  0.340289E+00  0.267888E+05  0.247601E+05  0.000000E+00  0.000000E+00  0.000000E+00  0.264422E+05
  0.351823E+00  0.255393E+05  0.236555E+05  0.000000E+00  0.000000E+00  0.000000E+00  0.252174E+05
  0.363748E+00  0.243328E+05  0.225697E+05  0.000000E+00  0.000000E+00  0.000000E+00  0.240315E+05
  0.376080E+00  0.231170E+05  0.214253E+05  0.000000E+00  0.000000E+00  0.000000E+00  0.228280E+05
  0.388826E+00  0.219300E+05  0.202949E+05  0.000000E+00  0.000000E+00  0.000000E+00  0.216506E+05
  0.402005E+00  0.208322E+05  0.192775E+05  0.000000E+00  0.000000E+00  0.000000E+00  0.205666E+05
  0.415631E+00  0.198191E+05  0.183599E+05  0.000000E+00  0.000000E+00  0.000000E+00  0.195698E+05
  0.429721E+00  0.188404E+05  0.174602E+05  0.000000E+00  0.000000E+00  0.000000E+00  0.186046E+05
  0.444284E+00  0.178823E+05  0.165614E+05  0.000000E+00  0.000000E+00  0.000000E+00  0.176566E+05
  0.459344E+00  0.169725E+05  0.157131E+05  0.000000E+00  0.000000E+00  0.000000E+00  0.167573E+05
  0.474915E+00  0.161233E+05  0.149334E+05  0.000000E+00  0.000000E+00  0.000000E+00  0.159200E+05
  0.491010E+00  0.153128E+05  0.141862E+05  0.000000E+00  0.000000E+00  0.000000E+00  0.151203E+05
  0.507655E+00  0.145305E+05  0.134576E+05  0.000000E+00  0.000000E+00  0.000000E+00  0.143472E+05
  0.524860E+00  0.137883E+05  0.127690E+05  0.000000E+00  0.000000E+00  0.000000E+00  0.136141E+05
  0.542652E+00  0.130874E+05  0.121224E+05  0.000000E+00  0.000000E+00  0.000000E+00  0.129225E+05
  0.561045E+00  0.124175E+05  0.115019E+05  0.000000E+00  0.000000E+00  0.000000E+00  0.122611E+05
  0.580061E+00  0.117781E+05  0.109084E+05  0.000000E+00  0.000000E+00  0.000000E+00  0.116295E+05
  0.599722E+00  0.111724E+05  0.103482E+05  0.000000E+00  0.000000E+00  0.000000E+00  0.110316E+05
  0.620049E+00  0.105963E+05  0.981488E+04  0.000000E+00  0.000000E+00  0.000000E+00  0.104627E+05
  0.641067E+00  0.100472E+05  0.930594E+04  0.000000E+00  0.000000E+00  0.000000E+00  0.992057E+04
  0.662795E+00  0.952621E+04  0.882359E+04  0.000000E+00  0.000000E+00  0.000000E+00  0.940616E+04
  0.685261E+00  0.903093E+04  0.836494E+04  0.000000E+00  0.000000E+00  0.000000E+00  0.891713E+04
  0.708487E+00  0.855997E+04  0.792864E+04  0.000000E+00  0.000000E+00  0.000000E+00  0.845210E+04
  0.732503E+00  0.811271E+04  0.751447E+04  0.000000E+00  0.000000E+00  0.000000E+00  0.801049E+04
  0.757331E+00  0.768767E+04  0.712079E+04  0.000000E+00  0.000000E+00  0.000000E+00  0.759081E+04
  0.783002E+00  0.728401E+04  0.674692E+04  0.000000E+00  0.000000E+00  0.000000E+00  0.719224E+04
  0.809540E+00  0.690070E+04  0.639191E+04  0.000000E+00  0.000000E+00  0.000000E+00  0.681377E+04
  0.836979E+00  0.653670E+04  0.605476E+04  0.000000E+00  0.000000E+00  0.000000E+00  0.645435E+04
  0.865349E+00  0.619120E+04  0.573477E+04  0.000000E+00  0.000000E+00  0.000000E+00  0.611322E+04
  0.894679E+00  0.586328E+04  0.543104E+04  0.000000E+00  0.000000E+00  0.000000E+00  0.578943E+04
  0.925003E+00  0.555211E+04  0.514282E+04  0.000000E+00  0.000000E+00  0.000000E+00  0.548217E+04
  0.956358E+00  0.525681E+04  0.486932E+04  0.000000E+00  0.000000E+00  0.000000E+00  0.519060E+04
  0.988774E+00  0.497665E+04  0.460982E+04  0.000000E+00  0.000000E+00  0.000000E+00  0.491398E+04
  0.102229E+01  0.471089E+04  0.436366E+04  0.000000E+00  0.000000E+00  0.000000E+00  0.465156E+04
  0.105694E+01  0.445877E+04  0.413014E+04  0.000000E+00  0.000000E+00  0.000000E+00  0.440262E+04
  0.109277E+01  0.421972E+04  0.390872E+04  0.000000E+00  0.000000E+00  0.000000E+00  0.416658E+04
  0.112980E+01  0.399305E+04  0.369877E+04  0.000000E+00  0.000000E+00  0.000000E+00  0.394277E+04
  0.116810E+01  0.377819E+04  0.349975E+04  0.000000E+00  0.000000E+00  0.000000E+00  0.373061E+04
  0.120769E+01  0.357450E+04  0.331108E+04  0.000000E+00  0.000000E+00  0.000000E+00  0.352949E+04
  0.124863E+01  0.338143E+04  0.313225E+04  0.000000E+00  0.000000E+00  0.000000E+00  0.333885E+04
  0.129095E+01  0.319848E+04  0.296279E+04  0.000000E+00  0.000000E+00  0.000000E+00  0.315821E+04
  0.133471E+01  0.302514E+04  0.280223E+04  0.000000E+00  0.000000E+00  0.000000E+00  0.298705E+04
  0.137994E+01  0.286091E+04  0.265011E+04  0.000000E+00  0.000000E+00  0.000000E+00  0.282490E+04
  0.142672E+01  0.270533E+04  0.250600E+04  0.000000E+00  0.000000E+00  0.000000E+00  0.267127E+04
  0.147508E+01  0.255795E+04  0.236948E+04  0.000000E+00  0.000000E+00  0.000000E+00  0.252575E+04
  0.152508E+01  0.241837E+04  0.224019E+04  0.000000E+00  0.000000E+00  0.000000E+00  0.238792E+04
  0.157677E+01  0.228620E+04  0.211777E+04  0.000000E+00  0.000000E+00  0.000000E+00  0.225743E+04
  0.163021E+01  0.216106E+04  0.200185E+04  0.000000E+00  0.000000E+00  0.000000E+00  0.213386E+04
  0.168547E+01  0.204259E+04  0.189211E+04  0.000000E+00  0.000000E+00  0.000000E+00  0.201688E+04
  0.174260E+01  0.193045E+04  0.178823E+04  0.000000E+00  0.000000E+00  0.000000E+00  0.190615E+04
  0.180166E+01  0.182431E+04  0.168991E+04  0.000000E+00  0.000000E+00  0.000000E+00  0.180134E+04
  0.186273E+01  0.172385E+04  0.159686E+04  0.000000E+00  0.000000E+00  0.000000E+00  0.170215E+04
  0.192587E+01  0.162878E+04  0.150879E+04  0.000000E+00  0.000000E+00  0.000000E+00  0.160828E+04
  0.199115E+01  0.153882E+04  0.142546E+04  0.000000E+00  0.000000E+00  0.000000E+00  0.151945E+04
  0.205864E+01  0.145371E+04  0.134663E+04  0.000000E+00  0.000000E+00  0.000000E+00  0.143542E+04
  0.212842E+01  0.137320E+04  0.127205E+04  0.000000E+00  0.000000E+00  0.000000E+00  0.135592E+04
  0.220056E+01  0.129705E+04  0.120151E+04  0.000000E+00  0.000000E+00  0.000000E+00  0.128072E+04
  0.227515E+01  0.122502E+04  0.113479E+04  0.000000E+00  0.000000E+00  0.000000E+00  0.120960E+04
  0.235226E+01  0.115691E+04  0.107169E+04  0.000000E+00  0.000000E+00  0.000000E+00  0.114235E+04
  0.243199E+01  0.109249E+04  0.101202E+04  0.000000E+00  0.000000E+00  0.000000E+00  0.107874E+04
  0.251442E+01  0.103159E+04  0.955604E+03  0.000000E+00  0.000000E+00  0.000000E+00  0.101861E+04
  0.259965E+01  0.974001E+03  0.902259E+03  0.000000E+00  0.000000E+00  0.000000E+00  0.961743E+03
  0.268777E+01  0.919561E+03  0.851829E+03  0.000000E+00  0.000000E+00  0.000000E+00  0.907989E+03
  0.277887E+01  0.868107E+03  0.804165E+03  0.000000E+00  0.000000E+00  0.000000E+00  0.857181E+03
  0.287306E+01  0.819471E+03  0.759112E+03  0.000000E+00  0.000000E+00  0.000000E+00  0.809158E+03
  0.297044E+01  0.773505E+03  0.716532E+03  0.000000E+00  0.000000E+00  0.000000E+00  0.763771E+03
  0.307113E+01  0.730065E+03  0.676291E+03  0.000000E+00  0.000000E+00  0.000000E+00  0.720877E+03
  0.317522E+01  0.689018E+03  0.638268E+03  0.000000E+00  0.000000E+00  0.000000E+00  0.680347E+03
  0.328285E+01  0.650232E+03  0.602338E+03  0.000000E+00  0.000000E+00  0.000000E+00  0.642048E+03
  0.339412E+01  0.613591E+03  0.568396E+03  0.000000E+00  0.000000E+00  0.000000E+00  0.605869E+03
  0.350916E+01  0.578977E+03  0.536331E+03  0.000000E+00  0.000000E+00  0.000000E+00  0.571690E+03
  0.362810E+01  0.546282E+03  0.506044E+03  0.000000E+00  0.000000E+00  0.000000E+00  0.539406E+03
  0.375108E+01  0.515396E+03  0.477433E+03  0.000000E+00  0.000000E+00  0.000000E+00  0.508910E+03
  0.387822E+01  0.486226E+03  0.450411E+03  0.000000E+00  0.000000E+00  0.000000E+00  0.480107E+03
  0.400968E+01  0.458678E+03  0.424891E+03  0.000000E+00  0.000000E+00  0.000000E+00  0.452905E+03
  0.414558E+01  0.432665E+03  0.400794E+03  0.000000E+00  0.000000E+00  0.000000E+00  0.427220E+03
  0.428610E+01  0.408103E+03  0.378041E+03  0.000000E+00  0.000000E+00  0.000000E+00  0.402967E+03
  0.443138E+01  0.384912E+03  0.356557E+03  0.000000E+00  0.000000E+00  0.000000E+00  0.380067E+03
  0.458158E+01  0.363016E+03  0.336274E+03  0.000000E+00  0.000000E+00  0.000000E+00  0.358447E+03
  0.473688E+01  0.342345E+03  0.317124E+03  0.000000E+00  0.000000E+00  0.000000E+00  0.338036E+03
  0.489743E+01  0.322833E+03  0.299050E+03  0.000000E+00  0.000000E+00  0.000000E+00  0.318770E+03
  0.506343E+01  0.304417E+03  0.281989E+03  0.000000E+00  0.000000E+00  0.000000E+00  0.300585E+03
  0.523505E+01  0.287035E+03  0.265887E+03  0.000000E+00  0.000000E+00  0.000000E+00  0.283421E+03
  0.541250E+01  0.270629E+03  0.250689E+03  0.000000E+00  0.000000E+00  0.000000E+00  0.267222E+03
  0.559595E+01  0.255147E+03  0.236346E+03  0.000000E+00  0.000000E+00  0.000000E+00  0.251934E+03
  0.578563E+01  0.240538E+03  0.222813E+03  0.000000E+00  0.000000E+00  0.000000E+00  0.237509E+03
  0.598173E+01  0.226753E+03  0.210043E+03  0.000000E+00  0.000000E+00  0.000000E+00  0.223898E+03
  0.618449E+01  0.213746E+03  0.197994E+03  0.000000E+00  0.000000E+00  0.000000E+00  0.211055E+03
  0.639411E+01  0.201475E+03  0.186626E+03  0.000000E+00  0.000000E+00  0.000000E+00  0.198938E+03
  0.661084E+01  0.189898E+03  0.175901E+03  0.000000E+00  0.000000E+00  0.000000E+00  0.187507E+03
  0.683491E+01  0.178979E+03  0.165785E+03  0.000000E+00  0.000000E+00  0.000000E+00  0.176724E+03
  0.706659E+01  0.168678E+03  0.156243E+03  0.000000E+00  0.000000E+00  0.000000E+00  0.166553E+03
  0.730611E+01  0.158961E+03  0.147242E+03  0.000000E+00  0.000000E+00  0.000000E+00  0.156959E+03
  0.755375E+01  0.149798E+03  0.138752E+03  0.000000E+00  0.000000E+00  0.000000E+00  0.147910E+03
  0.780979E+01  0.141155E+03  0.130746E+03  0.000000E+00  0.000000E+00  0.000000E+00  0.139377E+03
  0.807450E+01  0.133006E+03  0.123196E+03  0.000000E+00  0.000000E+00  0.000000E+00  0.131330E+03
  0.834819E+01  0.125320E+03  0.116076E+03  0.000000E+00  0.000000E+00  0.000000E+00  0.123740E+03
  0.863114E+01  0.118073E+03  0.109362E+03  0.000000E+00  0.000000E+00  0.000000E+00  0.116584E+03
  0.892370E+01  0.111239E+03  0.103032E+03  0.000000E+00  0.000000E+00  0.000000E+00  0.109837E+03
  0.922617E+01  0.104797E+03  0.970635E+02  0.000000E+00  0.000000E+00  0.000000E+00  0.103476E+03
  0.953890E+01  0.987228E+02  0.914362E+02  0.000000E+00  0.000000E+00  0.000000E+00  0.974778E+02
  0.986221E+01  0.929969E+02  0.861316E+02  0.000000E+00  0.000000E+00  0.000000E+00  0.918239E+02
  0.101965E+02  0.875992E+02  0.811311E+02  0.000000E+00  0.000000E+00  0.000000E+00  0.864940E+02
  0.105421E+02  0.825110E+02  0.764173E+02  0.000000E+00  0.000000E+00  0.000000E+00  0.814698E+02
  0.108994E+02  0.777148E+02  0.719740E+02  0.000000E+00  0.000000E+00  0.000000E+00  0.767339E+02
  0.112689E+02  0.731946E+02  0.677864E+02  0.000000E+00  0.000000E+00  0.000000E+00  0.722706E+02
  0.116508E+02  0.689341E+02  0.638394E+02  0.000000E+00  0.000000E+00  0.000000E+00  0.680636E+02
  0.120457E+02  0.649186E+02  0.601193E+02  0.000000E+00  0.000000E+00  0.000000E+00  0.640986E+02
  0.124540E+02  0.611350E+02  0.566140E+02  0.000000E+00  0.000000E+00  0.000000E+00  0.603625E+02
  0.128762E+02  0.575693E+02  0.533106E+02  0.000000E+00  0.000000E+00  0.000000E+00  0.568416E+02
  0.133126E+02  0.542093E+02  0.501978E+02  0.000000E+00  0.000000E+00  0.000000E+00  0.535239E+02
  0.137638E+02  0.510435E+02  0.472648E+02  0.000000E+00  0.000000E+00  0.000000E+00  0.503978E+02
  0.142304E+02  0.480606E+02  0.445014E+02  0.000000E+00  0.000000E+00  0.000000E+00  0.474525E+02
  0.147127E+02  0.452501E+02  0.418976E+02  0.000000E+00  0.000000E+00  0.000000E+00  0.446773E+02
  0.152114E+02  0.426026E+02  0.394447E+02  0.000000E+00  0.000000E+00  0.000000E+00  0.420630E+02
  0.157270E+02  0.401082E+02  0.371338E+02  0.000000E+00  0.000000E+00  0.000000E+00  0.396000E+02
  0.162600E+02  0.377584E+02  0.349568E+02  0.000000E+00  0.000000E+00  0.000000E+00  0.372797E+02
  0.168112E+02  0.355450E+02  0.329062E+02  0.000000E+00  0.000000E+00  0.000000E+00  0.350941E+02
  0.173810E+02  0.334601E+02  0.309745E+02  0.000000E+00  0.000000E+00  0.000000E+00  0.330354E+02
  0.179701E+02  0.314963E+02  0.291551E+02  0.000000E+00  0.000000E+00  0.000000E+00  0.310963E+02
  0.185792E+02  0.296467E+02  0.274415E+02  0.000000E+00  0.000000E+00  0.000000E+00  0.292699E+02
  0.192090E+02  0.279046E+02  0.258275E+02  0.000000E+00  0.000000E+00  0.000000E+00  0.275497E+02
  0.198601E+02  0.262640E+02  0.243074E+02  0.000000E+00  0.000000E+00  0.000000E+00  0.259297E+02
  0.205332E+02  0.247190E+02  0.228760E+02  0.000000E+00  0.000000E+00  0.000000E+00  0.244041E+02
  0.212292E+02  0.232640E+02  0.215279E+02  0.000000E+00  0.000000E+00  0.000000E+00  0.229673E+02
  0.219488E+02  0.218939E+02  0.202585E+02  0.000000E+00  0.000000E+00  0.000000E+00  0.216145E+02
  0.226927E+02  0.206037E+02  0.190631E+02  0.000000E+00  0.000000E+00  0.000000E+00  0.203405E+02
  0.234619E+02  0.193890E+02  0.179377E+02  0.000000E+00  0.000000E+00  0.000000E+00  0.191410E+02
  0.242571E+02  0.182451E+02  0.168778E+02  0.000000E+00  0.000000E+00  0.000000E+00  0.180115E+02
  0.250793E+02  0.171683E+02  0.158801E+02  0.000000E+00  0.000000E+00  0.000000E+00  0.169482E+02
  0.259294E+02  0.161544E+02  0.149406E+02  0.000000E+00  0.000000E+00  0.000000E+00  0.159470E+02
  0.268083E+02  0.151999E+02  0.140563E+02  0.000000E+00  0.000000E+00  0.000000E+00  0.150045E+02
  0.277170E+02  0.143013E+02  0.132236E+02  0.000000E+00  0.000000E+00  0.000000E+00  0.141172E+02
  0.286564E+02  0.134554E+02  0.124399E+02  0.000000E+00  0.000000E+00  0.000000E+00  0.132819E+02
  0.296277E+02  0.126591E+02  0.117020E+02  0.000000E+00  0.000000E+00  0.000000E+00  0.124956E+02
  0.306320E+02  0.119096E+02  0.110075E+02  0.000000E+00  0.000000E+00  0.000000E+00  0.117555E+02
  0.316702E+02  0.112041E+02  0.103537E+02  0.000000E+00  0.000000E+00  0.000000E+00  0.110588E+02
  0.327437E+02  0.105400E+02  0.973840E+01  0.000000E+00  0.000000E+00  0.000000E+00  0.104030E+02
  0.338536E+02  0.991500E+01  0.915924E+01  0.000000E+00  0.000000E+00  0.000000E+00  0.978587E+01
  0.350010E+02  0.932676E+01  0.861413E+01  0.000000E+00  0.000000E+00  0.000000E+00  0.920499E+01
  0.361874E+02  0.877313E+01  0.810110E+01  0.000000E+00  0.000000E+00  0.000000E+00  0.865830E+01
  0.374140E+02  0.825210E+01  0.761827E+01  0.000000E+00  0.000000E+00  0.000000E+00  0.814381E+01
  0.386821E+02  0.776179E+01  0.716389E+01  0.000000E+00  0.000000E+00  0.000000E+00  0.765963E+01
  0.399933E+02  0.730038E+01  0.673629E+01  0.000000E+00  0.000000E+00  0.000000E+00  0.720400E+01
  0.413488E+02  0.686619E+01  0.633391E+01  0.000000E+00  0.000000E+00  0.000000E+00  0.677524E+01
  0.427504E+02  0.645762E+01  0.595526E+01  0.000000E+00  0.000000E+00  0.000000E+00  0.637179E+01
  0.441994E+02  0.607318E+01  0.559898E+01  0.000000E+00  0.000000E+00  0.000000E+00  0.599216E+01
  0.456975E+02  0.571144E+01  0.526371E+01  0.000000E+00  0.000000E+00  0.000000E+00  0.563494E+01
  0.472464E+02  0.537110E+01  0.494827E+01  0.000000E+00  0.000000E+00  0.000000E+00  0.529885E+01
  0.488479E+02  0.505086E+01  0.465146E+01  0.000000E+00  0.000000E+00  0.000000E+00  0.498261E+01
  0.505036E+02  0.474959E+01  0.437222E+01  0.000000E+00  0.000000E+00  0.000000E+00  0.468511E+01
  0.522154E+02  0.446614E+01  0.410949E+01  0.000000E+00  0.000000E+00  0.000000E+00  0.440521E+01
  0.539853E+02  0.419949E+01  0.386232E+01  0.000000E+00  0.000000E+00  0.000000E+00  0.414188E+01
  0.558151E+02  0.394864E+01  0.362980E+01  0.000000E+00  0.000000E+00  0.000000E+00  0.389416E+01
  0.577070E+02  0.371266E+01  0.341104E+01  0.000000E+00  0.000000E+00  0.000000E+00  0.366112E+01
  0.596629E+02  0.349067E+01  0.320526E+01  0.000000E+00  0.000000E+00  0.000000E+00  0.344190E+01
  0.616852E+02  0.328185E+01  0.301167E+01  0.000000E+00  0.000000E+00  0.000000E+00  0.323569E+01
  0.637760E+02  0.308544E+01  0.282958E+01  0.000000E+00  0.000000E+00  0.000000E+00  0.304172E+01
  0.659377E+02  0.290068E+01  0.265829E+01  0.000000E+00  0.000000E+00  0.000000E+00  0.285927E+01
  0.681727E+02  0.272691E+01  0.249718E+01  0.000000E+00  0.000000E+00  0.000000E+00  0.268766E+01
  0.704834E+02  0.256346E+01  0.234563E+01  0.000000E+00  0.000000E+00  0.000000E+00  0.252624E+01
  0.728724E+02  0.240974E+01  0.220309E+01  0.000000E+00  0.000000E+00  0.000000E+00  0.237443E+01
  0.753425E+02  0.226516E+01  0.206903E+01  0.000000E+00  0.000000E+00  0.000000E+00  0.223165E+01
  0.778962E+02  0.212918E+01  0.194294E+01  0.000000E+00  0.000000E+00  0.000000E+00  0.209736E+01
  0.805365E+02  0.200130E+01  0.182435E+01  0.000000E+00  0.000000E+00  0.000000E+00  0.197107E+01
  0.832663E+02  0.188105E+01  0.171282E+01  0.000000E+00  0.000000E+00  0.000000E+00  0.185230E+01
  0.860886E+02  0.176795E+01  0.160793E+01  0.000000E+00  0.000000E+00  0.000000E+00  0.174061E+01
  0.890066E+02  0.166160E+01  0.150930E+01  0.000000E+00  0.000000E+00  0.000000E+00  0.163558E+01
  0.920236E+02  0.156159E+01  0.141654E+01  0.000000E+00  0.000000E+00  0.000000E+00  0.153681E+01
  0.951427E+02  0.146755E+01  0.132931E+01  0.000000E+00  0.000000E+00  0.000000E+00  0.144393E+01
  0.983675E+02  0.137913E+01  0.124729E+01  0.000000E+00  0.000000E+00  0.000000E+00  0.135660E+01
  0.101702E+03  0.129598E+01  0.117016E+01  0.000000E+00  0.000000E+00  0.000000E+00  0.127448E+01
  0.105149E+03  0.121780E+01  0.109763E+01  0.000000E+00  0.000000E+00  0.000000E+00  0.119727E+01
  0.108713E+03  0.114430E+01  0.102944E+01  0.000000E+00  0.000000E+00  0.000000E+00  0.112467E+01
  0.112398E+03  0.107519E+01  0.965328E+00  0.000000E+00  0.000000E+00  0.000000E+00  0.105642E+01
  0.116207E+03  0.101021E+01  0.905046E+00  0.000000E+00  0.000000E+00  0.000000E+00  0.992240E+00
  0.120146E+03  0.949117E+00  0.848369E+00  0.000000E+00  0.000000E+00  0.000000E+00  0.931903E+00
  0.124219E+03  0.891684E+00  0.795086E+00  0.000000E+00  0.000000E+00  0.000000E+00  0.875179E+00
  0.128429E+03  0.837690E+00  0.744994E+00  0.000000E+00  0.000000E+00  0.000000E+00  0.821852E+00
  0.132782E+03  0.786931E+00  0.697904E+00  0.000000E+00  0.000000E+00  0.000000E+00  0.771719E+00
  0.137283E+03  0.739210E+00  0.653635E+00  0.000000E+00  0.000000E+00  0.000000E+00  0.724589E+00
  0.141936E+03  0.694354E+00  0.612026E+00  0.000000E+00  0.000000E+00  0.000000E+00  0.680287E+00
  0.146747E+03  0.652188E+00  0.572915E+00  0.000000E+00  0.000000E+00  0.000000E+00  0.638643E+00
  0.151721E+03  0.612548E+00  0.536152E+00  0.000000E+00  0.000000E+00  0.000000E+00  0.599495E+00
  0.156864E+03  0.575291E+00  0.501604E+00  0.000000E+00  0.000000E+00  0.000000E+00  0.562700E+00
  0.162181E+03  0.540270E+00  0.469135E+00  0.000000E+00  0.000000E+00  0.000000E+00  0.528115E+00
  0.167678E+03  0.507352E+00  0.438623E+00  0.000000E+00  0.000000E+00  0.000000E+00  0.495609E+00
  0.173361E+03  0.476412E+00  0.409952E+00  0.000000E+00  0.000000E+00  0.000000E+00  0.465056E+00
  0.179237E+03  0.447332E+00  0.383015E+00  0.000000E+00  0.000000E+00  0.000000E+00  0.436343E+00
  0.185313E+03  0.420002E+00  0.357707E+00  0.000000E+00  0.000000E+00  0.000000E+00  0.409358E+00
  0.191594E+03  0.394315E+00  0.333934E+00  0.000000E+00  0.000000E+00  0.000000E+00  0.383998E+00
  0.198088E+03  0.370174E+00  0.311603E+00  0.000000E+00  0.000000E+00  0.000000E+00  0.360166E+00
  0.204802E+03  0.347487E+00  0.290632E+00  0.000000E+00  0.000000E+00  0.000000E+00  0.337773E+00
  0.211744E+03  0.326168E+00  0.270941E+00  0.000000E+00  0.000000E+00  0.000000E+00  0.316732E+00
  0.218921E+03  0.306135E+00  0.252453E+00  0.000000E+00  0.000000E+00  0.000000E+00  0.296962E+00
  0.226341E+03  0.287307E+00  0.235098E+00  0.000000E+00  0.000000E+00  0.000000E+00  0.278387E+00
  0.234013E+03  0.269618E+00  0.218811E+00  0.000000E+00  0.000000E+00  0.000000E+00  0.260937E+00
  0.241945E+03  0.252997E+00  0.203530E+00  0.000000E+00  0.000000E+00  0.000000E+00  0.244545E+00
  0.250146E+03  0.237379E+00  0.189194E+00  0.000000E+00  0.000000E+00  0.000000E+00  0.229146E+00
  0.258625E+03  0.222706E+00  0.175751E+00  0.000000E+00  0.000000E+00  0.000000E+00  0.214683E+00
  0.267391E+03  0.208922E+00  0.163149E+00  0.000000E+00  0.000000E+00  0.000000E+00  0.201101E+00
  0.276454E+03  0.195972E+00  0.151339E+00  0.000000E+00  0.000000E+00  0.000000E+00  0.188345E+00
  0.285825E+03  0.183806E+00  0.140274E+00  0.000000E+00  0.000000E+00  0.000000E+00  0.176368E+00
  0.295512E+03  0.172378E+00  0.129915E+00  0.000000E+00  0.000000E+00  0.000000E+00  0.165123E+00
  0.305529E+03  0.161645E+00  0.120219E+00  0.000000E+00  0.000000E+00  0.000000E+00  0.154567E+00
  0.315884E+03  0.151564E+00  0.111149E+00  0.000000E+00  0.000000E+00  0.000000E+00  0.144659E+00
  0.326592E+03  0.142096E+00  0.102670E+00  0.000000E+00  0.000000E+00  0.000000E+00  0.135359E+00
  0.337662E+03  0.133205E+00  0.947486E-01  0.000000E+00  0.000000E+00  0.000000E+00  0.126634E+00
  0.349107E+03  0.124857E+00  0.873535E-01  0.000000E+00  0.000000E+00  0.000000E+00  0.118449E+00
  0.360939E+03  0.117018E+00  0.804548E-01  0.000000E+00  0.000000E+00  0.000000E+00  0.110771E+00
  0.373174E+03  0.109659E+00  0.740250E-01  0.000000E+00  0.000000E+00  0.000000E+00  0.103571E+00
  0.385823E+03  0.102751E+00  0.680378E-01  0.000000E+00  0.000000E+00  0.000000E+00  0.968198E-01
  0.398900E+03  0.962675E-01  0.624690E-01  0.000000E+00  0.000000E+00  0.000000E+00  0.904926E-01
  0.412421E+03  0.901825E-01  0.572944E-01  0.000000E+00  0.000000E+00  0.000000E+00  0.845631E-01
  0.426400E+03  0.844728E-01  0.524925E-01  0.000000E+00  0.000000E+00  0.000000E+00  0.790085E-01
  0.440853E+03  0.791160E-01  0.480420E-01  0.000000E+00  0.000000E+00  0.000000E+00  0.738066E-01
  0.455795E+03  0.740911E-01  0.439230E-01  0.000000E+00  0.000000E+00  0.000000E+00  0.689364E-01
  0.471245E+03  0.693778E-01  0.401160E-01  0.000000E+00  0.000000E+00  0.000000E+00  0.643780E-01
  0.487218E+03  0.649582E-01  0.366035E-01  0.000000E+00  0.000000E+00  0.000000E+00  0.601134E-01
  0.503732E+03  0.608147E-01  0.333677E-01  0.000000E+00  0.000000E+00  0.000000E+00  0.561250E-01
  0.520806E+03  0.569305E-01  0.303918E-01  0.000000E+00  0.000000E+00  0.000000E+00  0.523960E-01
  0.538459E+03  0.532902E-01  0.276596E-01  0.000000E+00  0.000000E+00  0.000000E+00  0.489108E-01
  0.556710E+03  0.498795E-01  0.251559E-01  0.000000E+00  0.000000E+00  0.000000E+00  0.456551E-01
  0.575579E+03  0.466843E-01  0.228655E-01  0.000000E+00  0.000000E+00  0.000000E+00  0.426145E-01
  0.595088E+03  0.436919E-01  0.207738E-01  0.000000E+00  0.000000E+00  0.000000E+00  0.397760E-01
  0.615260E+03  0.408898E-01  0.188666E-01  0.000000E+00  0.000000E+00  0.000000E+00  0.371268E-01
  0.636114E+03  0.382666E-01  0.171305E-01  0.000000E+00  0.000000E+00  0.000000E+00  0.346552E-01
  0.657675E+03  0.358116E-01  0.155522E-01  0.000000E+00  0.000000E+00  0.000000E+00  0.323500E-01
  0.679967E+03  0.335140E-01  0.141188E-01  0.000000E+00  0.000000E+00  0.000000E+00  0.302001E-01
  0.703015E+03  0.313647E-01  0.128182E-01  0.000000E+00  0.000000E+00  0.000000E+00  0.281958E-01
  0.726843E+03  0.293541E-01  0.116386E-01  0.000000E+00  0.000000E+00  0.000000E+00  0.263272E-01
  0.751479E+03  0.274738E-01  0.105687E-01  0.000000E+00  0.000000E+00  0.000000E+00  0.245853E-01
  0.776952E+03  0.257151E-01  0.959778E-02  0.000000E+00  0.000000E+00  0.000000E+00  0.229612E-01
  0.803286E+03  0.240709E-01  0.871617E-02  0.000000E+00  0.000000E+00  0.000000E+00  0.214473E-01
  0.830513E+03  0.225335E-01  0.791458E-02  0.000000E+00  0.000000E+00  0.000000E+00  0.200356E-01
  0.858663E+03  0.210960E-01  0.718459E-02  0.000000E+00  0.000000E+00  0.000000E+00  0.187190E-01
  0.887769E+03  0.197519E-01  0.651865E-02  0.000000E+00  0.000000E+00  0.000000E+00  0.174908E-01
  0.917859E+03  0.184952E-01  0.591017E-02  0.000000E+00  0.000000E+00  0.000000E+00  0.163449E-01
  0.948970E+03  0.173200E-01  0.535332E-02  0.000000E+00  0.000000E+00  0.000000E+00  0.152753E-01
  0.981135E+03  0.162209E-01  0.484320E-02  0.000000E+00  0.000000E+00  0.000000E+00  0.142769E-01
  0.101439E+04  0.151928E-01  0.437569E-02  0.000000E+00  0.000000E+00  0.000000E+00  0.133445E-01
  0.104877E+04  0.142310E-01  0.394750E-02  0.000000E+00  0.000000E+00  0.000000E+00  0.124739E-01
  0.108432E+04  0.133311E-01  0.355589E-02  0.000000E+00  0.000000E+00  0.000000E+00  0.116608E-01
  0.112108E+04  0.124889E-01  0.319861E-02  0.000000E+00  0.000000E+00  0.000000E+00  0.109015E-01
  0.115908E+04  0.117006E-01  0.287375E-02  0.000000E+00  0.000000E+00  0.000000E+00  0.101924E-01
  0.119836E+04  0.109627E-01  0.257957E-02  0.000000E+00  0.000000E+00  0.000000E+00  0.953033E-02
  0.123898E+04  0.102719E-01  0.231430E-02  0.000000E+00  0.000000E+00  0.000000E+00  0.891224E-02
  0.128098E+04  0.962512E-02  0.207606E-02  0.000000E+00  0.000000E+00  0.000000E+00  0.833526E-02
  0.132440E+04  0.901954E-02  0.186282E-02  0.000000E+00  0.000000E+00  0.000000E+00  0.779671E-02
  0.136928E+04  0.845253E-02  0.167229E-02  0.000000E+00  0.000000E+00  0.000000E+00  0.729403E-02
  0.141570E+04  0.792164E-02  0.150202E-02  0.000000E+00  0.000000E+00  0.000000E+00  0.682476E-02
  0.146368E+04  0.742450E-02  0.134950E-02  0.000000E+00  0.000000E+00  0.000000E+00  0.638650E-02
  0.151329E+04  0.695903E-02  0.121233E-02  0.000000E+00  0.000000E+00  0.000000E+00  0.597713E-02
  0.156459E+04  0.652314E-02  0.108833E-02  0.000000E+00  0.000000E+00  0.000000E+00  0.559453E-02
  0.161762E+04  0.611496E-02  0.975725E-03  0.000000E+00  0.000000E+00  0.000000E+00  0.523685E-02
  0.167245E+04  0.573265E-02  0.873179E-03  0.000000E+00  0.000000E+00  0.000000E+00  0.490234E-02
  0.172914E+04  0.537454E-02  0.779860E-03  0.000000E+00  0.000000E+00  0.000000E+00  0.458948E-02
  0.178774E+04  0.503905E-02  0.695289E-03  0.000000E+00  0.000000E+00  0.000000E+00  0.429686E-02
  0.184834E+04  0.472470E-02  0.619192E-03  0.000000E+00  0.000000E+00  0.000000E+00  0.402321E-02
  0.191099E+04  0.443014E-02  0.551307E-03  0.000000E+00  0.000000E+00  0.000000E+00  0.376739E-02
  0.197576E+04  0.415411E-02  0.491186E-03  0.000000E+00  0.000000E+00  0.000000E+00  0.352825E-02
  0.204273E+04  0.389541E-02  0.438114E-03  0.000000E+00  0.000000E+00  0.000000E+00  0.330469E-02
  0.211197E+04  0.365296E-02  0.391142E-03  0.000000E+00  0.000000E+00  0.000000E+00  0.309563E-02
  0.218356E+04  0.342574E-02  0.349232E-03  0.000000E+00  0.000000E+00  0.000000E+00  0.290007E-02
  0.225757E+04  0.321278E-02  0.311453E-03  0.000000E+00  0.000000E+00  0.000000E+00  0.271705E-02
  0.233409E+04  0.301317E-02  0.277162E-03  0.000000E+00  0.000000E+00  0.000000E+00  0.254568E-02
  0.241321E+04  0.282604E-02  0.246067E-03  0.000000E+00  0.000000E+00  0.000000E+00  0.238522E-02
  0.249500E+04  0.265062E-02  0.218132E-03  0.000000E+00  0.000000E+00  0.000000E+00  0.223500E-02
  0.257957E+04  0.248615E-02  0.193372E-03  0.000000E+00  0.000000E+00  0.000000E+00  0.209440E-02
  0.266700E+04  0.233194E-02  0.171652E-03  0.000000E+00  0.000000E+00  0.000000E+00  0.196283E-02
  0.275740E+04  0.218734E-02  0.152595E-03  0.000000E+00  0.000000E+00  0.000000E+00  0.183967E-02
  0.285086E+04  0.205175E-02  0.135679E-03  0.000000E+00  0.000000E+00  0.000000E+00  0.172437E-02
  0.294749E+04  0.192461E-02  0.120432E-03  0.000000E+00  0.000000E+00  0.000000E+00  0.161634E-02
  0.304740E+04  0.180538E-02  0.106617E-03  0.000000E+00  0.000000E+00  0.000000E+00  0.151512E-02
  0.315069E+04  0.169357E-02  0.942312E-04  0.000000E+00  0.000000E+00  0.000000E+00  0.142030E-02
  0.325748E+04  0.158871E-02  0.833316E-04  0.000000E+00  0.000000E+00  0.000000E+00  0.133149E-02
  0.336790E+04  0.149036E-02  0.738372E-04  0.000000E+00  0.000000E+00  0.000000E+00  0.124833E-02
  0.348206E+04  0.139811E-02  0.654839E-04  0.000000E+00  0.000000E+00  0.000000E+00  0.117041E-02
  0.360008E+04  0.131159E-02  0.579809E-04  0.000000E+00  0.000000E+00  0.000000E+00  0.109739E-02
  0.372210E+04  0.123044E-02  0.511931E-04  0.000000E+00  0.000000E+00  0.000000E+00  0.102895E-02
  0.384826E+04  0.115433E-02  0.451552E-04  0.000000E+00  0.000000E+00  0.000000E+00  0.964809E-03
  0.397870E+04  0.108292E-02  0.398982E-04  0.000000E+00  0.000000E+00  0.000000E+00  0.904708E-03
  0.411356E+04  0.101595E-02  0.353107E-04  0.000000E+00  0.000000E+00  0.000000E+00  0.848395E-03
  0.425299E+04  0.953125E-03  0.312099E-04  0.000000E+00  0.000000E+00  0.000000E+00  0.795603E-03
  0.439714E+04  0.894192E-03  0.275129E-04  0.000000E+00  0.000000E+00  0.000000E+00  0.746108E-03
  0.454619E+04  0.838902E-03  0.242508E-04  0.000000E+00  0.000000E+00  0.000000E+00  0.699708E-03
  0.470028E+04  0.787038E-03  0.214184E-04  0.000000E+00  0.000000E+00  0.000000E+00  0.656222E-03
  0.485959E+04  0.738384E-03  0.189135E-04  0.000000E+00  0.000000E+00  0.000000E+00  0.615453E-03
  0.502432E+04  0.692738E-03  0.166599E-04  0.000000E+00  0.000000E+00  0.000000E+00  0.577220E-03
  0.519462E+04  0.649915E-03  0.146728E-04  0.000000E+00  0.000000E+00  0.000000E+00  0.541375E-03
  0.537068E+04  0.609743E-03  0.129484E-04  0.000000E+00  0.000000E+00  0.000000E+00  0.507772E-03
  0.555272E+04  0.572053E-03  0.114168E-04  0.000000E+00  0.000000E+00  0.000000E+00  0.476261E-03
  0.574094E+04  0.536691E-03  0.100448E-04  0.000000E+00  0.000000E+00  0.000000E+00  0.446706E-03
  0.593553E+04  0.503518E-03  0.884790E-05  0.000000E+00  0.000000E+00  0.000000E+00  0.418997E-03
  0.613671E+04  0.472393E-03  0.779922E-05  0.000000E+00  0.000000E+00  0.000000E+00  0.393010E-03
  0.634471E+04  0.443193E-03  0.686217E-05  0.000000E+00  0.000000E+00  0.000000E+00  0.368640E-03
  0.655977E+04  0.415796E-03  0.604062E-05  0.000000E+00  0.000000E+00  0.000000E+00  0.345783E-03
  0.678211E+04  0.390094E-03  0.532012E-05  0.000000E+00  0.000000E+00  0.000000E+00  0.324350E-03
  0.701199E+04  0.365979E-03  0.467797E-05  0.000000E+00  0.000000E+00  0.000000E+00  0.304245E-03
