  0.943462E-05  0.791533E+06  0.791533E+06  0.105535E+07  0.105535E+07  0.000000E+00  0.791533E+06
  0.129189E-04  0.101316E+07  0.101316E+07  0.135082E+07  0.135081E+07  0.000000E+00  0.101316E+07
  0.163412E-04  0.110814E+07  0.110814E+07  0.147741E+07  0.147741E+07  0.000000E+00  0.110814E+07
  0.197339E-04  0.115790E+07  0.115790E+07  0.154369E+07  0.154368E+07  0.000000E+00  0.115790E+07
  0.231100E-04  0.118730E+07  0.118730E+07  0.158281E+07  0.158281E+07  0.000000E+00  0.118730E+07
  0.264758E-04  0.120614E+07  0.120614E+07  0.160786E+07  0.160785E+07  0.000000E+00  0.120614E+07
  0.298349E-04  0.121895E+07  0.121895E+07  0.162485E+07  0.162484E+07  0.000000E+00  0.121895E+07
  0.331892E-04  0.122807E+07  0.122807E+07  0.163690E+07  0.163688E+07  0.000000E+00  0.122807E+07
  0.365401E-04  0.123478E+07  0.123478E+07  0.164573E+07  0.164572E+07  0.000000E+00  0.123478E+07
  0.398885E-04  0.123987E+07  0.123987E+07  0.165239E+07  0.165238E+07  0.000000E+00  0.123987E+07
  0.432348E-04  0.124382E+07  0.124382E+07  0.165753E+07  0.165750E+07  0.000000E+00  0.124382E+07
  0.465797E-04  0.124695E+07  0.124695E+07  0.166155E+07  0.166152E+07  0.000000E+00  0.124695E+07
  0.499233E-04  0.124947E+07  0.124947E+07  0.166475E+07  0.166472E+07  0.000000E+00  0.124947E+07
  0.532659E-04  0.125153E+07  0.125153E+07  0.166733E+07  0.166729E+07  0.000000E+00  0.125153E+07
  0.566077E-04  0.125323E+07  0.125323E+07  0.166942E+07  0.166938E+07  0.000000E+00  0.125323E+07
  0.599488E-04  0.125466E+07  0.125466E+07  0.167113E+07  0.167109E+07  0.000000E+00  0.125466E+07
  0.632893E-04  0.125586E+07  0.125586E+07  0.167253E+07  0.167249E+07  0.000000E+00  0.125586E+07
  0.666294E-04  0.125689E+07  0.125689E+07  0.167369E+07  0.167364E+07  0.000000E+00  0.125689E+07
  0.699690E-04  0.125778E+07  0.125778E+07  0.167464E+07  0.167459E+07  0.000000E+00  0.125778E+07
  0.733082E-04  0.125854E+07  0.125854E+07  0.167543E+07  0.167536E+07  0.000000E+00  0.125854E+07
  0.766472E-04  0.125921E+07  0.125921E+07  0.167607E+07  0.167600E+07  0.000000E+00  0.125921E+07
  0.799859E-04  0.125979E+07  0.125979E+07  0.167659E+07  0.167652E+07  0.000000E+00  0.125979E+07
  0.833243E-04  0.126030E+07  0.126030E+07  0.167701E+07  0.167693E+07  0.000000E+00  0.126030E+07
  0.866625E-04  0.126076E+07  0.126076E+07  0.167734E+07  0.167725E+07  0.000000E+00  0.126076E+07
  0.900005E-04  0.126116E+07  0.126116E+07  0.167758E+07  0.167749E+07  0.000000E+00  0.126116E+07
  0.933384E-04  0.126153E+07  0.126152E+07  0.167777E+07  0.167766E+07  0.000000E+00  0.126153E+07
  0.966761E-04  0.126185E+07  0.126185E+07  0.167789E+07  0.167778E+07  0.000000E+00  0.126185E+07
  0.100014E-03  0.126214E+07  0.126214E+07  0.167795E+07  0.167784E+07  0.000000E+00  0.126214E+07
  0.103351E-03  0.126240E+07  0.126240E+07  0.167797E+07  0.167784E+07  0.000000E+00  0.126240E+07
  0.106688E-03  0.126264E+07  0.126264E+07  0.167794E+07  0.167781E+07  0.000000E+00  0.126264E+07
  0.110026E-03  0.126286E+07  0.126285E+07  0.167787E+07  0.167773E+07  0.000000E+00  0.126286E+07
  0.113363E-03  0.126305E+07  0.126305E+07  0.167777E+07  0.167762E+07  0.000000E+00  0.126305E+07
  0.116700E-03  0.126323E+07  0.126323E+07  0.167763E+07  0.167747E+07  0.000000E+00  0.126323E+07
  0.123374E-03  0.126354E+07  0.126354E+07  0.167726E+07  0.167709E+07  0.000000E+00  0.126354E+07
  0.126710E-03  0.126368E+07  0.126368E+07  0.167704E+07  0.167685E+07  0.000000E+00  0.126368E+07
  0.130047E-03  0.126381E+07  0.126380E+07  0.167678E+07  0.167659E+07  0.000000E+00  0.126381E+07
  0.133384E-03  0.126392E+07  0.126392E+07  0.167651E+07  0.167630E+07  0.000000E+00  0.126392E+07
  0.140057E-03  0.126413E+07  0.126413E+07  0.167589E+07  0.167566E+07  0.000000E+00  0.126413E+07
  0.143394E-03  0.126422E+07  0.126422E+07  0.167555E+07  0.167531E+07  0.000000E+00  0.126422E+07
  0.150067E-03  0.126438E+07  0.126438E+07  0.167480E+07  0.167454E+07  0.000000E+00  0.126438E+07
  0.153403E-03  0.126445E+07  0.126445E+07  0.167440E+07  0.167413E+07  0.000000E+00  0.126445E+07
  0.160076E-03  0.126458E+07  0.126458E+07  0.167355E+07  0.167326E+07  0.000000E+00  0.126458E+07
  0.163412E-03  0.126464E+07  0.126464E+07  0.167310E+07  0.167279E+07  0.000000E+00  0.126464E+07
  0.170085E-03  0.126474E+07  0.126474E+07  0.167215E+07  0.167182E+07  0.000000E+00  0.126474E+07
  0.176758E-03  0.126483E+07  0.126483E+07  0.167114E+07  0.167078E+07  0.000000E+00  0.126483E+07
  0.183430E-03  0.126490E+07  0.126490E+07  0.167007E+07  0.166968E+07  0.000000E+00  0.126490E+07
  0.186766E-03  0.126494E+07  0.126493E+07  0.166951E+07  0.166911E+07  0.000000E+00  0.126494E+07
  0.193438E-03  0.126500E+07  0.126499E+07  0.166835E+07  0.166792E+07  0.000000E+00  0.126500E+07
  0.200111E-03  0.126505E+07  0.126505E+07  0.166714E+07  0.166668E+07  0.000000E+00  0.126505E+07
  0.206783E-03  0.126509E+07  0.126509E+07  0.166588E+07  0.166539E+07  0.000000E+00  0.126509E+07
  0.213455E-03  0.126513E+07  0.126512E+07  0.166456E+07  0.166404E+07  0.000000E+00  0.126513E+07
  0.223463E-03  0.126517E+07  0.126517E+07  0.166250E+07  0.166192E+07  0.000000E+00  0.126517E+07
  0.230135E-03  0.126520E+07  0.126519E+07  0.166106E+07  0.166045E+07  0.000000E+00  0.126519E+07
  0.236807E-03  0.126521E+07  0.126521E+07  0.165957E+07  0.165893E+07  0.000000E+00  0.126521E+07
  0.246815E-03  0.126523E+07  0.126522E+07  0.165725E+07  0.165655E+07  0.000000E+00  0.126523E+07
  0.253487E-03  0.126524E+07  0.126523E+07  0.165564E+07  0.165491E+07  0.000000E+00  0.126524E+07
  0.263495E-03  0.126524E+07  0.126523E+07  0.165315E+07  0.165236E+07  0.000000E+00  0.126524E+07
  0.270166E-03  0.126524E+07  0.126523E+07  0.165143E+07  0.165060E+07  0.000000E+00  0.126524E+07
  0.280174E-03  0.126523E+07  0.126523E+07  0.164877E+07  0.164787E+07  0.000000E+00  0.126523E+07
  0.290182E-03  0.126522E+07  0.126521E+07  0.164600E+07  0.164504E+07  0.000000E+00  0.126522E+07
  0.300189E-03  0.126520E+07  0.126519E+07  0.164314E+07  0.164212E+07  0.000000E+00  0.126520E+07
  0.310197E-03  0.126518E+07  0.126517E+07  0.164018E+07  0.163909E+07  0.000000E+00  0.126518E+07
  0.320204E-03  0.126515E+07  0.126514E+07  0.163712E+07  0.163596E+07  0.000000E+00  0.126515E+07
  0.330212E-03  0.126512E+07  0.126511E+07  0.163396E+07  0.163274E+07  0.000000E+00  0.126512E+07
  0.343555E-03  0.126507E+07  0.126506E+07  0.162961E+07  0.162829E+07  0.000000E+00  0.126507E+07
  0.353562E-03  0.126503E+07  0.126502E+07  0.162624E+07  0.162484E+07  0.000000E+00  0.126503E+07
  0.366905E-03  0.126498E+07  0.126496E+07  0.162159E+07  0.162009E+07  0.000000E+00  0.126497E+07
  0.380248E-03  0.126491E+07  0.126489E+07  0.161679E+07  0.161518E+07  0.000000E+00  0.126491E+07
  0.390256E-03  0.126486E+07  0.126484E+07  0.161307E+07  0.161138E+07  0.000000E+00  0.126486E+07
  0.403599E-03  0.126479E+07  0.126477E+07  0.160799E+07  0.160618E+07  0.000000E+00  0.126478E+07
  0.420278E-03  0.126469E+07  0.126467E+07  0.160140E+07  0.159946E+07  0.000000E+00  0.126468E+07
  0.433621E-03  0.126461E+07  0.126458E+07  0.159596E+07  0.159390E+07  0.000000E+00  0.126460E+07
  0.446963E-03  0.126452E+07  0.126449E+07  0.159036E+07  0.158818E+07  0.000000E+00  0.126451E+07
  0.463642E-03  0.126440E+07  0.126438E+07  0.158315E+07  0.158081E+07  0.000000E+00  0.126440E+07
  0.476985E-03  0.126431E+07  0.126428E+07  0.157721E+07  0.157475E+07  0.000000E+00  0.126430E+07
  0.493664E-03  0.126418E+07  0.126415E+07  0.156958E+07  0.156696E+07  0.000000E+00  0.126417E+07
  0.510342E-03  0.126405E+07  0.126402E+07  0.156172E+07  0.155893E+07  0.000000E+00  0.126404E+07
  0.530356E-03  0.126388E+07  0.126385E+07  0.155199E+07  0.154900E+07  0.000000E+00  0.126388E+07
  0.547035E-03  0.126374E+07  0.126370E+07  0.154364E+07  0.154048E+07  0.000000E+00  0.126373E+07
  0.567049E-03  0.126356E+07  0.126352E+07  0.153333E+07  0.152996E+07  0.000000E+00  0.126355E+07
  0.583728E-03  0.126340E+07  0.126336E+07  0.152451E+07  0.152096E+07  0.000000E+00  0.126339E+07
  0.603742E-03  0.126321E+07  0.126316E+07  0.151364E+07  0.150989E+07  0.000000E+00  0.126320E+07
  0.623756E-03  0.126301E+07  0.126296E+07  0.150249E+07  0.149851E+07  0.000000E+00  0.126300E+07
  0.647106E-03  0.126276E+07  0.126271E+07  0.148912E+07  0.148488E+07  0.000000E+00  0.126275E+07
  0.667120E-03  0.126255E+07  0.126249E+07  0.147735E+07  0.147289E+07  0.000000E+00  0.126254E+07
  0.690470E-03  0.126228E+07  0.126223E+07  0.146329E+07  0.145856E+07  0.000000E+00  0.126227E+07
  0.713819E-03  0.126201E+07  0.126195E+07  0.144887E+07  0.144388E+07  0.000000E+00  0.126200E+07
  0.737169E-03  0.126173E+07  0.126167E+07  0.143410E+07  0.142885E+07  0.000000E+00  0.126172E+07
  0.763854E-03  0.126140E+07  0.126133E+07  0.141683E+07  0.141126E+07  0.000000E+00  0.126139E+07
  0.790540E-03  0.126106E+07  0.126098E+07  0.139914E+07  0.139327E+07  0.000000E+00  0.126105E+07
  0.817225E-03  0.126071E+07  0.126063E+07  0.138105E+07  0.137488E+07  0.000000E+00  0.126069E+07
  0.843911E-03  0.126034E+07  0.126026E+07  0.136260E+07  0.135611E+07  0.000000E+00  0.126033E+07
  0.870596E-03  0.125997E+07  0.125987E+07  0.134378E+07  0.133700E+07  0.000000E+00  0.125995E+07
  0.900617E-03  0.125953E+07  0.125943E+07  0.132222E+07  0.131510E+07  0.000000E+00  0.125951E+07
  0.930638E-03  0.125908E+07  0.125897E+07  0.130026E+07  0.129281E+07  0.000000E+00  0.125906E+07
  0.963994E-03  0.125856E+07  0.125845E+07  0.127544E+07  0.126762E+07  0.000000E+00  0.125854E+07
  0.997351E-03  0.125803E+07  0.125791E+07  0.125020E+07  0.124203E+07  0.000000E+00  0.125801E+07
  0.103071E-02  0.125748E+07  0.125735E+07  0.122460E+07  0.121608E+07  0.000000E+00  0.125746E+07
  0.106406E-02  0.125691E+07  0.125678E+07  0.119866E+07  0.118981E+07  0.000000E+00  0.125689E+07
  0.110076E-02  0.125627E+07  0.125613E+07  0.116979E+07  0.116060E+07  0.000000E+00  0.125625E+07
  0.113745E-02  0.125561E+07  0.125546E+07  0.114063E+07  0.113111E+07  0.000000E+00  0.125559E+07
  0.117748E-02  0.125487E+07  0.125471E+07  0.110855E+07  0.109869E+07  0.000000E+00  0.125485E+07
  0.121750E-02  0.125411E+07  0.125393E+07  0.107624E+07  0.106608E+07  0.000000E+00  0.125408E+07
  0.125753E-02  0.125333E+07  0.125314E+07  0.104378E+07  0.103334E+07  0.000000E+00  0.125330E+07
  0.130090E-02  0.125246E+07  0.125225E+07  0.100853E+07  0.997817E+06  0.000000E+00  0.125242E+07
  0.134426E-02  0.125156E+07  0.125134E+07  0.973263E+06  0.962318E+06  0.000000E+00  0.125152E+07
  0.139096E-02  0.125057E+07  0.125033E+07  0.935366E+06  0.924211E+06  0.000000E+00  0.125053E+07
  0.143766E-02  0.124955E+07  0.124930E+07  0.897651E+06  0.886332E+06  0.000000E+00  0.124951E+07
  0.148769E-02  0.124843E+07  0.124816E+07  0.857555E+06  0.846112E+06  0.000000E+00  0.124839E+07
  0.153773E-02  0.124728E+07  0.124700E+07  0.817896E+06  0.806383E+06  0.000000E+00  0.124724E+07
  0.158776E-02  0.124611E+07  0.124580E+07  0.778783E+06  0.767254E+06  0.000000E+00  0.124606E+07
  0.164447E-02  0.124474E+07  0.124441E+07  0.735246E+06  0.723764E+06  0.000000E+00  0.124469E+07
  0.169784E-02  0.124343E+07  0.124308E+07  0.695161E+06  0.683784E+06  0.000000E+00  0.124337E+07
  0.175454E-02  0.124200E+07  0.124162E+07  0.653641E+06  0.642439E+06  0.000000E+00  0.124193E+07
  0.181459E-02  0.124045E+07  0.124005E+07  0.611012E+06  0.600062E+06  0.000000E+00  0.124038E+07
  0.187796E-02  0.123878E+07  0.123835E+07  0.567642E+06  0.557026E+06  0.000000E+00  0.123870E+07
  0.194134E-02  0.123707E+07  0.123661E+07  0.526070E+06  0.515853E+06  0.000000E+00  0.123699E+07
  0.200805E-02  0.123524E+07  0.123475E+07  0.484378E+06  0.474640E+06  0.000000E+00  0.123515E+07
  0.207477E-02  0.123337E+07  0.123285E+07  0.444912E+06  0.435704E+06  0.000000E+00  0.123328E+07
  0.214481E-02  0.123137E+07  0.123081E+07  0.405957E+06  0.397349E+06  0.000000E+00  0.123127E+07
  0.221820E-02  0.122923E+07  0.122864E+07  0.367951E+06  0.360002E+06  0.000000E+00  0.122913E+07
  0.229158E-02  0.122706E+07  0.122643E+07  0.332854E+06  0.325579E+06  0.000000E+00  0.122695E+07
  0.237164E-02  0.122465E+07  0.122398E+07  0.297898E+06  0.291356E+06  0.000000E+00  0.122454E+07
  0.245169E-02  0.122221E+07  0.122149E+07  0.266388E+06  0.260554E+06  0.000000E+00  0.122209E+07
  0.253508E-02  0.121963E+07  0.121885E+07  0.237152E+06  0.232009E+06  0.000000E+00  0.121949E+07
  0.261848E-02  0.121701E+07  0.121618E+07  0.211455E+06  0.206931E+06  0.000000E+00  0.121687E+07
  0.270854E-02  0.121414E+07  0.121326E+07  0.187488E+06  0.183530E+06  0.000000E+00  0.121399E+07
  0.280194E-02  0.121113E+07  0.121019E+07  0.166524E+06  0.163019E+06  0.000000E+00  0.121097E+07
  0.289533E-02  0.120809E+07  0.120709E+07  0.149203E+06  0.145999E+06  0.000000E+00  0.120792E+07
  0.299207E-02  0.120491E+07  0.120385E+07  0.134727E+06  0.131658E+06  0.000000E+00  0.120473E+07
  0.309547E-02  0.120148E+07  0.120034E+07  0.122680E+06  0.119555E+06  0.000000E+00  0.120129E+07
  0.319888E-02  0.119802E+07  0.119681E+07  0.113659E+06  0.110273E+06  0.000000E+00  0.119782E+07
  0.330895E-02  0.119431E+07  0.119301E+07  0.106788E+06  0.102912E+06  0.000000E+00  0.119409E+07
  0.341903E-02  0.119058E+07  0.118920E+07  0.102127E+06  0.975730E+05  0.000000E+00  0.119034E+07
  0.353578E-02  0.118660E+07  0.118512E+07  0.989524E+05  0.935115E+05  0.000000E+00  0.118635E+07
  0.365586E-02  0.118249E+07  0.118091E+07  0.969343E+05  0.904607E+05  0.000000E+00  0.118222E+07
  0.377928E-02  0.117824E+07  0.117656E+07  0.955580E+05  0.879656E+05  0.000000E+00  0.117795E+07
  0.390937E-02  0.117375E+07  0.117195E+07  0.942921E+05  0.855425E+05  0.000000E+00  0.117344E+07
  0.403946E-02  0.116925E+07  0.116734E+07  0.927475E+05  0.829516E+05  0.000000E+00  0.116892E+07
  0.417622E-02  0.116451E+07  0.116247E+07  0.904666E+05  0.797808E+05  0.000000E+00  0.116416E+07
  0.431965E-02  0.115953E+07  0.115735E+07  0.871307E+05  0.758287E+05  0.000000E+00  0.115916E+07
  0.446642E-02  0.115443E+07  0.115211E+07  0.826618E+05  0.711334E+05  0.000000E+00  0.115404E+07
  0.461653E-02  0.114922E+07  0.114675E+07  0.771002E+05  0.658011E+05  0.000000E+00  0.114880E+07
  0.477330E-02  0.114378E+07  0.114114E+07  0.704936E+05  0.599303E+05  0.000000E+00  0.114332E+07
  0.493675E-02  0.113810E+07  0.113529E+07  0.631491E+05  0.538422E+05  0.000000E+00  0.113762E+07
  0.510353E-02  0.113233E+07  0.112933E+07  0.556637E+05  0.480512E+05  0.000000E+00  0.113181E+07
  0.527698E-02  0.112633E+07  0.112313E+07  0.484007E+05  0.428372E+05  0.000000E+00  0.112578E+07
  0.545377E-02  0.112022E+07  0.111682E+07  0.419929E+05  0.386276E+05  0.000000E+00  0.111964E+07
  0.564057E-02  0.111379E+07  0.111017E+07  0.366434E+05  0.355026E+05  0.000000E+00  0.111317E+07
  0.583070E-02  0.110727E+07  0.110341E+07  0.328282E+05  0.336397E+05  0.000000E+00  0.110661E+07
  0.602750E-02  0.110053E+07  0.109643E+07  0.305057E+05  0.328401E+05  0.000000E+00  0.109983E+07
  0.623098E-02  0.109360E+07  0.108923E+07  0.295007E+05  0.327864E+05  0.000000E+00  0.109285E+07
  0.644446E-02  0.108636E+07  0.108170E+07  0.000000E+00  0.000000E+00  0.000000E+00  0.108556E+07
  0.666127E-02  0.107904E+07  0.107409E+07  0.000000E+00  0.000000E+00  0.000000E+00  0.107819E+07
  0.688810E-02  0.107142E+07  0.106615E+07  0.000000E+00  0.000000E+00  0.000000E+00  0.107052E+07
  0.712159E-02  0.106361E+07  0.105801E+07  0.000000E+00  0.000000E+00  0.000000E+00  0.106266E+07
  0.736176E-02  0.105564E+07  0.104968E+07  0.000000E+00  0.000000E+00  0.000000E+00  0.105462E+07
  0.761193E-02  0.104738E+07  0.104104E+07  0.000000E+00  0.000000E+00  0.000000E+00  0.104630E+07
  0.787211E-02  0.103885E+07  0.103211E+07  0.000000E+00  0.000000E+00  0.000000E+00  0.103770E+07
  0.813896E-02  0.103016E+07  0.102300E+07  0.000000E+00  0.000000E+00  0.000000E+00  0.102894E+07
  0.841249E-02  0.102132E+07  0.101372E+07  0.000000E+00  0.000000E+00  0.000000E+00  0.102002E+07
  0.869935E-02  0.101212E+07  0.100404E+07  0.000000E+00  0.000000E+00  0.000000E+00  0.101074E+07
  0.899289E-02  0.100278E+07  0.994209E+06  0.000000E+00  0.000000E+00  0.000000E+00  0.100132E+07
  0.929643E-02  0.993204E+06  0.984108E+06  0.000000E+00  0.000000E+00  0.000000E+00  0.991649E+06
  0.961332E-02  0.983290E+06  0.973638E+06  0.000000E+00  0.000000E+00  0.000000E+00  0.981641E+06
  0.994021E-02  0.973156E+06  0.962917E+06  0.000000E+00  0.000000E+00  0.000000E+00  0.971406E+06
  0.102771E-01  0.962808E+06  0.951954E+06  0.000000E+00  0.000000E+00  0.000000E+00  0.960953E+06
  0.106240E-01  0.952254E+06  0.940756E+06  0.000000E+00  0.000000E+00  0.000000E+00  0.950290E+06
  0.109843E-01  0.941402E+06  0.929225E+06  0.000000E+00  0.000000E+00  0.000000E+00  0.939322E+06
  0.113579E-01  0.930264E+06  0.917370E+06  0.000000E+00  0.000000E+00  0.000000E+00  0.928061E+06
  0.117415E-01  0.918947E+06  0.905308E+06  0.000000E+00  0.000000E+00  0.000000E+00  0.916617E+06
  0.121384E-01  0.907364E+06  0.892943E+06  0.000000E+00  0.000000E+00  0.000000E+00  0.904900E+06
  0.125520E-01  0.895429E+06  0.880184E+06  0.000000E+00  0.000000E+00  0.000000E+00  0.892824E+06
  0.129756E-01  0.883347E+06  0.867249E+06  0.000000E+00  0.000000E+00  0.000000E+00  0.880596E+06
  0.134159E-01  0.870939E+06  0.853947E+06  0.000000E+00  0.000000E+00  0.000000E+00  0.868035E+06
  0.138696E-01  0.858312E+06  0.840393E+06  0.000000E+00  0.000000E+00  0.000000E+00  0.855250E+06
  0.143399E-01  0.845388E+06  0.826502E+06  0.000000E+00  0.000000E+00  0.000000E+00  0.842161E+06
  0.148269E-01  0.832182E+06  0.812292E+06  0.000000E+00  0.000000E+00  0.000000E+00  0.828783E+06
  0.153306E-01  0.818711E+06  0.797781E+06  0.000000E+00  0.000000E+00  0.000000E+00  0.815134E+06
  0.158510E-01  0.804991E+06  0.782989E+06  0.000000E+00  0.000000E+00  0.000000E+00  0.801232E+06
  0.163880E-01  0.791041E+06  0.767936E+06  0.000000E+00  0.000000E+00  0.000000E+00  0.787093E+06
  0.169417E-01  0.776878E+06  0.752644E+06  0.000000E+00  0.000000E+00  0.000000E+00  0.772737E+06
  0.175155E-01  0.762438E+06  0.737045E+06  0.000000E+00  0.000000E+00  0.000000E+00  0.758099E+06
  0.181092E-01  0.747744E+06  0.721167E+06  0.000000E+00  0.000000E+00  0.000000E+00  0.743203E+06
  0.187230E-01  0.732822E+06  0.705042E+06  0.000000E+00  0.000000E+00  0.000000E+00  0.728075E+06
  0.193601E-01  0.717617E+06  0.688615E+06  0.000000E+00  0.000000E+00  0.000000E+00  0.712662E+06
  0.200138E-01  0.702316E+06  0.672093E+06  0.000000E+00  0.000000E+00  0.000000E+00  0.697152E+06
  0.206943E-01  0.686716E+06  0.655261E+06  0.000000E+00  0.000000E+00  0.000000E+00  0.681342E+06
  0.213948E-01  0.671003E+06  0.638327E+06  0.000000E+00  0.000000E+00  0.000000E+00  0.665420E+06
  0.221186E-01  0.655136E+06  0.621253E+06  0.000000E+00  0.000000E+00  0.000000E+00  0.649347E+06
  0.228692E-01  0.639082E+06  0.604011E+06  0.000000E+00  0.000000E+00  0.000000E+00  0.633090E+06
  0.236430E-01  0.622953E+06  0.586732E+06  0.000000E+00  0.000000E+00  0.000000E+00  0.616764E+06
  0.244469E-01  0.606656E+06  0.569325E+06  0.000000E+00  0.000000E+00  0.000000E+00  0.600277E+06
  0.252742E-01  0.590373E+06  0.551996E+06  0.000000E+00  0.000000E+00  0.000000E+00  0.583816E+06
  0.261314E-01  0.574023E+06  0.534669E+06  0.000000E+00  0.000000E+00  0.000000E+00  0.567299E+06
  0.270154E-01  0.557723E+06  0.517480E+06  0.000000E+00  0.000000E+00  0.000000E+00  0.550847E+06
  0.279327E-01  0.541407E+06  0.500374E+06  0.000000E+00  0.000000E+00  0.000000E+00  0.534396E+06
  0.288800E-01  0.525198E+06  0.483492E+06  0.000000E+00  0.000000E+00  0.000000E+00  0.518072E+06
  0.298573E-01  0.509154E+06  0.466911E+06  0.000000E+00  0.000000E+00  0.000000E+00  0.501936E+06
  0.308714E-01  0.493232E+06  0.450600E+06  0.000000E+00  0.000000E+00  0.000000E+00  0.485948E+06
  0.319154E-01  0.477481E+06  0.434627E+06  0.000000E+00  0.000000E+00  0.000000E+00  0.470159E+06
  0.329995E-01  0.464831E+06  0.421919E+06  0.000000E+00  0.000000E+00  0.000000E+00  0.457499E+06
  0.341169E-01  0.449652E+06  0.406890E+06  0.000000E+00  0.000000E+00  0.000000E+00  0.442345E+06
  0.352744E-01  0.434825E+06  0.392422E+06  0.000000E+00  0.000000E+00  0.000000E+00  0.427580E+06
  0.364686E-01  0.420464E+06  0.378636E+06  0.000000E+00  0.000000E+00  0.000000E+00  0.413317E+06
  0.377061E-01  0.406551E+06  0.365525E+06  0.000000E+00  0.000000E+00  0.000000E+00  0.399541E+06
  0.389836E-01  0.393182E+06  0.353183E+06  0.000000E+00  0.000000E+00  0.000000E+00  0.386348E+06
  0.403045E-01  0.380364E+06  0.341618E+06  0.000000E+00  0.000000E+00  0.000000E+00  0.373744E+06
  0.416722E-01  0.368101E+06  0.330829E+06  0.000000E+00  0.000000E+00  0.000000E+00  0.361732E+06
  0.430831E-01  0.354746E+06  0.319160E+06  0.000000E+00  0.000000E+00  0.000000E+00  0.348666E+06
  0.445441E-01  0.343608E+06  0.309890E+06  0.000000E+00  0.000000E+00  0.000000E+00  0.337847E+06
  0.460519E-01  0.333044E+06  0.301350E+06  0.000000E+00  0.000000E+00  0.000000E+00  0.327629E+06
  0.476129E-01  0.323000E+06  0.293461E+06  0.000000E+00  0.000000E+00  0.000000E+00  0.317953E+06
  0.492274E-01  0.313476E+06  0.286179E+06  0.000000E+00  0.000000E+00  0.000000E+00  0.308812E+06
  0.508952E-01  0.304441E+06  0.279424E+06  0.000000E+00  0.000000E+00  0.000000E+00  0.300166E+06
  0.526231E-01  0.296714E+06  0.273963E+06  0.000000E+00  0.000000E+00  0.000000E+00  0.292827E+06
  0.544043E-01  0.288517E+06  0.267960E+06  0.000000E+00  0.000000E+00  0.000000E+00  0.285004E+06
  0.562489E-01  0.280592E+06  0.262104E+06  0.000000E+00  0.000000E+00  0.000000E+00  0.277433E+06
  0.581569E-01  0.272836E+06  0.256230E+06  0.000000E+00  0.000000E+00  0.000000E+00  0.269999E+06
  0.601283E-01  0.265138E+06  0.250170E+06  0.000000E+00  0.000000E+00  0.000000E+00  0.262580E+06
  0.621663E-01  0.256736E+06  0.243120E+06  0.000000E+00  0.000000E+00  0.000000E+00  0.254409E+06
  0.642711E-01  0.248847E+06  0.236252E+06  0.000000E+00  0.000000E+00  0.000000E+00  0.246695E+06
  0.664526E-01  0.240761E+06  0.228842E+06  0.000000E+00  0.000000E+00  0.000000E+00  0.238724E+06
  0.687042E-01  0.232481E+06  0.220886E+06  0.000000E+00  0.000000E+00  0.000000E+00  0.230500E+06
  0.710325E-01  0.224296E+06  0.212689E+06  0.000000E+00  0.000000E+00  0.000000E+00  0.222313E+06
  0.734408E-01  0.215605E+06  0.203695E+06  0.000000E+00  0.000000E+00  0.000000E+00  0.213570E+06
  0.759292E-01  0.206680E+06  0.194238E+06  0.000000E+00  0.000000E+00  0.000000E+00  0.204555E+06
  0.785043E-01  0.197586E+06  0.184464E+06  0.000000E+00  0.000000E+00  0.000000E+00  0.195344E+06
  0.811628E-01  0.188489E+06  0.174643E+06  0.000000E+00  0.000000E+00  0.000000E+00  0.186123E+06
  0.839147E-01  0.179558E+06  0.165048E+06  0.000000E+00  0.000000E+00  0.000000E+00  0.177079E+06
  0.867600E-01  0.170993E+06  0.155989E+06  0.000000E+00  0.000000E+00  0.000000E+00  0.168429E+06
  0.896987E-01  0.162958E+06  0.147726E+06  0.000000E+00  0.000000E+00  0.000000E+00  0.160355E+06
  0.927408E-01  0.155545E+06  0.140422E+06  0.000000E+00  0.000000E+00  0.000000E+00  0.152961E+06
  0.958830E-01  0.148836E+06  0.134194E+06  0.000000E+00  0.000000E+00  0.000000E+00  0.146334E+06
  0.991319E-01  0.142848E+06  0.129051E+06  0.000000E+00  0.000000E+00  0.000000E+00  0.140490E+06
  0.102494E+00  0.137561E+06  0.124920E+06  0.000000E+00  0.000000E+00  0.000000E+00  0.135401E+06
  0.105967E+00  0.132915E+06  0.121636E+06  0.000000E+00  0.000000E+00  0.000000E+00  0.130988E+06
  0.109559E+00  0.128739E+06  0.118897E+06  0.000000E+00  0.000000E+00  0.000000E+00  0.127057E+06
  0.113272E+00  0.124797E+06  0.116309E+06  0.000000E+00  0.000000E+00  0.000000E+00  0.123347E+06
  0.117111E+00  0.120835E+06  0.113474E+06  0.000000E+00  0.000000E+00  0.000000E+00  0.119578E+06
  0.121080E+00  0.116670E+06  0.110091E+06  0.000000E+00  0.000000E+00  0.000000E+00  0.115546E+06
  0.125187E+00  0.112183E+06  0.105984E+06  0.000000E+00  0.000000E+00  0.000000E+00  0.111124E+06
  0.129430E+00  0.107333E+06  0.101125E+06  0.000000E+00  0.000000E+00  0.000000E+00  0.106272E+06
  0.133816E+00  0.102167E+06  0.956531E+05  0.000000E+00  0.000000E+00  0.000000E+00  0.101054E+06
  0.138352E+00  0.968458E+05  0.898792E+05  0.000000E+00  0.000000E+00  0.000000E+00  0.956555E+05
  0.143042E+00  0.916191E+05  0.842364E+05  0.000000E+00  0.000000E+00  0.000000E+00  0.903577E+05
  0.147889E+00  0.867687E+05  0.791776E+05  0.000000E+00  0.000000E+00  0.000000E+00  0.854717E+05
  0.152902E+00  0.825026E+05  0.750248E+05  0.000000E+00  0.000000E+00  0.000000E+00  0.812249E+05
  0.158086E+00  0.788999E+05  0.718796E+05  0.000000E+00  0.000000E+00  0.000000E+00  0.777003E+05
  0.163443E+00  0.758865E+05  0.695878E+05  0.000000E+00  0.000000E+00  0.000000E+00  0.748103E+05
  0.168984E+00  0.732475E+05  0.677734E+05  0.000000E+00  0.000000E+00  0.000000E+00  0.723122E+05
  0.174711E+00  0.707210E+05  0.659814E+05  0.000000E+00  0.000000E+00  0.000000E+00  0.699112E+05
  0.180632E+00  0.680510E+05  0.637973E+05  0.000000E+00  0.000000E+00  0.000000E+00  0.673242E+05
  0.186756E+00  0.650719E+05  0.609904E+05  0.000000E+00  0.000000E+00  0.000000E+00  0.643745E+05
  0.193087E+00  0.618168E+05  0.576482E+05  0.000000E+00  0.000000E+00  0.000000E+00  0.611046E+05
  0.199631E+00  0.584740E+05  0.541121E+05  0.000000E+00  0.000000E+00  0.000000E+00  0.577287E+05
  0.206396E+00  0.552885E+05  0.508118E+05  0.000000E+00  0.000000E+00  0.000000E+00  0.545236E+05
  0.213391E+00  0.524987E+05  0.481172E+05  0.000000E+00  0.000000E+00  0.000000E+00  0.517501E+05
  0.220626E+00  0.501770E+05  0.461167E+05  0.000000E+00  0.000000E+00  0.000000E+00  0.494832E+05
  0.228104E+00  0.481856E+05  0.445676E+05  0.000000E+00  0.000000E+00  0.000000E+00  0.475674E+05
  0.235836E+00  0.462961E+05  0.430778E+05  0.000000E+00  0.000000E+00  0.000000E+00  0.457462E+05
  0.243829E+00  0.442974E+05  0.413100E+05  0.000000E+00  0.000000E+00  0.000000E+00  0.437870E+05
  0.252094E+00  0.421219E+05  0.391825E+05  0.000000E+00  0.000000E+00  0.000000E+00  0.416196E+05
  0.260637E+00  0.398829E+05  0.369083E+05  0.000000E+00  0.000000E+00  0.000000E+00  0.393747E+05
  0.269473E+00  0.377801E+05  0.348246E+05  0.000000E+00  0.000000E+00  0.000000E+00  0.372751E+05
  0.278606E+00  0.359509E+05  0.331436E+05  0.000000E+00  0.000000E+00  0.000000E+00  0.354713E+05
  0.288049E+00  0.343685E+05  0.317998E+05  0.000000E+00  0.000000E+00  0.000000E+00  0.339296E+05
  0.297813E+00  0.328702E+05  0.305225E+05  0.000000E+00  0.000000E+00  0.000000E+00  0.324691E+05
  0.307906E+00  0.313254E+05  0.291020E+05  0.000000E+00  0.000000E+00  0.000000E+00  0.309455E+05
  0.318344E+00  0.297241E+05  0.275442E+05  0.000000E+00  0.000000E+00  0.000000E+00  0.293516E+05
  0.329134E+00  0.281786E+05  0.260442E+05  0.000000E+00  0.000000E+00  0.000000E+00  0.278139E+05
  0.340289E+00  0.267891E+05  0.247604E+05  0.000000E+00  0.000000E+00  0.000000E+00  0.264424E+05
  0.351823E+00  0.255395E+05  0.236557E+05  0.000000E+00  0.000000E+00  0.000000E+00  0.252176E+05
  0.363748E+00  0.243329E+05  0.225699E+05  0.000000E+00  0.000000E+00  0.000000E+00  0.240317E+05
  0.376080E+00  0.231172E+05  0.214255E+05  0.000000E+00  0.000000E+00  0.000000E+00  0.228281E+05
  0.388826E+00  0.219302E+05  0.202952E+05  0.000000E+00  0.000000E+00  0.000000E+00  0.216508E+05
  0.402005E+00  0.208324E+05  0.192778E+05  0.000000E+00  0.000000E+00  0.000000E+00  0.205668E+05
  0.415631E+00  0.198193E+05  0.183601E+05  0.000000E+00  0.000000E+00  0.000000E+00  0.195700E+05
  0.429721E+00  0.188406E+05  0.174604E+05  0.000000E+00  0.000000E+00  0.000000E+00  0.186048E+05
  0.444284E+00  0.178824E+05  0.165616E+05  0.000000E+00  0.000000E+00  0.000000E+00  0.176567E+05
  0.459344E+00  0.169726E+05  0.157133E+05  0.000000E+00  0.000000E+00  0.000000E+00  0.167575E+05
  0.474915E+00  0.161235E+05  0.149335E+05  0.000000E+00  0.000000E+00  0.000000E+00  0.159202E+05
  0.491010E+00  0.153130E+05  0.141864E+05  0.000000E+00  0.000000E+00  0.000000E+00  0.151205E+05
  0.507655E+00  0.145307E+05  0.134578E+05  0.000000E+00  0.000000E+00  0.000000E+00  0.143473E+05
  0.524860E+00  0.137884E+05  0.127691E+05  0.000000E+00  0.000000E+00  0.000000E+00  0.136142E+05
  0.542652E+00  0.130875E+05  0.121226E+05  0.000000E+00  0.000000E+00  0.000000E+00  0.129226E+05
  0.561045E+00  0.124176E+05  0.115021E+05  0.000000E+00  0.000000E+00  0.000000E+00  0.122612E+05
  0.580061E+00  0.117782E+05  0.109086E+05  0.000000E+00  0.000000E+00  0.000000E+00  0.116296E+05
  0.599722E+00  0.111725E+05  0.103484E+05  0.000000E+00  0.000000E+00  0.000000E+00  0.110317E+05
  0.620049E+00  0.105963E+05  0.981500E+04  0.000000E+00  0.000000E+00  0.000000E+00  0.104628E+05
  0.641067E+00  0.100473E+05  0.930605E+04  0.000000E+00  0.000000E+00  0.000000E+00  0.992065E+04
  0.662795E+00  0.952630E+04  0.882372E+04  0.000000E+00  0.000000E+00  0.000000E+00  0.940626E+04
  0.685261E+00  0.903101E+04  0.836506E+04  0.000000E+00  0.000000E+00  0.000000E+00  0.891722E+04
  0.708487E+00  0.856004E+04  0.792874E+04  0.000000E+00  0.000000E+00  0.000000E+00  0.845218E+04
  0.732503E+00  0.811277E+04  0.751457E+04  0.000000E+00  0.000000E+00  0.000000E+00  0.801056E+04
  0.757331E+00  0.768775E+04  0.712089E+04  0.000000E+00  0.000000E+00  0.000000E+00  0.759089E+04
  0.783002E+00  0.728408E+04  0.674701E+04  0.000000E+00  0.000000E+00  0.000000E+00  0.719231E+04
  0.809540E+00  0.690076E+04  0.639200E+04  0.000000E+00  0.000000E+00  0.000000E+00  0.681383E+04
  0.836979E+00  0.653676E+04  0.605485E+04  0.000000E+00  0.000000E+00  0.000000E+00  0.645442E+04
  0.865349E+00  0.619126E+04  0.573485E+04  0.000000E+00  0.000000E+00  0.000000E+00  0.611328E+04
  0.894679E+00  0.586333E+04  0.543112E+04  0.000000E+00  0.000000E+00  0.000000E+00  0.578948E+04
  0.925003E+00  0.555216E+04  0.514290E+04  0.000000E+00  0.000000E+00  0.000000E+00  0.548223E+04
  0.956358E+00  0.525686E+04  0.486939E+04  0.000000E+00  0.000000E+00  0.000000E+00  0.519066E+04
  0.988774E+00  0.497670E+04  0.460989E+04  0.000000E+00  0.000000E+00  0.000000E+00  0.491402E+04
  0.102229E+01  0.471094E+04  0.436373E+04  0.000000E+00  0.000000E+00  0.000000E+00  0.465161E+04
  0.105694E+01  0.445881E+04  0.413021E+04  0.000000E+00  0.000000E+00  0.000000E+00  0.440267E+04
  0.109276E+01  0.421978E+04  0.390880E+04  0.000000E+00  0.000000E+00  0.000000E+00  0.416664E+04
  0.112980E+01  0.399309E+04  0.369883E+04  0.000000E+00  0.000000E+00  0.000000E+00  0.394281E+04
  0.116810E+01  0.377822E+04  0.349980E+04  0.000000E+00  0.000000E+00  0.000000E+00  0.373065E+04
  0.120769E+01  0.357453E+04  0.331113E+04  0.000000E+00  0.000000E+00  0.000000E+00  0.352953E+04
  0.124863E+01  0.338146E+04  0.313230E+04  0.000000E+00  0.000000E+00  0.000000E+00  0.333889E+04
  0.129095E+01  0.319851E+04  0.296284E+04  0.000000E+00  0.000000E+00  0.000000E+00  0.315824E+04
  0.133471E+01  0.302517E+04  0.280228E+04  0.000000E+00  0.000000E+00  0.000000E+00  0.298708E+04
  0.137994E+01  0.286094E+04  0.265016E+04  0.000000E+00  0.000000E+00  0.000000E+00  0.282493E+04
  0.142672E+01  0.270536E+04  0.250604E+04  0.000000E+00  0.000000E+00  0.000000E+00  0.267130E+04
  0.147508E+01  0.255797E+04  0.236952E+04  0.000000E+00  0.000000E+00  0.000000E+00  0.252577E+04
  0.152508E+01  0.241839E+04  0.224023E+04  0.000000E+00  0.000000E+00  0.000000E+00  0.238795E+04
  0.157677E+01  0.228623E+04  0.211781E+04  0.000000E+00  0.000000E+00  0.000000E+00  0.225745E+04
  0.163021E+01  0.216108E+04  0.200189E+04  0.000000E+00  0.000000E+00  0.000000E+00  0.213388E+04
  0.168547E+01  0.204261E+04  0.189215E+04  0.000000E+00  0.000000E+00  0.000000E+00  0.201690E+04
  0.174260E+01  0.193047E+04  0.178827E+04  0.000000E+00  0.000000E+00  0.000000E+00  0.190617E+04
  0.180166E+01  0.182432E+04  0.168995E+04  0.000000E+00  0.000000E+00  0.000000E+00  0.180136E+04
  0.186273E+01  0.172386E+04  0.159689E+04  0.000000E+00  0.000000E+00  0.000000E+00  0.170217E+04
  0.192587E+01  0.162880E+04  0.150883E+04  0.000000E+00  0.000000E+00  0.000000E+00  0.160830E+04
  0.199115E+01  0.153884E+04  0.142550E+04  0.000000E+00  0.000000E+00  0.000000E+00  0.151947E+04
  0.205864E+01  0.145373E+04  0.134666E+04  0.000000E+00  0.000000E+00  0.000000E+00  0.143543E+04
  0.212842E+01  0.137322E+04  0.127208E+04  0.000000E+00  0.000000E+00  0.000000E+00  0.135594E+04
  0.220056E+01  0.129706E+04  0.120154E+04  0.000000E+00  0.000000E+00  0.000000E+00  0.128074E+04
  0.227515E+01  0.122504E+04  0.113482E+04  0.000000E+00  0.000000E+00  0.000000E+00  0.120962E+04
  0.235226E+01  0.115692E+04  0.107172E+04  0.000000E+00  0.000000E+00  0.000000E+00  0.114237E+04
  0.243199E+01  0.109251E+04  0.101205E+04  0.000000E+00  0.000000E+00  0.000000E+00  0.107876E+04
  0.251442E+01  0.103160E+04  0.955633E+03  0.000000E+00  0.000000E+00  0.000000E+00  0.101862E+04
  0.259965E+01  0.974012E+03  0.902287E+03  0.000000E+00  0.000000E+00  0.000000E+00  0.961757E+03
  0.268777E+01  0.919572E+03  0.851857E+03  0.000000E+00  0.000000E+00  0.000000E+00  0.908002E+03
  0.277887E+01  0.868117E+03  0.804193E+03  0.000000E+00  0.000000E+00  0.000000E+00  0.857195E+03
  0.287306E+01  0.819481E+03  0.759139E+03  0.000000E+00  0.000000E+00  0.000000E+00  0.809171E+03
  0.297044E+01  0.773515E+03  0.716559E+03  0.000000E+00  0.000000E+00  0.000000E+00  0.763783E+03
  0.307113E+01  0.730074E+03  0.676318E+03  0.000000E+00  0.000000E+00  0.000000E+00  0.720889E+03
  0.317522E+01  0.689027E+03  0.638294E+03  0.000000E+00  0.000000E+00  0.000000E+00  0.680358E+03
  0.328285E+01  0.650240E+03  0.602364E+03  0.000000E+00  0.000000E+00  0.000000E+00  0.642060E+03
  0.339412E+01  0.613599E+03  0.568422E+03  0.000000E+00  0.000000E+00  0.000000E+00  0.605880E+03
  0.350916E+01  0.578984E+03  0.536356E+03  0.000000E+00  0.000000E+00  0.000000E+00  0.571701E+03
  0.362810E+01  0.546289E+03  0.506069E+03  0.000000E+00  0.000000E+00  0.000000E+00  0.539417E+03
  0.375108E+01  0.515404E+03  0.477458E+03  0.000000E+00  0.000000E+00  0.000000E+00  0.508920E+03
  0.387822E+01  0.486233E+03  0.450436E+03  0.000000E+00  0.000000E+00  0.000000E+00  0.480117E+03
  0.400968E+01  0.458685E+03  0.424916E+03  0.000000E+00  0.000000E+00  0.000000E+00  0.452915E+03
  0.414558E+01  0.432672E+03  0.400819E+03  0.000000E+00  0.000000E+00  0.000000E+00  0.427229E+03
  0.428610E+01  0.408110E+03  0.378065E+03  0.000000E+00  0.000000E+00  0.000000E+00  0.402976E+03
  0.443138E+01  0.384918E+03  0.356582E+03  0.000000E+00  0.000000E+00  0.000000E+00  0.380077E+03
  0.458158E+01  0.363022E+03  0.336298E+03  0.000000E+00  0.000000E+00  0.000000E+00  0.358456E+03
  0.473688E+01  0.342351E+03  0.317149E+03  0.000000E+00  0.000000E+00  0.000000E+00  0.338045E+03
  0.489743E+01  0.322839E+03  0.299074E+03  0.000000E+00  0.000000E+00  0.000000E+00  0.318779E+03
  0.506343E+01  0.304422E+03  0.282013E+03  0.000000E+00  0.000000E+00  0.000000E+00  0.300593E+03
  0.523505E+01  0.287040E+03  0.265911E+03  0.000000E+00  0.000000E+00  0.000000E+00  0.283430E+03
  0.541250E+01  0.270635E+03  0.250713E+03  0.000000E+00  0.000000E+00  0.000000E+00  0.267231E+03
  0.559595E+01  0.255152E+03  0.236370E+03  0.000000E+00  0.000000E+00  0.000000E+00  0.251943E+03
  0.578563E+01  0.240543E+03  0.222837E+03  0.000000E+00  0.000000E+00  0.000000E+00  0.237517E+03
  0.598173E+01  0.226758E+03  0.210067E+03  0.000000E+00  0.000000E+00  0.000000E+00  0.223906E+03
  0.618449E+01  0.213751E+03  0.198018E+03  0.000000E+00  0.000000E+00  0.000000E+00  0.211063E+03
  0.639411E+01  0.201480E+03  0.186650E+03  0.000000E+00  0.000000E+00  0.000000E+00  0.198946E+03
  0.661084E+01  0.189903E+03  0.175926E+03  0.000000E+00  0.000000E+00  0.000000E+00  0.187515E+03
  0.683491E+01  0.178983E+03  0.165810E+03  0.000000E+00  0.000000E+00  0.000000E+00  0.176732E+03
  0.706659E+01  0.168683E+03  0.156267E+03  0.000000E+00  0.000000E+00  0.000000E+00  0.166561E+03
  0.730611E+01  0.158966E+03  0.147266E+03  0.000000E+00  0.000000E+00  0.000000E+00  0.156967E+03
  0.755375E+01  0.149802E+03  0.138777E+03  0.000000E+00  0.000000E+00  0.000000E+00  0.147918E+03
  0.780979E+01  0.141160E+03  0.130770E+03  0.000000E+00  0.000000E+00  0.000000E+00  0.139385E+03
  0.807450E+01  0.133010E+03  0.123221E+03  0.000000E+00  0.000000E+00  0.000000E+00  0.131337E+03
  0.834819E+01  0.125324E+03  0.116100E+03  0.000000E+00  0.000000E+00  0.000000E+00  0.123748E+03
  0.863114E+01  0.118077E+03  0.109387E+03  0.000000E+00  0.000000E+00  0.000000E+00  0.116592E+03
  0.892370E+01  0.111244E+03  0.103057E+03  0.000000E+00  0.000000E+00  0.000000E+00  0.109845E+03
  0.922617E+01  0.104801E+03  0.970883E+02  0.000000E+00  0.000000E+00  0.000000E+00  0.103483E+03
  0.953890E+01  0.987270E+02  0.914612E+02  0.000000E+00  0.000000E+00  0.000000E+00  0.974855E+02
  0.986221E+01  0.930010E+02  0.861567E+02  0.000000E+00  0.000000E+00  0.000000E+00  0.918316E+02
  0.101965E+02  0.876033E+02  0.811563E+02  0.000000E+00  0.000000E+00  0.000000E+00  0.865017E+02
  0.105421E+02  0.825150E+02  0.764426E+02  0.000000E+00  0.000000E+00  0.000000E+00  0.814775E+02
  0.108994E+02  0.777188E+02  0.719994E+02  0.000000E+00  0.000000E+00  0.000000E+00  0.767416E+02
  0.112689E+02  0.731986E+02  0.678119E+02  0.000000E+00  0.000000E+00  0.000000E+00  0.722783E+02
  0.116508E+02  0.689381E+02  0.638650E+02  0.000000E+00  0.000000E+00  0.000000E+00  0.680713E+02
  0.120457E+02  0.649227E+02  0.601450E+02  0.000000E+00  0.000000E+00  0.000000E+00  0.641063E+02
  0.124540E+02  0.611389E+02  0.566398E+02  0.000000E+00  0.000000E+00  0.000000E+00  0.603702E+02
  0.128762E+02  0.575733E+02  0.533366E+02  0.000000E+00  0.000000E+00  0.000000E+00  0.568494E+02
  0.133126E+02  0.542133E+02  0.502239E+02  0.000000E+00  0.000000E+00  0.000000E+00  0.535317E+02
  0.137638E+02  0.510475E+02  0.472910E+02  0.000000E+00  0.000000E+00  0.000000E+00  0.504056E+02
  0.142304E+02  0.480646E+02  0.445277E+02  0.000000E+00  0.000000E+00  0.000000E+00  0.474603E+02
  0.147127E+02  0.452541E+02  0.419240E+02  0.000000E+00  0.000000E+00  0.000000E+00  0.446851E+02
  0.152114E+02  0.426065E+02  0.394713E+02  0.000000E+00  0.000000E+00  0.000000E+00  0.420708E+02
  0.157270E+02  0.401121E+02  0.371605E+02  0.000000E+00  0.000000E+00  0.000000E+00  0.396078E+02
  0.162600E+02  0.377624E+02  0.349837E+02  0.000000E+00  0.000000E+00  0.000000E+00  0.372876E+02
  0.168112E+02  0.355490E+02  0.329332E+02  0.000000E+00  0.000000E+00  0.000000E+00  0.351020E+02
  0.173810E+02  0.334641E+02  0.310017E+02  0.000000E+00  0.000000E+00  0.000000E+00  0.330433E+02
  0.179701E+02  0.315002E+02  0.291824E+02  0.000000E+00  0.000000E+00  0.000000E+00  0.311042E+02
  0.185792E+02  0.296507E+02  0.274689E+02  0.000000E+00  0.000000E+00  0.000000E+00  0.292779E+02
  0.192090E+02  0.279086E+02  0.258551E+02  0.000000E+00  0.000000E+00  0.000000E+00  0.275577E+02
  0.198601E+02  0.262680E+02  0.243352E+02  0.000000E+00  0.000000E+00  0.000000E+00  0.259377E+02
  0.205332E+02  0.247229E+02  0.229039E+02  0.000000E+00  0.000000E+00  0.000000E+00  0.244121E+02
  0.212292E+02  0.232680E+02  0.215560E+02  0.000000E+00  0.000000E+00  0.000000E+00  0.229754E+02
  0.219488E+02  0.218979E+02  0.202867E+02  0.000000E+00  0.000000E+00  0.000000E+00  0.216226E+02
  0.226927E+02  0.206077E+02  0.190915E+02  0.000000E+00  0.000000E+00  0.000000E+00  0.203487E+02
  0.234619E+02  0.193930E+02  0.179662E+02  0.000000E+00  0.000000E+00  0.000000E+00  0.191492E+02
  0.242571E+02  0.182492E+02  0.169065E+02  0.000000E+00  0.000000E+00  0.000000E+00  0.180197E+02
  0.250793E+02  0.171723E+02  0.159089E+02  0.000000E+00  0.000000E+00  0.000000E+00  0.169565E+02
  0.259294E+02  0.161584E+02  0.149696E+02  0.000000E+00  0.000000E+00  0.000000E+00  0.159553E+02
  0.268083E+02  0.152040E+02  0.140854E+02  0.000000E+00  0.000000E+00  0.000000E+00  0.150128E+02
  0.277170E+02  0.143054E+02  0.132529E+02  0.000000E+00  0.000000E+00  0.000000E+00  0.141256E+02
  0.286564E+02  0.134595E+02  0.124693E+02  0.000000E+00  0.000000E+00  0.000000E+00  0.132903E+02
  0.296277E+02  0.126632E+02  0.117316E+02  0.000000E+00  0.000000E+00  0.000000E+00  0.125041E+02
  0.306319E+02  0.119137E+02  0.110372E+02  0.000000E+00  0.000000E+00  0.000000E+00  0.117640E+02
  0.316702E+02  0.112082E+02  0.103836E+02  0.000000E+00  0.000000E+00  0.000000E+00  0.110673E+02
  0.327437E+02  0.105442E+02  0.976842E+01  0.000000E+00  0.000000E+00  0.000000E+00  0.104116E+02
  0.338536E+02  0.991917E+01  0.918941E+01  0.000000E+00  0.000000E+00  0.000000E+00  0.979448E+01
  0.350010E+02  0.933094E+01  0.864446E+01  0.000000E+00  0.000000E+00  0.000000E+00  0.921365E+01
  0.361874E+02  0.877733E+01  0.813158E+01  0.000000E+00  0.000000E+00  0.000000E+00  0.866699E+01
  0.374140E+02  0.825632E+01  0.764891E+01  0.000000E+00  0.000000E+00  0.000000E+00  0.815254E+01
  0.386821E+02  0.776602E+01  0.719469E+01  0.000000E+00  0.000000E+00  0.000000E+00  0.766840E+01
  0.399933E+02  0.730463E+01  0.676724E+01  0.000000E+00  0.000000E+00  0.000000E+00  0.721281E+01
  0.413488E+02  0.687046E+01  0.636501E+01  0.000000E+00  0.000000E+00  0.000000E+00  0.678409E+01
  0.427504E+02  0.646191E+01  0.598652E+01  0.000000E+00  0.000000E+00  0.000000E+00  0.638068E+01
  0.441994E+02  0.607749E+01  0.563039E+01  0.000000E+00  0.000000E+00  0.000000E+00  0.600110E+01
  0.456975E+02  0.571577E+01  0.529528E+01  0.000000E+00  0.000000E+00  0.000000E+00  0.564392E+01
  0.472464E+02  0.537544E+01  0.497999E+01  0.000000E+00  0.000000E+00  0.000000E+00  0.530787E+01
  0.488479E+02  0.505522E+01  0.468333E+01  0.000000E+00  0.000000E+00  0.000000E+00  0.499168E+01
  0.505035E+02  0.475397E+01  0.440424E+01  0.000000E+00  0.000000E+00  0.000000E+00  0.469421E+01
  0.522154E+02  0.447054E+01  0.414167E+01  0.000000E+00  0.000000E+00  0.000000E+00  0.441435E+01
  0.539853E+02  0.420390E+01  0.389465E+01  0.000000E+00  0.000000E+00  0.000000E+00  0.415106E+01
  0.558151E+02  0.395308E+01  0.366227E+01  0.000000E+00  0.000000E+00  0.000000E+00  0.390339E+01
  0.577070E+02  0.371711E+01  0.344367E+01  0.000000E+00  0.000000E+00  0.000000E+00  0.367039E+01
  0.596629E+02  0.349515E+01  0.323803E+01  0.000000E+00  0.000000E+00  0.000000E+00  0.345121E+01
  0.616852E+02  0.328635E+01  0.304459E+01  0.000000E+00  0.000000E+00  0.000000E+00  0.324504E+01
  0.637760E+02  0.308995E+01  0.286265E+01  0.000000E+00  0.000000E+00  0.000000E+00  0.305111E+01
  0.659377E+02  0.290521E+01  0.269150E+01  0.000000E+00  0.000000E+00  0.000000E+00  0.286870E+01
  0.681727E+02  0.273146E+01  0.253053E+01  0.000000E+00  0.000000E+00  0.000000E+00  0.269713E+01
  0.704834E+02  0.256803E+01  0.237912E+01  0.000000E+00  0.000000E+00  0.000000E+00  0.253575E+01
  0.728724E+02  0.241433E+01  0.223673E+01  0.000000E+00  0.000000E+00  0.000000E+00  0.238398E+01
  0.753425E+02  0.226976E+01  0.210280E+01  0.000000E+00  0.000000E+00  0.000000E+00  0.224124E+01
  0.778962E+02  0.213381E+01  0.197685E+01  0.000000E+00  0.000000E+00  0.000000E+00  0.210699E+01
  0.805365E+02  0.200595E+01  0.185839E+01  0.000000E+00  0.000000E+00  0.000000E+00  0.198074E+01
  0.832663E+02  0.188571E+01  0.174700E+01  0.000000E+00  0.000000E+00  0.000000E+00  0.186201E+01
  0.860886E+02  0.177263E+01  0.164224E+01  0.000000E+00  0.000000E+00  0.000000E+00  0.175035E+01
  0.890066E+02  0.166630E+01  0.154373E+01  0.000000E+00  0.000000E+00  0.000000E+00  0.164536E+01
  0.920236E+02  0.156631E+01  0.145110E+01  0.000000E+00  0.000000E+00  0.000000E+00  0.154662E+01
  0.951427E+02  0.147229E+01  0.136399E+01  0.000000E+00  0.000000E+00  0.000000E+00  0.145378E+01
  0.983675E+02  0.138388E+01  0.128209E+01  0.000000E+00  0.000000E+00  0.000000E+00  0.136649E+01
  0.101702E+03  0.130075E+01  0.120507E+01  0.000000E+00  0.000000E+00  0.000000E+00  0.128440E+01
  0.105149E+03  0.122259E+01  0.113266E+01  0.000000E+00  0.000000E+00  0.000000E+00  0.120722E+01
  0.108713E+03  0.114910E+01  0.106457E+01  0.000000E+00  0.000000E+00  0.000000E+00  0.113465E+01
  0.112398E+03  0.108000E+01  0.100056E+01  0.000000E+00  0.000000E+00  0.000000E+00  0.106643E+01
  0.116207E+03  0.101504E+01  0.940380E+00  0.000000E+00  0.000000E+00  0.000000E+00  0.100228E+01
  0.120146E+03  0.953965E+00  0.883796E+00  0.000000E+00  0.000000E+00  0.000000E+00  0.941976E+00
  0.124219E+03  0.896547E+00  0.830602E+00  0.000000E+00  0.000000E+00  0.000000E+00  0.885279E+00
  0.128429E+03  0.842568E+00  0.780593E+00  0.000000E+00  0.000000E+00  0.000000E+00  0.831978E+00
  0.132782E+03  0.791822E+00  0.733580E+00  0.000000E+00  0.000000E+00  0.000000E+00  0.781870E+00
  0.137283E+03  0.744115E+00  0.689382E+00  0.000000E+00  0.000000E+00  0.000000E+00  0.734763E+00
  0.141936E+03  0.699271E+00  0.647838E+00  0.000000E+00  0.000000E+00  0.000000E+00  0.690483E+00
  0.146747E+03  0.657117E+00  0.608784E+00  0.000000E+00  0.000000E+00  0.000000E+00  0.648858E+00
  0.151721E+03  0.617488E+00  0.572070E+00  0.000000E+00  0.000000E+00  0.000000E+00  0.609728E+00
  0.156864E+03  0.580241E+00  0.537563E+00  0.000000E+00  0.000000E+00  0.000000E+00  0.572949E+00
  0.162181E+03  0.545230E+00  0.505127E+00  0.000000E+00  0.000000E+00  0.000000E+00  0.538378E+00
  0.167678E+03  0.512321E+00  0.474639E+00  0.000000E+00  0.000000E+00  0.000000E+00  0.505882E+00
  0.173361E+03  0.481388E+00  0.445981E+00  0.000000E+00  0.000000E+00  0.000000E+00  0.475338E+00
  0.179237E+03  0.452316E+00  0.419047E+00  0.000000E+00  0.000000E+00  0.000000E+00  0.446631E+00
  0.185313E+03  0.424990E+00  0.393732E+00  0.000000E+00  0.000000E+00  0.000000E+00  0.419649E+00
  0.191594E+03  0.399308E+00  0.369939E+00  0.000000E+00  0.000000E+00  0.000000E+00  0.394290E+00
  0.198088E+03  0.375170E+00  0.347577E+00  0.000000E+00  0.000000E+00  0.000000E+00  0.370456E+00
  0.204802E+03  0.352486E+00  0.326561E+00  0.000000E+00  0.000000E+00  0.000000E+00  0.348057E+00
  0.211744E+03  0.331168E+00  0.306811E+00  0.000000E+00  0.000000E+00  0.000000E+00  0.327006E+00
  0.218921E+03  0.311133E+00  0.288250E+00  0.000000E+00  0.000000E+00  0.000000E+00  0.307223E+00
  0.226341E+03  0.292304E+00  0.270805E+00  0.000000E+00  0.000000E+00  0.000000E+00  0.288631E+00
  0.234013E+03  0.274611E+00  0.254414E+00  0.000000E+00  0.000000E+00  0.000000E+00  0.271160E+00
  0.241945E+03  0.257984E+00  0.239010E+00  0.000000E+00  0.000000E+00  0.000000E+00  0.254742E+00
  0.250146E+03  0.242359E+00  0.224534E+00  0.000000E+00  0.000000E+00  0.000000E+00  0.239313E+00
  0.258625E+03  0.227676E+00  0.210931E+00  0.000000E+00  0.000000E+00  0.000000E+00  0.224815E+00
  0.267391E+03  0.213880E+00  0.198150E+00  0.000000E+00  0.000000E+00  0.000000E+00  0.211193E+00
  0.276454E+03  0.200917E+00  0.186140E+00  0.000000E+00  0.000000E+00  0.000000E+00  0.198392E+00
  0.285825E+03  0.188735E+00  0.174854E+00  0.000000E+00  0.000000E+00  0.000000E+00  0.186363E+00
  0.295512E+03  0.177289E+00  0.164250E+00  0.000000E+00  0.000000E+00  0.000000E+00  0.175061E+00
  0.305529E+03  0.166535E+00  0.154287E+00  0.000000E+00  0.000000E+00  0.000000E+00  0.164442E+00
  0.315884E+03  0.156431E+00  0.144926E+00  0.000000E+00  0.000000E+00  0.000000E+00  0.154465E+00
  0.326592E+03  0.146936E+00  0.136130E+00  0.000000E+00  0.000000E+00  0.000000E+00  0.145090E+00
  0.337662E+03  0.138016E+00  0.127866E+00  0.000000E+00  0.000000E+00  0.000000E+00  0.136282E+00
  0.349106E+03  0.129636E+00  0.120102E+00  0.000000E+00  0.000000E+00  0.000000E+00  0.128007E+00
  0.360939E+03  0.121762E+00  0.112807E+00  0.000000E+00  0.000000E+00  0.000000E+00  0.120232E+00
  0.373174E+03  0.114365E+00  0.105954E+00  0.000000E+00  0.000000E+00  0.000000E+00  0.112928E+00
  0.385822E+03  0.107415E+00  0.995154E-01  0.000000E+00  0.000000E+00  0.000000E+00  0.106065E+00
  0.398900E+03  0.100887E+00  0.934669E-01  0.000000E+00  0.000000E+00  0.000000E+00  0.996188E-01
  0.412421E+03  0.947529E-01  0.877844E-01  0.000000E+00  0.000000E+00  0.000000E+00  0.935622E-01
  0.426400E+03  0.889910E-01  0.824462E-01  0.000000E+00  0.000000E+00  0.000000E+00  0.878727E-01
  0.440853E+03  0.835782E-01  0.774316E-01  0.000000E+00  0.000000E+00  0.000000E+00  0.825280E-01
  0.455795E+03  0.784936E-01  0.727209E-01  0.000000E+00  0.000000E+00  0.000000E+00  0.775073E-01
  0.471245E+03  0.737168E-01  0.682955E-01  0.000000E+00  0.000000E+00  0.000000E+00  0.727905E-01
  0.487218E+03  0.692300E-01  0.641386E-01  0.000000E+00  0.000000E+00  0.000000E+00  0.683601E-01
  0.503732E+03  0.650154E-01  0.602340E-01  0.000000E+00  0.000000E+00  0.000000E+00  0.641984E-01
  0.520805E+03  0.610563E-01  0.565660E-01  0.000000E+00  0.000000E+00  0.000000E+00  0.602890E-01
  0.538459E+03  0.573373E-01  0.531206E-01  0.000000E+00  0.000000E+00  0.000000E+00  0.566168E-01
  0.556710E+03  0.538443E-01  0.498845E-01  0.000000E+00  0.000000E+00  0.000000E+00  0.531677E-01
  0.575579E+03  0.505633E-01  0.468448E-01  0.000000E+00  0.000000E+00  0.000000E+00  0.499279E-01
  0.595088E+03  0.474816E-01  0.439898E-01  0.000000E+00  0.000000E+00  0.000000E+00  0.468850E-01
  0.615260E+03  0.445869E-01  0.413080E-01  0.000000E+00  0.000000E+00  0.000000E+00  0.440267E-01
  0.636114E+03  0.418682E-01  0.387892E-01  0.000000E+00  0.000000E+00  0.000000E+00  0.413421E-01
  0.657675E+03  0.393148E-01  0.364236E-01  0.000000E+00  0.000000E+00  0.000000E+00  0.388208E-01
  0.679967E+03  0.369165E-01  0.342016E-01  0.000000E+00  0.000000E+00  0.000000E+00  0.364526E-01
  0.703015E+03  0.346641E-01  0.321149E-01  0.000000E+00  0.000000E+00  0.000000E+00  0.342285E-01
  0.726843E+03  0.325487E-01  0.301550E-01  0.000000E+00  0.000000E+00  0.000000E+00  0.321397E-01
  0.751479E+03  0.305620E-01  0.283144E-01  0.000000E+00  0.000000E+00  0.000000E+00  0.301779E-01
  0.776952E+03  0.286959E-01  0.265856E-01  0.000000E+00  0.000000E+00  0.000000E+00  0.283353E-01
  0.803286E+03  0.269436E-01  0.249622E-01  0.000000E+00  0.000000E+00  0.000000E+00  0.266051E-01
  0.830513E+03  0.252980E-01  0.234376E-01  0.000000E+00  0.000000E+00  0.000000E+00  0.249801E-01
  0.858663E+03  0.237525E-01  0.220058E-01  0.000000E+00  0.000000E+00  0.000000E+00  0.234541E-01
  0.887769E+03  0.223012E-01  0.206612E-01  0.000000E+00  0.000000E+00  0.000000E+00  0.220209E-01
  0.917859E+03  0.209383E-01  0.193985E-01  0.000000E+00  0.000000E+00  0.000000E+00  0.206752E-01
  0.948970E+03  0.196584E-01  0.182127E-01  0.000000E+00  0.000000E+00  0.000000E+00  0.194114E-01
  0.981135E+03  0.184565E-01  0.170993E-01  0.000000E+00  0.000000E+00  0.000000E+00  0.182246E-01
  0.101439E+04  0.173279E-01  0.160536E-01  0.000000E+00  0.000000E+00  0.000000E+00  0.171101E-01
  0.104877E+04  0.162681E-01  0.150717E-01  0.000000E+00  0.000000E+00  0.000000E+00  0.160637E-01
  0.108432E+04  0.152729E-01  0.141498E-01  0.000000E+00  0.000000E+00  0.000000E+00  0.150810E-01
  0.112108E+04  0.143384E-01  0.132840E-01  0.000000E+00  0.000000E+00  0.000000E+00  0.141582E-01
  0.115908E+04  0.134609E-01  0.124710E-01  0.000000E+00  0.000000E+00  0.000000E+00  0.132918E-01
  0.119836E+04  0.126370E-01  0.117077E-01  0.000000E+00  0.000000E+00  0.000000E+00  0.124782E-01
  0.123898E+04  0.118634E-01  0.109910E-01  0.000000E+00  0.000000E+00  0.000000E+00  0.117143E-01
  0.128098E+04  0.111369E-01  0.103180E-01  0.000000E+00  0.000000E+00  0.000000E+00  0.109970E-01
  0.132439E+04  0.104549E-01  0.968606E-02  0.000000E+00  0.000000E+00  0.000000E+00  0.103235E-01
  0.136928E+04  0.981448E-02  0.909276E-02  0.000000E+00  0.000000E+00  0.000000E+00  0.969116E-02
  0.141570E+04  0.921321E-02  0.853571E-02  0.000000E+00  0.000000E+00  0.000000E+00  0.909745E-02
  0.146368E+04  0.864863E-02  0.801265E-02  0.000000E+00  0.000000E+00  0.000000E+00  0.853996E-02
  0.151329E+04  0.811859E-02  0.752158E-02  0.000000E+00  0.000000E+00  0.000000E+00  0.801658E-02
  0.156459E+04  0.762091E-02  0.706051E-02  0.000000E+00  0.000000E+00  0.000000E+00  0.752516E-02
  0.161762E+04  0.715369E-02  0.662764E-02  0.000000E+00  0.000000E+00  0.000000E+00  0.706381E-02
  0.167245E+04  0.671502E-02  0.622123E-02  0.000000E+00  0.000000E+00  0.000000E+00  0.663064E-02
  0.172914E+04  0.630318E-02  0.583968E-02  0.000000E+00  0.000000E+00  0.000000E+00  0.622399E-02
  0.178774E+04  0.591654E-02  0.548147E-02  0.000000E+00  0.000000E+00  0.000000E+00  0.584221E-02
  0.184834E+04  0.555354E-02  0.514516E-02  0.000000E+00  0.000000E+00  0.000000E+00  0.548376E-02
  0.191099E+04  0.521276E-02  0.482944E-02  0.000000E+00  0.000000E+00  0.000000E+00  0.514727E-02
  0.197576E+04  0.489284E-02  0.453305E-02  0.000000E+00  0.000000E+00  0.000000E+00  0.483137E-02
  0.204273E+04  0.459251E-02  0.425480E-02  0.000000E+00  0.000000E+00  0.000000E+00  0.453481E-02
  0.211197E+04  0.431055E-02  0.399357E-02  0.000000E+00  0.000000E+00  0.000000E+00  0.425639E-02
  0.218356E+04  0.404587E-02  0.374836E-02  0.000000E+00  0.000000E+00  0.000000E+00  0.399503E-02
  0.225757E+04  0.379740E-02  0.351817E-02  0.000000E+00  0.000000E+00  0.000000E+00  0.374969E-02
  0.233409E+04  0.356415E-02  0.330207E-02  0.000000E+00  0.000000E+00  0.000000E+00  0.351937E-02
  0.241321E+04  0.334519E-02  0.309920E-02  0.000000E+00  0.000000E+00  0.000000E+00  0.330316E-02
  0.249500E+04  0.313965E-02  0.290878E-02  0.000000E+00  0.000000E+00  0.000000E+00  0.310020E-02
  0.257957E+04  0.294671E-02  0.273003E-02  0.000000E+00  0.000000E+00  0.000000E+00  0.290969E-02
  0.266700E+04  0.276560E-02  0.256224E-02  0.000000E+00  0.000000E+00  0.000000E+00  0.273085E-02
  0.275740E+04  0.259558E-02  0.240472E-02  0.000000E+00  0.000000E+00  0.000000E+00  0.256297E-02
  0.285086E+04  0.243600E-02  0.225688E-02  0.000000E+00  0.000000E+00  0.000000E+00  0.240539E-02
  0.294749E+04  0.228620E-02  0.211809E-02  0.000000E+00  0.000000E+00  0.000000E+00  0.225748E-02
  0.304740E+04  0.214558E-02  0.198782E-02  0.000000E+00  0.000000E+00  0.000000E+00  0.211863E-02
  0.315069E+04  0.201361E-02  0.186554E-02  0.000000E+00  0.000000E+00  0.000000E+00  0.198831E-02
  0.325748E+04  0.188973E-02  0.175078E-02  0.000000E+00  0.000000E+00  0.000000E+00  0.186599E-02
  0.336790E+04  0.177346E-02  0.164305E-02  0.000000E+00  0.000000E+00  0.000000E+00  0.175118E-02
  0.348206E+04  0.166431E-02  0.154193E-02  0.000000E+00  0.000000E+00  0.000000E+00  0.164340E-02
  0.360008E+04  0.156188E-02  0.144703E-02  0.000000E+00  0.000000E+00  0.000000E+00  0.154226E-02
  0.372210E+04  0.146573E-02  0.135796E-02  0.000000E+00  0.000000E+00  0.000000E+00  0.144732E-02
  0.384826E+04  0.137549E-02  0.127435E-02  0.000000E+00  0.000000E+00  0.000000E+00  0.135821E-02
  0.397870E+04  0.129079E-02  0.119588E-02  0.000000E+00  0.000000E+00  0.000000E+00  0.127457E-02
  0.411356E+04  0.121130E-02  0.112223E-02  0.000000E+00  0.000000E+00  0.000000E+00  0.119608E-02
  0.425299E+04  0.113669E-02  0.105311E-02  0.000000E+00  0.000000E+00  0.000000E+00  0.112241E-02
  0.439714E+04  0.106667E-02  0.988234E-03  0.000000E+00  0.000000E+00  0.000000E+00  0.105327E-02
  0.454619E+04  0.100094E-02  0.927343E-03  0.000000E+00  0.000000E+00  0.000000E+00  0.988367E-03
  0.470028E+04  0.939264E-03  0.870200E-03  0.000000E+00  0.000000E+00  0.000000E+00  0.927463E-03
  0.485959E+04  0.881379E-03  0.816571E-03  0.000000E+00  0.000000E+00  0.000000E+00  0.870305E-03
  0.502432E+04  0.827050E-03  0.766237E-03  0.000000E+00  0.000000E+00  0.000000E+00  0.816659E-03
  0.519461E+04  0.776064E-03  0.719000E-03  0.000000E+00  0.000000E+00  0.000000E+00  0.766314E-03
  0.537068E+04  0.728216E-03  0.674671E-03  0.000000E+00  0.000000E+00  0.000000E+00  0.719068E-03
  0.555272E+04  0.683312E-03  0.633069E-03  0.000000E+00  0.000000E+00  0.000000E+00  0.674727E-03
  0.574094E+04  0.641168E-03  0.594023E-03  0.000000E+00  0.000000E+00  0.000000E+00  0.633112E-03
  0.593553E+04  0.601621E-03  0.557384E-03  0.000000E+00  0.000000E+00  0.000000E+00  0.594062E-03
  0.613671E+04  0.564505E-03  0.522998E-03  0.000000E+00  0.000000E+00  0.000000E+00  0.557413E-03
  0.634471E+04  0.529676E-03  0.490730E-03  0.000000E+00  0.000000E+00  0.000000E+00  0.523022E-03
  0.655977E+04  0.496990E-03  0.460447E-03  0.000000E+00  0.000000E+00  0.000000E+00  0.490746E-03
  0.678211E+04  0.466319E-03  0.432032E-03  0.000000E+00  0.000000E+00  0.000000E+00  0.460461E-03
  0.701199E+04  0.437537E-03  0.405366E-03  0.000000E+00  0.000000E+00  0.000000E+00  0.432040E-03
