    0.10000E-03    0.17446E+01
    0.10202E-03    0.17803E+01
    0.10408E-03    0.18167E+01
    0.10618E-03    0.18538E+01
    0.10833E-03    0.18917E+01
    0.11052E-03    0.19303E+01
    0.11275E-03    0.19697E+01
    0.11503E-03    0.20099E+01
    0.11735E-03    0.20509E+01
    0.11972E-03    0.20927E+01
    0.12214E-03    0.21354E+01
    0.12461E-03    0.21789E+01
    0.12712E-03    0.22233E+01
    0.12969E-03    0.22685E+01
    0.13231E-03    0.23147E+01
    0.13499E-03    0.23618E+01
    0.13771E-03    0.24098E+01
    0.14049E-03    0.24588E+01
    0.14333E-03    0.25088E+01
    0.14623E-03    0.25598E+01
    0.14918E-03    0.26118E+01
    0.15220E-03    0.26648E+01
    0.15527E-03    0.27189E+01
    0.15841E-03    0.27741E+01
    0.16161E-03    0.28304E+01
    0.16487E-03    0.28878E+01
    0.16820E-03    0.29464E+01
    0.17160E-03    0.30061E+01
    0.17507E-03    0.30671E+01
    0.17860E-03    0.31293E+01
    0.18221E-03    0.31927E+01
    0.18589E-03    0.32574E+01
    0.18965E-03    0.33234E+01
    0.19348E-03    0.33907E+01
    0.19739E-03    0.34593E+01
    0.20138E-03    0.35294E+01
    0.20544E-03    0.36008E+01
    0.20959E-03    0.36737E+01
    0.21383E-03    0.37481E+01
    0.21815E-03    0.38239E+01
    0.22255E-03    0.39013E+01
    0.22705E-03    0.39802E+01
    0.23164E-03    0.40607E+01
    0.23632E-03    0.41428E+01
    0.24109E-03    0.42265E+01
    0.24596E-03    0.43120E+01
    0.25093E-03    0.43991E+01
    0.25600E-03    0.44880E+01
    0.26117E-03    0.45787E+01
    0.26645E-03    0.46712E+01
    0.27183E-03    0.47655E+01
    0.27732E-03    0.48618E+01
    0.28292E-03    0.49600E+01
    0.28864E-03    0.50601E+01
    0.29447E-03    0.51622E+01
    0.30042E-03    0.52664E+01
    0.30649E-03    0.53727E+01
    0.31268E-03    0.54811E+01
    0.31899E-03    0.55917E+01
    0.32544E-03    0.57045E+01
    0.33201E-03    0.58195E+01
    0.33872E-03    0.59368E+01
    0.34556E-03    0.60565E+01
    0.35254E-03    0.61786E+01
    0.35966E-03    0.63031E+01
    0.36693E-03    0.64301E+01
    0.37434E-03    0.65596E+01
    0.38190E-03    0.66917E+01
    0.38962E-03    0.68265E+01
    0.39749E-03    0.69639E+01
    0.40552E-03    0.71041E+01
    0.41371E-03    0.72471E+01
    0.42207E-03    0.73929E+01
    0.43060E-03    0.75416E+01
    0.43929E-03    0.76933E+01
    0.44817E-03    0.78479E+01
    0.45722E-03    0.80057E+01
    0.46646E-03    0.81666E+01
    0.47588E-03    0.83306E+01
    0.48550E-03    0.84980E+01
    0.49530E-03    0.86686E+01
    0.50531E-03    0.88426E+01
    0.51552E-03    0.90201E+01
    0.52593E-03    0.92010E+01
    0.53656E-03    0.93855E+01
    0.54739E-03    0.95737E+01
    0.55845E-03    0.97656E+01
    0.56973E-03    0.99612E+01
    0.58124E-03    0.10161E+02
    0.59299E-03    0.10364E+02
    0.60496E-03    0.10572E+02
    0.61719E-03    0.10783E+02
    0.62965E-03    0.10999E+02
    0.64237E-03    0.11218E+02
    0.65535E-03    0.11443E+02
    0.66859E-03    0.11671E+02
    0.68210E-03    0.11904E+02
    0.69588E-03    0.12141E+02
    0.70993E-03    0.12383E+02
    0.72427E-03    0.12630E+02
    0.73891E-03    0.12882E+02
    0.75383E-03    0.13138E+02
    0.76906E-03    0.13399E+02
    0.78460E-03    0.13666E+02
    0.80045E-03    0.13937E+02
    0.81662E-03    0.14214E+02
    0.83311E-03    0.14496E+02
    0.84994E-03    0.14783E+02
    0.86711E-03    0.15076E+02
    0.88463E-03    0.15375E+02
    0.90250E-03    0.15679E+02
    0.92073E-03    0.15988E+02
    0.93933E-03    0.16304E+02
    0.95831E-03    0.16626E+02
    0.97767E-03    0.16953E+02
    0.99742E-03    0.17287E+02
    0.10176E-02    0.17627E+02
    0.10381E-02    0.17973E+02
    0.10591E-02    0.18326E+02
    0.10805E-02    0.18685E+02
    0.11023E-02    0.19051E+02
    0.11246E-02    0.19423E+02
    0.11473E-02    0.19803E+02
    0.11705E-02    0.20189E+02
    0.11941E-02    0.20582E+02
    0.12182E-02    0.20982E+02
    0.12429E-02    0.21390E+02
    0.12680E-02    0.21804E+02
    0.12936E-02    0.22227E+02
    0.13197E-02    0.22656E+02
    0.13464E-02    0.23093E+02
    0.13736E-02    0.23538E+02
    0.14013E-02    0.23991E+02
    0.14296E-02    0.24451E+02
    0.14585E-02    0.24919E+02
    0.14880E-02    0.25396E+02
    0.15180E-02    0.25880E+02
    0.15487E-02    0.26373E+02
    0.15800E-02    0.26874E+02
    0.16119E-02    0.27383E+02
    0.16445E-02    0.27901E+02
    0.16777E-02    0.28427E+02
    0.17116E-02    0.28962E+02
    0.17462E-02    0.29505E+02
    0.17814E-02    0.30057E+02
    0.18174E-02    0.30618E+02
    0.18541E-02    0.31188E+02
    0.18916E-02    0.31767E+02
    0.19298E-02    0.32355E+02
    0.19688E-02    0.32952E+02
    0.20086E-02    0.33557E+02
    0.20491E-02    0.34172E+02
    0.20905E-02    0.34796E+02
    0.21328E-02    0.35430E+02
    0.21758E-02    0.36072E+02
    0.22198E-02    0.36724E+02
    0.22646E-02    0.37385E+02
    0.23104E-02    0.38055E+02
    0.23571E-02    0.38735E+02
    0.24047E-02    0.39424E+02
    0.24533E-02    0.40122E+02
    0.25028E-02    0.40830E+02
    0.25534E-02    0.41547E+02
    0.26050E-02    0.42273E+02
    0.26576E-02    0.43009E+02
    0.27113E-02    0.43753E+02
    0.27660E-02    0.44508E+02
    0.28219E-02    0.45271E+02
    0.28789E-02    0.46043E+02
    0.29371E-02    0.46825E+02
    0.29964E-02    0.47616E+02
    0.30569E-02    0.48415E+02
    0.31187E-02    0.49224E+02
    0.31817E-02    0.50042E+02
    0.32460E-02    0.50868E+02
    0.33115E-02    0.51703E+02
    0.33784E-02    0.52546E+02
    0.34467E-02    0.53399E+02
    0.35163E-02    0.54259E+02
    0.35874E-02    0.55128E+02
    0.36598E-02    0.56005E+02
    0.37338E-02    0.56890E+02
    0.38092E-02    0.57783E+02
    0.38861E-02    0.58683E+02
    0.39646E-02    0.59591E+02
    0.40447E-02    0.60506E+02
    0.41264E-02    0.61428E+02
    0.42098E-02    0.62357E+02
    0.42948E-02    0.63293E+02
    0.43816E-02    0.64235E+02
    0.44701E-02    0.65183E+02
    0.45604E-02    0.66137E+02
    0.46525E-02    0.67096E+02
    0.47465E-02    0.68061E+02
    0.48424E-02    0.69030E+02
    0.49402E-02    0.70005E+02
    0.50400E-02    0.70983E+02
    0.51419E-02    0.71964E+02
    0.52457E-02    0.72950E+02
    0.53517E-02    0.73938E+02
    0.54598E-02    0.74928E+02
    0.55701E-02    0.75921E+02
    0.56826E-02    0.76915E+02
    0.57974E-02    0.77910E+02
    0.59145E-02    0.78906E+02
    0.60340E-02    0.79902E+02
    0.61559E-02    0.80897E+02
    0.62803E-02    0.81891E+02
    0.64072E-02    0.82883E+02
    0.65366E-02    0.83873E+02
    0.66686E-02    0.84859E+02
    0.68033E-02    0.85842E+02
    0.69408E-02    0.86821E+02
    0.70810E-02    0.87794E+02
    0.72240E-02    0.88762E+02
    0.73700E-02    0.89723E+02
    0.75189E-02    0.90677E+02
    0.76708E-02    0.91623E+02
    0.78257E-02    0.92559E+02
    0.79838E-02    0.93486E+02
    0.81451E-02    0.94401E+02
    0.83096E-02    0.95306E+02
    0.84775E-02    0.96197E+02
    0.86488E-02    0.97075E+02
    0.88235E-02    0.97938E+02
    0.90017E-02    0.98786E+02
    0.91836E-02    0.99617E+02
    0.93691E-02    0.10043E+03
    0.95583E-02    0.10123E+03
    0.97514E-02    0.10200E+03
    0.99484E-02    0.10275E+03
    0.10149E-01    0.10349E+03
    0.10354E-01    0.10419E+03
    0.10564E-01    0.10488E+03
    0.10777E-01    0.10554E+03
    0.10995E-01    0.10617E+03
    0.11217E-01    0.10677E+03
    0.11443E-01    0.10734E+03
    0.11675E-01    0.10789E+03
    0.11910E-01    0.10840E+03
    0.12151E-01    0.10888E+03
    0.12397E-01    0.10932E+03
    0.12647E-01    0.10973E+03
    0.12902E-01    0.11010E+03
    0.13163E-01    0.11043E+03
    0.13429E-01    0.11072E+03
    0.13700E-01    0.11097E+03
    0.13977E-01    0.11118E+03
    0.14259E-01    0.11134E+03
    0.14547E-01    0.11146E+03
    0.14841E-01    0.11154E+03
    0.15141E-01    0.11156E+03
    0.15447E-01    0.11154E+03
    0.15759E-01    0.11147E+03
    0.16077E-01    0.11135E+03
    0.16402E-01    0.11118E+03
    0.16734E-01    0.11095E+03
    0.17072E-01    0.11068E+03
    0.17416E-01    0.11035E+03
    0.17768E-01    0.10996E+03
    0.18127E-01    0.10952E+03
    0.18493E-01    0.10903E+03
    0.18867E-01    0.10847E+03
    0.19248E-01    0.10787E+03
    0.19637E-01    0.10721E+03
    0.20034E-01    0.10649E+03
    0.20438E-01    0.10572E+03
    0.20851E-01    0.10489E+03
    0.21272E-01    0.10401E+03
    0.21702E-01    0.10307E+03
    0.22141E-01    0.10209E+03
    0.22588E-01    0.10105E+03
    0.23044E-01    0.99961E+02
    0.23510E-01    0.98824E+02
    0.23985E-01    0.97642E+02
    0.24469E-01    0.96415E+02
    0.24964E-01    0.95146E+02
    0.25468E-01    0.93837E+02
    0.25982E-01    0.92491E+02
    0.26507E-01    0.91112E+02
    0.27043E-01    0.89701E+02
    0.27589E-01    0.88262E+02
    0.28146E-01    0.86801E+02
    0.28715E-01    0.85319E+02
    0.29295E-01    0.83810E+02
    0.29887E-01    0.82307E+02
    0.30490E-01    0.80817E+02
    0.31106E-01    0.79204E+02
    0.31735E-01    0.77625E+02
    0.32376E-01    0.76555E+02
    0.33030E-01    0.75586E+02
    0.33697E-01    0.74118E+02
    0.34378E-01    0.72513E+02
    0.35072E-01    0.71040E+02
    0.35781E-01    0.69595E+02
    0.36504E-01    0.68159E+02
    0.37241E-01    0.66762E+02
    0.37993E-01    0.65411E+02
    0.38761E-01    0.64097E+02
    0.39544E-01    0.62809E+02
    0.40343E-01    0.61602E+02
    0.41158E-01    0.60485E+02
    0.41989E-01    0.59185E+02
    0.42838E-01    0.57734E+02
    0.43703E-01    0.56567E+02
    0.44586E-01    0.55638E+02
    0.45486E-01    0.54706E+02
    0.46405E-01    0.53794E+02
    0.47343E-01    0.52945E+02
    0.48299E-01    0.52150E+02
    0.49275E-01    0.51375E+02
    0.50270E-01    0.50617E+02
    0.51286E-01    0.50018E+02
    0.52322E-01    0.49559E+02
    0.53379E-01    0.49002E+02
    0.54457E-01    0.48366E+02
    0.55557E-01    0.47772E+02
    0.56680E-01    0.47189E+02
    0.57825E-01    0.46597E+02
    0.58993E-01    0.46018E+02
    0.60184E-01    0.45368E+02
    0.61400E-01    0.44569E+02
    0.62641E-01    0.43775E+02
    0.63906E-01    0.43047E+02
    0.65197E-01    0.42278E+02
    0.66514E-01    0.41434E+02
    0.67858E-01    0.40537E+02
    0.69229E-01    0.39636E+02
    0.70627E-01    0.38722E+02
    0.72054E-01    0.37719E+02
    0.73510E-01    0.36633E+02
    0.74994E-01    0.35508E+02
    0.76509E-01    0.34347E+02
    0.78055E-01    0.33153E+02
    0.79632E-01    0.31943E+02
    0.81241E-01    0.30734E+02
    0.82882E-01    0.29541E+02
    0.84556E-01    0.28379E+02
    0.86264E-01    0.27264E+02
    0.88007E-01    0.26206E+02
    0.89785E-01    0.25214E+02
    0.91598E-01    0.24294E+02
    0.93449E-01    0.23452E+02
    0.95337E-01    0.22689E+02
    0.97263E-01    0.22006E+02
    0.99227E-01    0.21401E+02
    0.10123E+00    0.20871E+02
    0.10328E+00    0.20412E+02
    0.10536E+00    0.20015E+02
    0.10749E+00    0.19668E+02
    0.10966E+00    0.19355E+02
    0.11188E+00    0.19058E+02
    0.11414E+00    0.18757E+02
    0.11644E+00    0.18436E+02
    0.11880E+00    0.18081E+02
    0.12120E+00    0.17683E+02
    0.12365E+00    0.17235E+02
    0.12614E+00    0.16732E+02
    0.12869E+00    0.16176E+02
    0.13129E+00    0.15573E+02
    0.13394E+00    0.14934E+02
    0.13665E+00    0.14275E+02
    0.13941E+00    0.13613E+02
    0.14223E+00    0.12968E+02
    0.14510E+00    0.12361E+02
    0.14803E+00    0.11807E+02
    0.15102E+00    0.11317E+02
    0.15407E+00    0.10895E+02
    0.15718E+00    0.10542E+02
    0.16036E+00    0.10250E+02
    0.16360E+00    0.10007E+02
    0.16690E+00    0.97975E+01
    0.17028E+00    0.96042E+01
    0.17371E+00    0.94098E+01
    0.17722E+00    0.91974E+01
    0.18080E+00    0.89537E+01
    0.18446E+00    0.86704E+01
    0.18818E+00    0.83493E+01
    0.19198E+00    0.79991E+01
    0.19586E+00    0.76337E+01
    0.19982E+00    0.72690E+01
    0.20386E+00    0.69204E+01
    0.20797E+00    0.66036E+01
    0.21218E+00    0.63287E+01
    0.21646E+00    0.60988E+01
    0.22083E+00    0.59079E+01
    0.22530E+00    0.57451E+01
    0.22985E+00    0.55967E+01
    0.23449E+00    0.54490E+01
    0.23923E+00    0.52893E+01
    0.24406E+00    0.51108E+01
    0.24899E+00    0.49124E+01
    0.25402E+00    0.47006E+01
    0.25915E+00    0.44856E+01
    0.26439E+00    0.42796E+01
    0.26973E+00    0.40920E+01
    0.27518E+00    0.39285E+01
    0.28074E+00    0.37881E+01
    0.28641E+00    0.36650E+01
    0.29219E+00    0.35493E+01
    0.29810E+00    0.34327E+01
    0.30412E+00    0.33094E+01
    0.31026E+00    0.31783E+01
    0.31653E+00    0.30423E+01
    0.32292E+00    0.29084E+01
    0.32945E+00    0.27828E+01
    0.33610E+00    0.26696E+01
    0.34289E+00    0.25684E+01
    0.34982E+00    0.24759E+01
    0.35689E+00    0.23864E+01
    0.36409E+00    0.22963E+01
    0.37145E+00    0.22039E+01
    0.37895E+00    0.21111E+01
    0.38661E+00    0.20209E+01
    0.39442E+00    0.19365E+01
    0.40239E+00    0.18587E+01
    0.41052E+00    0.17864E+01
    0.41881E+00    0.17170E+01
    0.42727E+00    0.16485E+01
    0.43590E+00    0.15804E+01
    0.44471E+00    0.15138E+01
    0.45369E+00    0.14502E+01
    0.46286E+00    0.13903E+01
    0.47221E+00    0.13339E+01
    0.48174E+00    0.12797E+01
    0.49148E+00    0.12269E+01
    0.50141E+00    0.11754E+01
    0.51153E+00    0.11258E+01
    0.52187E+00    0.10785E+01
    0.53241E+00    0.10335E+01
    0.54317E+00    0.99041E+00
    0.55414E+00    0.94878E+00
    0.56533E+00    0.90857E+00
    0.57675E+00    0.86990E+00
    0.58840E+00    0.83297E+00
    0.60029E+00    0.79765E+00
    0.61242E+00    0.76372E+00
    0.62479E+00    0.73107E+00
    0.63741E+00    0.69969E+00
    0.65029E+00    0.66965E+00
    0.66342E+00    0.64089E+00
    0.67683E+00    0.61328E+00
    0.69050E+00    0.58678E+00
    0.70445E+00    0.56136E+00
    0.71868E+00    0.53702E+00
    0.73320E+00    0.51368E+00
    0.74801E+00    0.49130E+00
    0.76312E+00    0.46985E+00
    0.77854E+00    0.44930E+00
    0.79426E+00    0.42961E+00
    0.81031E+00    0.41074E+00
    0.82668E+00    0.39267E+00
    0.84338E+00    0.37535E+00
    0.86041E+00    0.35878E+00
    0.87780E+00    0.34291E+00
    0.89553E+00    0.32771E+00
    0.91362E+00    0.31316E+00
    0.93208E+00    0.29923E+00
    0.95091E+00    0.28589E+00
    0.97011E+00    0.27313E+00
    0.98971E+00    0.26092E+00
    0.10097E+01    0.24923E+00
    0.10301E+01    0.23804E+00
    0.10509E+01    0.22734E+00
    0.10721E+01    0.21710E+00
    0.10938E+01    0.20731E+00
    0.11159E+01    0.19794E+00
    0.11384E+01    0.18899E+00
    0.11614E+01    0.18042E+00
    0.11849E+01    0.17223E+00
    0.12088E+01    0.16440E+00
    0.12333E+01    0.15691E+00
    0.12582E+01    0.14976E+00
    0.12836E+01    0.14292E+00
    0.13095E+01    0.13638E+00
    0.13360E+01    0.13013E+00
    0.13630E+01    0.12416E+00
    0.13905E+01    0.11846E+00
    0.14186E+01    0.11301E+00
    0.14472E+01    0.10780E+00
    0.14765E+01    0.10283E+00
    0.15063E+01    0.98074E-01
    0.15367E+01    0.93536E-01
    0.15678E+01    0.89202E-01
    0.15994E+01    0.85063E-01
    0.16318E+01    0.81111E-01
    0.16647E+01    0.77337E-01
    0.16984E+01    0.73735E-01
    0.17327E+01    0.70296E-01
    0.17677E+01    0.67013E-01
    0.18034E+01    0.63880E-01
    0.18398E+01    0.60889E-01
    0.18770E+01    0.58034E-01
    0.19149E+01    0.55310E-01
    0.19536E+01    0.52711E-01
    0.19930E+01    0.50230E-01
    0.20333E+01    0.47864E-01
    0.20744E+01    0.45606E-01
    0.21163E+01    0.43453E-01
    0.21590E+01    0.41399E-01
    0.22026E+01    0.39439E-01
    0.22471E+01    0.37570E-01
    0.22925E+01    0.35788E-01
    0.23388E+01    0.34089E-01
    0.23861E+01    0.32468E-01
    0.24343E+01    0.30923E-01
    0.24835E+01    0.29449E-01
    0.25336E+01    0.28045E-01
    0.25848E+01    0.26705E-01
    0.26370E+01    0.25429E-01
    0.26903E+01    0.24212E-01
    0.27447E+01    0.23052E-01
    0.28001E+01    0.21947E-01
    0.28567E+01    0.20893E-01
    0.29144E+01    0.19890E-01
    0.29733E+01    0.18933E-01
    0.30333E+01    0.18021E-01
    0.30946E+01    0.17153E-01
    0.31571E+01    0.16325E-01
    0.32209E+01    0.15537E-01
    0.32860E+01    0.14786E-01
    0.33523E+01    0.14071E-01
    0.34201E+01    0.13389E-01
    0.34892E+01    0.12741E-01
    0.35596E+01    0.12122E-01
    0.36316E+01    0.11534E-01
    0.37049E+01    0.10973E-01
    0.37798E+01    0.10439E-01
    0.38561E+01    0.99312E-02
    0.39340E+01    0.94472E-02
    0.40135E+01    0.89864E-02
    0.40946E+01    0.85477E-02
    0.41773E+01    0.81301E-02
    0.42617E+01    0.77325E-02
    0.43478E+01    0.73541E-02
    0.44356E+01    0.69939E-02
    0.45252E+01    0.66510E-02
    0.46166E+01    0.63247E-02
    0.47099E+01    0.60141E-02
    0.48050E+01    0.57185E-02
    0.49021E+01    0.54373E-02
    0.50011E+01    0.51696E-02
    0.51021E+01    0.49150E-02
    0.52052E+01    0.46727E-02
    0.53104E+01    0.44421E-02
    0.54176E+01    0.42228E-02
    0.55271E+01    0.40141E-02
    0.56387E+01    0.38156E-02
    0.57526E+01    0.36268E-02
    0.58689E+01    0.34471E-02
    0.59874E+01    0.32763E-02
    0.61084E+01    0.31138E-02
    0.62318E+01    0.29592E-02
    0.63577E+01    0.28122E-02
    0.64861E+01    0.26724E-02
    0.66171E+01    0.25395E-02
    0.67508E+01    0.24131E-02
    0.68872E+01    0.22929E-02
    0.70263E+01    0.21786E-02
    0.71682E+01    0.20699E-02
    0.73130E+01    0.19666E-02
    0.74608E+01    0.18684E-02
    0.76115E+01    0.17750E-02
    0.77653E+01    0.16862E-02
    0.79221E+01    0.16018E-02
    0.80822E+01    0.15216E-02
    0.82454E+01    0.14454E-02
    0.84120E+01    0.13729E-02
    0.85819E+01    0.13040E-02
    0.87553E+01    0.12385E-02
    0.89322E+01    0.11763E-02
    0.91126E+01    0.11172E-02
    0.92967E+01    0.10610E-02
    0.94845E+01    0.10076E-02
    0.96761E+01    0.95680E-03
    0.98716E+01    0.90858E-03
    0.10071E+02    0.86277E-03
    0.10274E+02    0.81924E-03
    0.10482E+02    0.77788E-03
    0.10694E+02    0.73858E-03
    0.10910E+02    0.70124E-03
    0.11130E+02    0.66578E-03
    0.11355E+02    0.63209E-03
    0.11584E+02    0.60009E-03
    0.11818E+02    0.56968E-03
    0.12057E+02    0.54080E-03
    0.12301E+02    0.51337E-03
    0.12549E+02    0.48732E-03
    0.12803E+02    0.46258E-03
    0.13061E+02    0.43908E-03
    0.13325E+02    0.41676E-03
    0.13594E+02    0.39556E-03
    0.13869E+02    0.37543E-03
    0.14149E+02    0.35632E-03
    0.14435E+02    0.33817E-03
    0.14727E+02    0.32093E-03
    0.15024E+02    0.30457E-03
    0.15328E+02    0.28903E-03
    0.15637E+02    0.27428E-03
    0.15953E+02    0.26027E-03
    0.16275E+02    0.24697E-03
    0.16604E+02    0.23434E-03
    0.16940E+02    0.22236E-03
    0.17282E+02    0.21098E-03
    0.17631E+02    0.20018E-03
    0.17987E+02    0.18992E-03
    0.18351E+02    0.18019E-03
    0.18721E+02    0.17095E-03
    0.19099E+02    0.16218E-03
    0.19485E+02    0.15386E-03
    0.19879E+02    0.14596E-03
    0.20280E+02    0.13846E-03
    0.20690E+02    0.13135E-03
    0.21108E+02    0.12459E-03
    0.21535E+02    0.11818E-03
    0.21970E+02    0.11210E-03
    0.22413E+02    0.10633E-03
    0.22866E+02    0.10085E-03
    0.23328E+02    0.95655E-04
    0.23799E+02    0.90723E-04
    0.24280E+02    0.86044E-04
    0.24771E+02    0.81604E-04
    0.25271E+02    0.77391E-04
    0.25782E+02    0.73394E-04
    0.26302E+02    0.69602E-04
    0.26834E+02    0.66004E-04
    0.27376E+02    0.62591E-04
    0.27929E+02    0.59353E-04
    0.28493E+02    0.56281E-04
    0.29069E+02    0.53367E-04
    0.29656E+02    0.50603E-04
    0.30255E+02    0.47981E-04
    0.30866E+02    0.45494E-04
    0.31490E+02    0.43134E-04
    0.32126E+02    0.40896E-04
    0.32775E+02    0.38774E-04
    0.33437E+02    0.36761E-04
    0.34112E+02    0.34851E-04
    0.34801E+02    0.33040E-04
    0.35504E+02    0.31323E-04
    0.36222E+02    0.29694E-04
    0.36953E+02    0.28149E-04
    0.37700E+02    0.26684E-04
    0.38462E+02    0.25295E-04
    0.39239E+02    0.23978E-04
    0.40031E+02    0.22728E-04
    0.40840E+02    0.21544E-04
    0.41665E+02    0.20420E-04
    0.42507E+02    0.19355E-04
    0.43365E+02    0.18345E-04
    0.44241E+02    0.17388E-04
    0.45135E+02    0.16480E-04
    0.46047E+02    0.15619E-04
    0.46977E+02    0.14803E-04
    0.47926E+02    0.14029E-04
    0.48894E+02    0.13296E-04
    0.49882E+02    0.12600E-04
    0.50890E+02    0.11941E-04
    0.51918E+02    0.11316E-04
    0.52966E+02    0.10723E-04
    0.54036E+02    0.10162E-04
    0.55128E+02    0.96291E-05
    0.56242E+02    0.91244E-05
    0.57378E+02    0.86460E-05
    0.58537E+02    0.81925E-05
    0.59720E+02    0.77627E-05
    0.60926E+02    0.73552E-05
    0.62157E+02    0.69691E-05
    0.63412E+02    0.66031E-05
    0.64693E+02    0.62562E-05
    0.66000E+02    0.59274E-05
    0.67334E+02    0.56158E-05
    0.68694E+02    0.53205E-05
    0.70082E+02    0.50406E-05
    0.71497E+02    0.47754E-05
    0.72942E+02    0.45241E-05
    0.74415E+02    0.42859E-05
    0.75918E+02    0.40601E-05
    0.77452E+02    0.38462E-05
    0.79017E+02    0.36435E-05
    0.80613E+02    0.34515E-05
    0.82241E+02    0.32695E-05
    0.83903E+02    0.30970E-05
    0.85598E+02    0.29336E-05
    0.87327E+02    0.27788E-05
    0.89091E+02    0.26321E-05
    0.90891E+02    0.24931E-05
    0.92727E+02    0.23614E-05
    0.94600E+02    0.22366E-05
    0.96511E+02    0.21184E-05
    0.98461E+02    0.20064E-05
    0.10045E+03    0.19003E-05
    0.10248E+03    0.17998E-05
    0.10455E+03    0.17045E-05
    0.10666E+03    0.16143E-05
    0.10882E+03    0.15288E-05
    0.11101E+03    0.14479E-05
    0.11326E+03    0.13712E-05
    0.11554E+03    0.12985E-05
    0.11788E+03    0.12297E-05
    0.12026E+03    0.11645E-05
    0.12269E+03    0.11028E-05
    0.12517E+03    0.10443E-05
    0.12770E+03    0.98885E-06
    0.13028E+03    0.93637E-06
    0.13291E+03    0.88666E-06
    0.13559E+03    0.83958E-06
    0.13833E+03    0.79498E-06
    0.14113E+03    0.75275E-06
    0.14398E+03    0.71275E-06
    0.14689E+03    0.67486E-06
    0.14985E+03    0.63898E-06
    0.15288E+03    0.60500E-06
    0.15597E+03    0.57282E-06
    0.15912E+03    0.54234E-06
    0.16233E+03    0.51347E-06
    0.16561E+03    0.48614E-06
    0.16896E+03    0.46025E-06
    0.17237E+03    0.43574E-06
    0.17585E+03    0.41253E-06
    0.17941E+03    0.39055E-06
    0.18303E+03    0.36973E-06
    0.18673E+03    0.35002E-06
    0.19050E+03    0.33135E-06
    0.19435E+03    0.31368E-06
    0.19828E+03    0.29694E-06
    0.20228E+03    0.28110E-06
    0.20637E+03    0.26609E-06
    0.21054E+03    0.25189E-06
    0.21479E+03    0.23844E-06
    0.21913E+03    0.22570E-06
    0.22356E+03    0.21364E-06
    0.22807E+03    0.20223E-06
    0.23268E+03    0.19142E-06
    0.23738E+03    0.18119E-06
    0.24217E+03    0.17150E-06
    0.24707E+03    0.16233E-06
    0.25206E+03    0.15364E-06
    0.25715E+03    0.14542E-06
    0.26234E+03    0.13764E-06
    0.26764E+03    0.13027E-06
    0.27305E+03    0.12329E-06
    0.27857E+03    0.11669E-06
    0.28419E+03    0.11044E-06
    0.28994E+03    0.10452E-06
    0.29579E+03    0.98922E-07
    0.30177E+03    0.93620E-07
    0.30786E+03    0.88601E-07
    0.31408E+03    0.83850E-07
    0.32043E+03    0.79353E-07
    0.32690E+03    0.75096E-07
    0.33351E+03    0.71067E-07
    0.34024E+03    0.67253E-07
    0.34712E+03    0.63643E-07
    0.35413E+03    0.60226E-07
    0.36128E+03    0.56992E-07
    0.36858E+03    0.53931E-07
    0.37603E+03    0.51034E-07
    0.38362E+03    0.48291E-07
    0.39137E+03    0.45696E-07
    0.39928E+03    0.43239E-07
    0.40734E+03    0.40915E-07
    0.41557E+03    0.38715E-07
    0.42397E+03    0.36632E-07
    0.43253E+03    0.34662E-07
    0.44127E+03    0.32797E-07
    0.45019E+03    0.31032E-07
    0.45928E+03    0.29361E-07
    0.46856E+03    0.27781E-07
    0.47802E+03    0.26285E-07
    0.48768E+03    0.24869E-07
    0.49753E+03    0.23530E-07
    0.50758E+03    0.22262E-07
    0.51784E+03    0.21062E-07
    0.52830E+03    0.19927E-07
    0.53897E+03    0.18853E-07
    0.54986E+03    0.17836E-07
    0.56097E+03    0.16874E-07
    0.57230E+03    0.15964E-07
    0.58386E+03    0.15103E-07
    0.59565E+03    0.14288E-07
    0.60769E+03    0.13517E-07
    0.61996E+03    0.12788E-07
    0.63249E+03    0.12097E-07
    0.64526E+03    0.11444E-07
    0.65830E+03    0.10826E-07
    0.67160E+03    0.10241E-07
    0.68516E+03    0.96880E-08
    0.69901E+03    0.91646E-08
    0.71313E+03    0.86693E-08
    0.72753E+03    0.82007E-08
    0.74223E+03    0.77574E-08
    0.75722E+03    0.73380E-08
    0.77252E+03    0.69411E-08
    0.78813E+03    0.65657E-08
    0.80405E+03    0.62105E-08
    0.82029E+03    0.58745E-08
    0.83686E+03    0.55566E-08
    0.85377E+03    0.52558E-08
    0.87101E+03    0.49713E-08
    0.88861E+03    0.47022E-08
    0.90656E+03    0.44476E-08
    0.92488E+03    0.42067E-08
    0.94356E+03    0.39788E-08
    0.96262E+03    0.37633E-08
    0.98207E+03    0.35593E-08
    0.10019E+04    0.33665E-08
    0.10221E+04    0.31840E-08
    0.10428E+04    0.30114E-08
    0.10639E+04    0.28481E-08
    0.10854E+04    0.26937E-08
    0.11073E+04    0.25476E-08
    0.11296E+04    0.24094E-08
    0.11525E+04    0.22786E-08
    0.11757E+04    0.21550E-08
    0.11995E+04    0.20381E-08
    0.12237E+04    0.19274E-08
    0.12485E+04    0.18228E-08
    0.12737E+04    0.17238E-08
    0.12994E+04    0.16302E-08
    0.13257E+04    0.15417E-08
    0.13524E+04    0.14579E-08
    0.13798E+04    0.13787E-08
    0.14076E+04    0.13038E-08
    0.14361E+04    0.12330E-08
    0.14651E+04    0.11660E-08
    0.14947E+04    0.11026E-08
    0.15249E+04    0.10426E-08
    0.15557E+04    0.98593E-09
    0.15871E+04    0.93231E-09
    0.16192E+04    0.88160E-09
    0.16519E+04    0.83365E-09
    0.16852E+04    0.78829E-09
    0.17193E+04    0.74540E-09
    0.17540E+04    0.70483E-09
    0.17894E+04    0.66647E-09
    0.18256E+04    0.63019E-09
    0.18625E+04    0.59588E-09
    0.19001E+04    0.56343E-09
    0.19385E+04    0.53274E-09
    0.19776E+04    0.50373E-09
    0.20176E+04    0.47629E-09
    0.20583E+04    0.45034E-09
    0.20999E+04    0.42580E-09
    0.21424E+04    0.40259E-09
    0.21856E+04    0.38065E-09
    0.22298E+04    0.35990E-09
    0.22748E+04    0.34028E-09
    0.23208E+04    0.32172E-09
    0.23677E+04    0.30418E-09
    0.24155E+04    0.28759E-09
    0.24643E+04    0.27190E-09
    0.25141E+04    0.25707E-09
    0.25649E+04    0.24304E-09
    0.26167E+04    0.22978E-09
    0.26695E+04    0.21724E-09
    0.27235E+04    0.20538E-09
    0.27785E+04    0.19417E-09
    0.28346E+04    0.18357E-09
    0.28919E+04    0.17354E-09
    0.29503E+04    0.16406E-09
    0.30099E+04    0.15510E-09
    0.30707E+04    0.14663E-09
    0.31327E+04    0.13862E-09
    0.31960E+04    0.13105E-09
    0.32606E+04    0.12388E-09
    0.33264E+04    0.11711E-09
    0.33936E+04    0.11071E-09
    0.34622E+04    0.10466E-09
    0.35321E+04    0.98937E-10
    0.36035E+04    0.93528E-10
    0.36763E+04    0.88413E-10
    0.37506E+04    0.83577E-10
    0.38263E+04    0.79005E-10
    0.39036E+04    0.74683E-10
    0.39825E+04    0.70597E-10
    0.40629E+04    0.66734E-10
    0.41450E+04    0.63082E-10
    0.42287E+04    0.59629E-10
    0.43142E+04    0.56365E-10
    0.44013E+04    0.53279E-10
    0.44902E+04    0.50362E-10
    0.45809E+04    0.47604E-10
    0.46735E+04    0.44997E-10
    0.47679E+04    0.42532E-10
    0.48642E+04    0.40203E-10
    0.49625E+04    0.38000E-10
    0.50627E+04    0.35918E-10
    0.51650E+04    0.33950E-10
    0.52693E+04    0.32089E-10
    0.53758E+04    0.30331E-10
    0.54844E+04    0.28668E-10
    0.55952E+04    0.27096E-10
    0.57082E+04    0.25611E-10
    0.58235E+04    0.24206E-10
    0.59412E+04    0.22879E-10
    0.60612E+04    0.21624E-10
    0.61836E+04    0.20438E-10
    0.63085E+04    0.19317E-10
    0.64360E+04    0.18257E-10
    0.65660E+04    0.17255E-10
    0.66986E+04    0.16308E-10
    0.68340E+04    0.15413E-10
    0.69720E+04    0.14567E-10
