    0.10000E-03    0.68736E-01
    0.10202E-03    0.70143E-01
    0.10408E-03    0.71578E-01
    0.10618E-03    0.73042E-01
    0.10833E-03    0.74534E-01
    0.11052E-03    0.76057E-01
    0.11275E-03    0.77610E-01
    0.11503E-03    0.79194E-01
    0.11735E-03    0.80809E-01
    0.11972E-03    0.82457E-01
    0.12214E-03    0.84138E-01
    0.12461E-03    0.85853E-01
    0.12712E-03    0.87601E-01
    0.12969E-03    0.89385E-01
    0.13231E-03    0.91205E-01
    0.13499E-03    0.93061E-01
    0.13771E-03    0.94954E-01
    0.14049E-03    0.96885E-01
    0.14333E-03    0.98855E-01
    0.14623E-03    0.10086E+00
    0.14918E-03    0.10291E+00
    0.15220E-03    0.10500E+00
    0.15527E-03    0.10714E+00
    0.15841E-03    0.10931E+00
    0.16161E-03    0.11153E+00
    0.16487E-03    0.11380E+00
    0.16820E-03    0.11611E+00
    0.17160E-03    0.11846E+00
    0.17507E-03    0.12086E+00
    0.17860E-03    0.12332E+00
    0.18221E-03    0.12582E+00
    0.18589E-03    0.12837E+00
    0.18965E-03    0.13097E+00
    0.19348E-03    0.13362E+00
    0.19739E-03    0.13633E+00
    0.20138E-03    0.13909E+00
    0.20544E-03    0.14191E+00
    0.20959E-03    0.14478E+00
    0.21383E-03    0.14772E+00
    0.21815E-03    0.15071E+00
    0.22255E-03    0.15376E+00
    0.22705E-03    0.15687E+00
    0.23164E-03    0.16005E+00
    0.23632E-03    0.16329E+00
    0.24109E-03    0.16659E+00
    0.24596E-03    0.16996E+00
    0.25093E-03    0.17340E+00
    0.25600E-03    0.17691E+00
    0.26117E-03    0.18048E+00
    0.26645E-03    0.18413E+00
    0.27183E-03    0.18786E+00
    0.27732E-03    0.19166E+00
    0.28292E-03    0.19553E+00
    0.28864E-03    0.19948E+00
    0.29447E-03    0.20351E+00
    0.30042E-03    0.20763E+00
    0.30649E-03    0.21182E+00
    0.31268E-03    0.21610E+00
    0.31899E-03    0.22047E+00
    0.32544E-03    0.22492E+00
    0.33201E-03    0.22947E+00
    0.33872E-03    0.23410E+00
    0.34556E-03    0.23883E+00
    0.35254E-03    0.24365E+00
    0.35966E-03    0.24857E+00
    0.36693E-03    0.25359E+00
    0.37434E-03    0.25871E+00
    0.38190E-03    0.26393E+00
    0.38962E-03    0.26926E+00
    0.39749E-03    0.27470E+00
    0.40552E-03    0.28024E+00
    0.41371E-03    0.28589E+00
    0.42207E-03    0.29166E+00
    0.43060E-03    0.29754E+00
    0.43929E-03    0.30355E+00
    0.44817E-03    0.30967E+00
    0.45722E-03    0.31591E+00
    0.46646E-03    0.32228E+00
    0.47588E-03    0.32878E+00
    0.48550E-03    0.33540E+00
    0.49530E-03    0.34216E+00
    0.50531E-03    0.34906E+00
    0.51552E-03    0.35609E+00
    0.52593E-03    0.36327E+00
    0.53656E-03    0.37058E+00
    0.54739E-03    0.37805E+00
    0.55845E-03    0.38566E+00
    0.56973E-03    0.39342E+00
    0.58124E-03    0.40134E+00
    0.59299E-03    0.40942E+00
    0.60496E-03    0.41766E+00
    0.61719E-03    0.42606E+00
    0.62965E-03    0.43463E+00
    0.64237E-03    0.44337E+00
    0.65535E-03    0.45228E+00
    0.66859E-03    0.46138E+00
    0.68210E-03    0.47065E+00
    0.69588E-03    0.48010E+00
    0.70993E-03    0.48975E+00
    0.72427E-03    0.49958E+00
    0.73891E-03    0.50961E+00
    0.75383E-03    0.51984E+00
    0.76906E-03    0.53027E+00
    0.78460E-03    0.54091E+00
    0.80045E-03    0.55176E+00
    0.81662E-03    0.56282E+00
    0.83311E-03    0.57410E+00
    0.84994E-03    0.58560E+00
    0.86711E-03    0.59733E+00
    0.88463E-03    0.60928E+00
    0.90250E-03    0.62148E+00
    0.92073E-03    0.63391E+00
    0.93933E-03    0.64658E+00
    0.95831E-03    0.65951E+00
    0.97767E-03    0.67268E+00
    0.99742E-03    0.68611E+00
    0.10176E-02    0.69981E+00
    0.10381E-02    0.71377E+00
    0.10591E-02    0.72800E+00
    0.10805E-02    0.74251E+00
    0.11023E-02    0.75730E+00
    0.11246E-02    0.77237E+00
    0.11473E-02    0.78773E+00
    0.11705E-02    0.80339E+00
    0.11941E-02    0.81935E+00
    0.12182E-02    0.83562E+00
    0.12429E-02    0.85220E+00
    0.12680E-02    0.86909E+00
    0.12936E-02    0.88631E+00
    0.13197E-02    0.90385E+00
    0.13464E-02    0.92173E+00
    0.13736E-02    0.93994E+00
    0.14013E-02    0.95850E+00
    0.14296E-02    0.97740E+00
    0.14585E-02    0.99666E+00
    0.14880E-02    0.10163E+01
    0.15180E-02    0.10363E+01
    0.15487E-02    0.10566E+01
    0.15800E-02    0.10773E+01
    0.16119E-02    0.10985E+01
    0.16445E-02    0.11200E+01
    0.16777E-02    0.11418E+01
    0.17116E-02    0.11641E+01
    0.17462E-02    0.11868E+01
    0.17814E-02    0.12099E+01
    0.18174E-02    0.12334E+01
    0.18541E-02    0.12574E+01
    0.18916E-02    0.12817E+01
    0.19298E-02    0.13065E+01
    0.19688E-02    0.13318E+01
    0.20086E-02    0.13574E+01
    0.20491E-02    0.13835E+01
    0.20905E-02    0.14101E+01
    0.21328E-02    0.14371E+01
    0.21758E-02    0.14646E+01
    0.22198E-02    0.14925E+01
    0.22646E-02    0.15209E+01
    0.23104E-02    0.15498E+01
    0.23571E-02    0.15791E+01
    0.24047E-02    0.16090E+01
    0.24533E-02    0.16393E+01
    0.25028E-02    0.16701E+01
    0.25534E-02    0.17014E+01
    0.26050E-02    0.17331E+01
    0.26576E-02    0.17654E+01
    0.27113E-02    0.17982E+01
    0.27660E-02    0.18314E+01
    0.28219E-02    0.18652E+01
    0.28789E-02    0.18994E+01
    0.29371E-02    0.19341E+01
    0.29964E-02    0.19694E+01
    0.30569E-02    0.20051E+01
    0.31187E-02    0.20413E+01
    0.31817E-02    0.20781E+01
    0.32460E-02    0.21153E+01
    0.33115E-02    0.21530E+01
    0.33784E-02    0.21911E+01
    0.34467E-02    0.22298E+01
    0.35163E-02    0.22689E+01
    0.35874E-02    0.23085E+01
    0.36598E-02    0.23486E+01
    0.37338E-02    0.23891E+01
    0.38092E-02    0.24301E+01
    0.38861E-02    0.24714E+01
    0.39646E-02    0.25133E+01
    0.40447E-02    0.25555E+01
    0.41264E-02    0.25981E+01
    0.42098E-02    0.26412E+01
    0.42948E-02    0.26846E+01
    0.43816E-02    0.27284E+01
    0.44701E-02    0.27725E+01
    0.45604E-02    0.28170E+01
    0.46525E-02    0.28617E+01
    0.47465E-02    0.29068E+01
    0.48424E-02    0.29522E+01
    0.49402E-02    0.29978E+01
    0.50400E-02    0.30436E+01
    0.51419E-02    0.30897E+01
    0.52457E-02    0.31360E+01
    0.53517E-02    0.31824E+01
    0.54598E-02    0.32290E+01
    0.55701E-02    0.32757E+01
    0.56826E-02    0.33224E+01
    0.57974E-02    0.33693E+01
    0.59145E-02    0.34162E+01
    0.60340E-02    0.34630E+01
    0.61559E-02    0.35099E+01
    0.62803E-02    0.35567E+01
    0.64072E-02    0.36034E+01
    0.65366E-02    0.36500E+01
    0.66686E-02    0.36964E+01
    0.68033E-02    0.37426E+01
    0.69408E-02    0.37886E+01
    0.70810E-02    0.38344E+01
    0.72240E-02    0.38798E+01
    0.73700E-02    0.39249E+01
    0.75189E-02    0.39697E+01
    0.76708E-02    0.40140E+01
    0.78257E-02    0.40579E+01
    0.79838E-02    0.41013E+01
    0.81451E-02    0.41442E+01
    0.83096E-02    0.41865E+01
    0.84775E-02    0.42282E+01
    0.86488E-02    0.42692E+01
    0.88235E-02    0.43096E+01
    0.90017E-02    0.43492E+01
    0.91836E-02    0.43880E+01
    0.93691E-02    0.44261E+01
    0.95583E-02    0.44632E+01
    0.97514E-02    0.44994E+01
    0.99484E-02    0.45347E+01
    0.10149E-01    0.45689E+01
    0.10354E-01    0.46021E+01
    0.10564E-01    0.46342E+01
    0.10777E-01    0.46651E+01
    0.10995E-01    0.46948E+01
    0.11217E-01    0.47232E+01
    0.11443E-01    0.47502E+01
    0.11675E-01    0.47759E+01
    0.11910E-01    0.48002E+01
    0.12151E-01    0.48229E+01
    0.12397E-01    0.48440E+01
    0.12647E-01    0.48636E+01
    0.12902E-01    0.48814E+01
    0.13163E-01    0.48976E+01
    0.13429E-01    0.49119E+01
    0.13700E-01    0.49243E+01
    0.13977E-01    0.49348E+01
    0.14259E-01    0.49434E+01
    0.14547E-01    0.49499E+01
    0.14841E-01    0.49543E+01
    0.15141E-01    0.49566E+01
    0.15447E-01    0.49567E+01
    0.15759E-01    0.49545E+01
    0.16077E-01    0.49500E+01
    0.16402E-01    0.49432E+01
    0.16734E-01    0.49340E+01
    0.17072E-01    0.49225E+01
    0.17416E-01    0.49085E+01
    0.17768E-01    0.48922E+01
    0.18127E-01    0.48733E+01
    0.18493E-01    0.48520E+01
    0.18867E-01    0.48281E+01
    0.19248E-01    0.48018E+01
    0.19637E-01    0.47729E+01
    0.20034E-01    0.47416E+01
    0.20438E-01    0.47077E+01
    0.20851E-01    0.46714E+01
    0.21272E-01    0.46327E+01
    0.21702E-01    0.45915E+01
    0.22141E-01    0.45480E+01
    0.22588E-01    0.45022E+01
    0.23044E-01    0.44542E+01
    0.23510E-01    0.44040E+01
    0.23985E-01    0.43516E+01
    0.24469E-01    0.42973E+01
    0.24964E-01    0.42411E+01
    0.25468E-01    0.41831E+01
    0.25982E-01    0.41235E+01
    0.26507E-01    0.40622E+01
    0.27043E-01    0.39996E+01
    0.27589E-01    0.39357E+01
    0.28146E-01    0.38709E+01
    0.28715E-01    0.38050E+01
    0.29295E-01    0.37379E+01
    0.29887E-01    0.36711E+01
    0.30490E-01    0.36048E+01
    0.31106E-01    0.35332E+01
    0.31735E-01    0.34630E+01
    0.32376E-01    0.34151E+01
    0.33030E-01    0.33715E+01
    0.33697E-01    0.33062E+01
    0.34378E-01    0.32350E+01
    0.35072E-01    0.31695E+01
    0.35781E-01    0.31053E+01
    0.36504E-01    0.30414E+01
    0.37241E-01    0.29792E+01
    0.37993E-01    0.29191E+01
    0.38761E-01    0.28606E+01
    0.39544E-01    0.28032E+01
    0.40343E-01    0.27495E+01
    0.41158E-01    0.26997E+01
    0.41989E-01    0.26419E+01
    0.42838E-01    0.25775E+01
    0.43703E-01    0.25256E+01
    0.44586E-01    0.24842E+01
    0.45486E-01    0.24426E+01
    0.46405E-01    0.24020E+01
    0.47343E-01    0.23641E+01
    0.48299E-01    0.23287E+01
    0.49275E-01    0.22942E+01
    0.50270E-01    0.22605E+01
    0.51286E-01    0.22338E+01
    0.52322E-01    0.22132E+01
    0.53379E-01    0.21884E+01
    0.54457E-01    0.21600E+01
    0.55557E-01    0.21336E+01
    0.56680E-01    0.21076E+01
    0.57825E-01    0.20811E+01
    0.58993E-01    0.20553E+01
    0.60184E-01    0.20263E+01
    0.61400E-01    0.19908E+01
    0.62641E-01    0.19555E+01
    0.63906E-01    0.19230E+01
    0.65197E-01    0.18887E+01
    0.66514E-01    0.18511E+01
    0.67858E-01    0.18110E+01
    0.69229E-01    0.17708E+01
    0.70627E-01    0.17299E+01
    0.72054E-01    0.16851E+01
    0.73510E-01    0.16366E+01
    0.74994E-01    0.15864E+01
    0.76509E-01    0.15345E+01
    0.78055E-01    0.14812E+01
    0.79632E-01    0.14273E+01
    0.81241E-01    0.13733E+01
    0.82882E-01    0.13200E+01
    0.84556E-01    0.12682E+01
    0.86264E-01    0.12184E+01
    0.88007E-01    0.11711E+01
    0.89785E-01    0.11267E+01
    0.91598E-01    0.10857E+01
    0.93449E-01    0.10480E+01
    0.95337E-01    0.10139E+01
    0.97263E-01    0.98334E+00
    0.99227E-01    0.95631E+00
    0.10123E+00    0.93266E+00
    0.10328E+00    0.91215E+00
    0.10536E+00    0.89441E+00
    0.10749E+00    0.87890E+00
    0.10966E+00    0.86490E+00
    0.11188E+00    0.85161E+00
    0.11414E+00    0.83816E+00
    0.11644E+00    0.82383E+00
    0.11880E+00    0.80800E+00
    0.12120E+00    0.79023E+00
    0.12365E+00    0.77020E+00
    0.12614E+00    0.74774E+00
    0.12869E+00    0.72292E+00
    0.13129E+00    0.69597E+00
    0.13394E+00    0.66743E+00
    0.13665E+00    0.63796E+00
    0.13941E+00    0.60839E+00
    0.14223E+00    0.57961E+00
    0.14510E+00    0.55248E+00
    0.14803E+00    0.52772E+00
    0.15102E+00    0.50581E+00
    0.15407E+00    0.48697E+00
    0.15718E+00    0.47116E+00
    0.16036E+00    0.45809E+00
    0.16360E+00    0.44723E+00
    0.16690E+00    0.43787E+00
    0.17028E+00    0.42923E+00
    0.17371E+00    0.42054E+00
    0.17722E+00    0.41105E+00
    0.18080E+00    0.40016E+00
    0.18446E+00    0.38751E+00
    0.18818E+00    0.37317E+00
    0.19198E+00    0.35752E+00
    0.19586E+00    0.34119E+00
    0.19982E+00    0.32489E+00
    0.20386E+00    0.30932E+00
    0.20797E+00    0.29516E+00
    0.21218E+00    0.28288E+00
    0.21646E+00    0.27260E+00
    0.22083E+00    0.26406E+00
    0.22530E+00    0.25678E+00
    0.22985E+00    0.25014E+00
    0.23449E+00    0.24354E+00
    0.23923E+00    0.23641E+00
    0.24406E+00    0.22843E+00
    0.24899E+00    0.21956E+00
    0.25402E+00    0.21010E+00
    0.25915E+00    0.20049E+00
    0.26439E+00    0.19129E+00
    0.26973E+00    0.18290E+00
    0.27518E+00    0.17559E+00
    0.28074E+00    0.16932E+00
    0.28641E+00    0.16381E+00
    0.29219E+00    0.15864E+00
    0.29810E+00    0.15343E+00
    0.30412E+00    0.14792E+00
    0.31026E+00    0.14206E+00
    0.31653E+00    0.13598E+00
    0.32292E+00    0.13000E+00
    0.32945E+00    0.12439E+00
    0.33610E+00    0.11933E+00
    0.34289E+00    0.11480E+00
    0.34982E+00    0.11067E+00
    0.35689E+00    0.10667E+00
    0.36409E+00    0.10264E+00
    0.37145E+00    0.98509E-01
    0.37895E+00    0.94362E-01
    0.38661E+00    0.90330E-01
    0.39442E+00    0.86558E-01
    0.40239E+00    0.83080E-01
    0.41052E+00    0.79849E-01
    0.41881E+00    0.76745E-01
    0.42727E+00    0.73684E-01
    0.43590E+00    0.70641E-01
    0.44471E+00    0.67664E-01
    0.45369E+00    0.64820E-01
    0.46286E+00    0.62144E-01
    0.47221E+00    0.59623E-01
    0.48174E+00    0.57200E-01
    0.49148E+00    0.54842E-01
    0.50141E+00    0.52540E-01
    0.51153E+00    0.50321E-01
    0.52187E+00    0.48206E-01
    0.53241E+00    0.46195E-01
    0.54317E+00    0.44270E-01
    0.55414E+00    0.42409E-01
    0.56533E+00    0.40612E-01
    0.57675E+00    0.38884E-01
    0.58840E+00    0.37233E-01
    0.60029E+00    0.35654E-01
    0.61242E+00    0.34138E-01
    0.62479E+00    0.32678E-01
    0.63741E+00    0.31276E-01
    0.65029E+00    0.29933E-01
    0.66342E+00    0.28647E-01
    0.67683E+00    0.27413E-01
    0.69050E+00    0.26229E-01
    0.70445E+00    0.25092E-01
    0.71868E+00    0.24004E-01
    0.73320E+00    0.22961E-01
    0.74801E+00    0.21961E-01
    0.76312E+00    0.21002E-01
    0.77854E+00    0.20083E-01
    0.79426E+00    0.19203E-01
    0.81031E+00    0.18360E-01
    0.82668E+00    0.17552E-01
    0.84338E+00    0.16778E-01
    0.86041E+00    0.16037E-01
    0.87780E+00    0.15328E-01
    0.89553E+00    0.14648E-01
    0.91362E+00    0.13998E-01
    0.93208E+00    0.13375E-01
    0.95091E+00    0.12779E-01
    0.97011E+00    0.12209E-01
    0.98971E+00    0.11663E-01
    0.10097E+01    0.11140E-01
    0.10301E+01    0.10640E-01
    0.10509E+01    0.10162E-01
    0.10721E+01    0.97044E-02
    0.10938E+01    0.92666E-02
    0.11159E+01    0.88480E-02
    0.11384E+01    0.84476E-02
    0.11614E+01    0.80647E-02
    0.11849E+01    0.76987E-02
    0.12088E+01    0.73487E-02
    0.12333E+01    0.70140E-02
    0.12582E+01    0.66941E-02
    0.12836E+01    0.63884E-02
    0.13095E+01    0.60962E-02
    0.13360E+01    0.58169E-02
    0.13630E+01    0.55501E-02
    0.13905E+01    0.52951E-02
    0.14186E+01    0.50515E-02
    0.14472E+01    0.48187E-02
    0.14765E+01    0.45963E-02
    0.15063E+01    0.43839E-02
    0.15367E+01    0.41810E-02
    0.15678E+01    0.39873E-02
    0.15994E+01    0.38023E-02
    0.16318E+01    0.36257E-02
    0.16647E+01    0.34570E-02
    0.16984E+01    0.32960E-02
    0.17327E+01    0.31422E-02
    0.17677E+01    0.29955E-02
    0.18034E+01    0.28554E-02
    0.18398E+01    0.27217E-02
    0.18770E+01    0.25941E-02
    0.19149E+01    0.24724E-02
    0.19536E+01    0.23562E-02
    0.19930E+01    0.22453E-02
    0.20333E+01    0.21395E-02
    0.20744E+01    0.20386E-02
    0.21163E+01    0.19424E-02
    0.21590E+01    0.18505E-02
    0.22026E+01    0.17629E-02
    0.22471E+01    0.16794E-02
    0.22925E+01    0.15998E-02
    0.23388E+01    0.15238E-02
    0.23861E+01    0.14513E-02
    0.24343E+01    0.13823E-02
    0.24835E+01    0.13164E-02
    0.25336E+01    0.12536E-02
    0.25848E+01    0.11937E-02
    0.26370E+01    0.11367E-02
    0.26903E+01    0.10823E-02
    0.27447E+01    0.10304E-02
    0.28001E+01    0.98103E-03
    0.28567E+01    0.93394E-03
    0.29144E+01    0.88907E-03
    0.29733E+01    0.84631E-03
    0.30333E+01    0.80557E-03
    0.30946E+01    0.76674E-03
    0.31571E+01    0.72975E-03
    0.32209E+01    0.69451E-03
    0.32860E+01    0.66095E-03
    0.33523E+01    0.62897E-03
    0.34201E+01    0.59851E-03
    0.34892E+01    0.56951E-03
    0.35596E+01    0.54188E-03
    0.36316E+01    0.51557E-03
    0.37049E+01    0.49051E-03
    0.37798E+01    0.46665E-03
    0.38561E+01    0.44393E-03
    0.39340E+01    0.42229E-03
    0.40135E+01    0.40170E-03
    0.40946E+01    0.38209E-03
    0.41773E+01    0.36342E-03
    0.42617E+01    0.34565E-03
    0.43478E+01    0.32873E-03
    0.44356E+01    0.31263E-03
    0.45252E+01    0.29730E-03
    0.46166E+01    0.28272E-03
    0.47099E+01    0.26883E-03
    0.48050E+01    0.25562E-03
    0.49021E+01    0.24305E-03
    0.50011E+01    0.23109E-03
    0.51021E+01    0.21970E-03
    0.52052E+01    0.20887E-03
    0.53104E+01    0.19857E-03
    0.54176E+01    0.18876E-03
    0.55271E+01    0.17943E-03
    0.56387E+01    0.17056E-03
    0.57526E+01    0.16212E-03
    0.58689E+01    0.15409E-03
    0.59874E+01    0.14645E-03
    0.61084E+01    0.13919E-03
    0.62318E+01    0.13228E-03
    0.63577E+01    0.12571E-03
    0.64861E+01    0.11946E-03
    0.66171E+01    0.11352E-03
    0.67508E+01    0.10787E-03
    0.68872E+01    0.10249E-03
    0.70263E+01    0.97386E-04
    0.71682E+01    0.92528E-04
    0.73130E+01    0.87909E-04
    0.74608E+01    0.83518E-04
    0.76115E+01    0.79344E-04
    0.77653E+01    0.75376E-04
    0.79221E+01    0.71603E-04
    0.80822E+01    0.68018E-04
    0.82454E+01    0.64609E-04
    0.84120E+01    0.61369E-04
    0.85819E+01    0.58289E-04
    0.87553E+01    0.55363E-04
    0.89322E+01    0.52581E-04
    0.91126E+01    0.49938E-04
    0.92967E+01    0.47426E-04
    0.94845E+01    0.45038E-04
    0.96761E+01    0.42770E-04
    0.98716E+01    0.40614E-04
    0.10071E+02    0.38567E-04
    0.10274E+02    0.36621E-04
    0.10482E+02    0.34772E-04
    0.10694E+02    0.33015E-04
    0.10910E+02    0.31346E-04
    0.11130E+02    0.29761E-04
    0.11355E+02    0.28255E-04
    0.11584E+02    0.26824E-04
    0.11818E+02    0.25465E-04
    0.12057E+02    0.24174E-04
    0.12301E+02    0.22948E-04
    0.12549E+02    0.21784E-04
    0.12803E+02    0.20678E-04
    0.13061E+02    0.19627E-04
    0.13325E+02    0.18629E-04
    0.13594E+02    0.17682E-04
    0.13869E+02    0.16782E-04
    0.14149E+02    0.15928E-04
    0.14435E+02    0.15116E-04
    0.14727E+02    0.14346E-04
    0.15024E+02    0.13614E-04
    0.15328E+02    0.12920E-04
    0.15637E+02    0.12260E-04
    0.15953E+02    0.11634E-04
    0.16275E+02    0.11040E-04
    0.16604E+02    0.10475E-04
    0.16940E+02    0.99396E-05
    0.17282E+02    0.94310E-05
    0.17631E+02    0.89481E-05
    0.17987E+02    0.84898E-05
    0.18351E+02    0.80547E-05
    0.18721E+02    0.76417E-05
    0.19099E+02    0.72497E-05
    0.19485E+02    0.68777E-05
    0.19879E+02    0.65245E-05
    0.20280E+02    0.61894E-05
    0.20690E+02    0.58713E-05
    0.21108E+02    0.55694E-05
    0.21535E+02    0.52829E-05
    0.21970E+02    0.50110E-05
    0.22413E+02    0.47530E-05
    0.22866E+02    0.45082E-05
    0.23328E+02    0.42759E-05
    0.23799E+02    0.40554E-05
    0.24280E+02    0.38462E-05
    0.24771E+02    0.36478E-05
    0.25271E+02    0.34595E-05
    0.25782E+02    0.32808E-05
    0.26302E+02    0.31113E-05
    0.26834E+02    0.29505E-05
    0.27376E+02    0.27979E-05
    0.27929E+02    0.26532E-05
    0.28493E+02    0.25158E-05
    0.29069E+02    0.23856E-05
    0.29656E+02    0.22620E-05
    0.30255E+02    0.21448E-05
    0.30866E+02    0.20336E-05
    0.31490E+02    0.19282E-05
    0.32126E+02    0.18281E-05
    0.32775E+02    0.17332E-05
    0.33437E+02    0.16432E-05
    0.34112E+02    0.15579E-05
    0.34801E+02    0.14769E-05
    0.35504E+02    0.14002E-05
    0.36222E+02    0.13273E-05
    0.36953E+02    0.12583E-05
    0.37700E+02    0.11928E-05
    0.38462E+02    0.11307E-05
    0.39239E+02    0.10718E-05
    0.40031E+02    0.10160E-05
    0.40840E+02    0.96303E-06
    0.41665E+02    0.91281E-06
    0.42507E+02    0.86520E-06
    0.43365E+02    0.82006E-06
    0.44241E+02    0.77726E-06
    0.45135E+02    0.73667E-06
    0.46047E+02    0.69819E-06
    0.46977E+02    0.66171E-06
    0.47926E+02    0.62712E-06
    0.48894E+02    0.59432E-06
    0.49882E+02    0.56324E-06
    0.50890E+02    0.53377E-06
    0.51918E+02    0.50583E-06
    0.52966E+02    0.47934E-06
    0.54036E+02    0.45423E-06
    0.55128E+02    0.43043E-06
    0.56242E+02    0.40787E-06
    0.57378E+02    0.38649E-06
    0.58537E+02    0.36621E-06
    0.59720E+02    0.34700E-06
    0.60926E+02    0.32879E-06
    0.62157E+02    0.31153E-06
    0.63412E+02    0.29517E-06
    0.64693E+02    0.27966E-06
    0.66000E+02    0.26496E-06
    0.67334E+02    0.25103E-06
    0.68694E+02    0.23783E-06
    0.70082E+02    0.22532E-06
    0.71497E+02    0.21347E-06
    0.72942E+02    0.20223E-06
    0.74415E+02    0.19158E-06
    0.75918E+02    0.18149E-06
    0.77452E+02    0.17193E-06
    0.79017E+02    0.16287E-06
    0.80613E+02    0.15428E-06
    0.82241E+02    0.14615E-06
    0.83903E+02    0.13844E-06
    0.85598E+02    0.13114E-06
    0.87327E+02    0.12421E-06
    0.89091E+02    0.11766E-06
    0.90891E+02    0.11144E-06
    0.92727E+02    0.10556E-06
    0.94600E+02    0.99979E-07
    0.96511E+02    0.94695E-07
    0.98461E+02    0.89688E-07
    0.10045E+03    0.84945E-07
    0.10248E+03    0.80451E-07
    0.10455E+03    0.76195E-07
    0.10666E+03    0.72162E-07
    0.10882E+03    0.68341E-07
    0.11101E+03    0.64722E-07
    0.11326E+03    0.61293E-07
    0.11554E+03    0.58046E-07
    0.11788E+03    0.54969E-07
    0.12026E+03    0.52055E-07
    0.12269E+03    0.49294E-07
    0.12517E+03    0.46680E-07
    0.12770E+03    0.44203E-07
    0.13028E+03    0.41857E-07
    0.13291E+03    0.39635E-07
    0.13559E+03    0.37530E-07
    0.13833E+03    0.35537E-07
    0.14113E+03    0.33649E-07
    0.14398E+03    0.31861E-07
    0.14689E+03    0.30167E-07
    0.14985E+03    0.28563E-07
    0.15288E+03    0.27044E-07
    0.15597E+03    0.25606E-07
    0.15912E+03    0.24243E-07
    0.16233E+03    0.22953E-07
    0.16561E+03    0.21731E-07
    0.16896E+03    0.20574E-07
    0.17237E+03    0.19478E-07
    0.17585E+03    0.18441E-07
    0.17941E+03    0.17458E-07
    0.18303E+03    0.16527E-07
    0.18673E+03    0.15646E-07
    0.19050E+03    0.14812E-07
    0.19435E+03    0.14022E-07
    0.19828E+03    0.13274E-07
    0.20228E+03    0.12565E-07
    0.20637E+03    0.11895E-07
    0.21054E+03    0.11260E-07
    0.21479E+03    0.10658E-07
    0.21913E+03    0.10089E-07
    0.22356E+03    0.95502E-08
    0.22807E+03    0.90398E-08
    0.23268E+03    0.85567E-08
    0.23738E+03    0.80992E-08
    0.24217E+03    0.76662E-08
    0.24707E+03    0.72561E-08
    0.25206E+03    0.68680E-08
    0.25715E+03    0.65005E-08
    0.26234E+03    0.61526E-08
    0.26764E+03    0.58232E-08
    0.27305E+03    0.55114E-08
    0.27857E+03    0.52163E-08
    0.28419E+03    0.49368E-08
    0.28994E+03    0.46724E-08
    0.29579E+03    0.44220E-08
    0.30177E+03    0.41850E-08
    0.30786E+03    0.39606E-08
    0.31408E+03    0.37482E-08
    0.32043E+03    0.35472E-08
    0.32690E+03    0.33569E-08
    0.33351E+03    0.31768E-08
    0.34024E+03    0.30063E-08
    0.34712E+03    0.28449E-08
    0.35413E+03    0.26922E-08
    0.36128E+03    0.25476E-08
    0.36858E+03    0.24108E-08
    0.37603E+03    0.22813E-08
    0.38362E+03    0.21587E-08
    0.39137E+03    0.20427E-08
    0.39928E+03    0.19329E-08
    0.40734E+03    0.18289E-08
    0.41557E+03    0.17306E-08
    0.42397E+03    0.16375E-08
    0.43253E+03    0.15494E-08
    0.44127E+03    0.14661E-08
    0.45019E+03    0.13872E-08
    0.45928E+03    0.13125E-08
    0.46856E+03    0.12418E-08
    0.47802E+03    0.11750E-08
    0.48768E+03    0.11117E-08
    0.49753E+03    0.10518E-08
    0.50758E+03    0.99514E-09
    0.51784E+03    0.94151E-09
    0.52830E+03    0.89076E-09
    0.53897E+03    0.84275E-09
    0.54986E+03    0.79731E-09
    0.56097E+03    0.75431E-09
    0.57230E+03    0.71363E-09
    0.58386E+03    0.67513E-09
    0.59565E+03    0.63870E-09
    0.60769E+03    0.60424E-09
    0.61996E+03    0.57162E-09
    0.63249E+03    0.54076E-09
    0.64526E+03    0.51156E-09
    0.65830E+03    0.48394E-09
    0.67160E+03    0.45780E-09
    0.68516E+03    0.43307E-09
    0.69901E+03    0.40967E-09
    0.71313E+03    0.38753E-09
    0.72753E+03    0.36658E-09
    0.74223E+03    0.34677E-09
    0.75722E+03    0.32802E-09
    0.77252E+03    0.31028E-09
    0.78813E+03    0.29349E-09
    0.80405E+03    0.27762E-09
    0.82029E+03    0.26260E-09
    0.83686E+03    0.24839E-09
    0.85377E+03    0.23494E-09
    0.87101E+03    0.22223E-09
    0.88861E+03    0.21019E-09
    0.90656E+03    0.19881E-09
    0.92488E+03    0.18804E-09
    0.94356E+03    0.17786E-09
    0.96262E+03    0.16822E-09
    0.98207E+03    0.15911E-09
    0.10019E+04    0.15049E-09
    0.10221E+04    0.14233E-09
    0.10428E+04    0.13461E-09
    0.10639E+04    0.12731E-09
    0.10854E+04    0.12041E-09
    0.11073E+04    0.11388E-09
    0.11296E+04    0.10770E-09
    0.11525E+04    0.10186E-09
    0.11757E+04    0.96332E-10
    0.11995E+04    0.91104E-10
    0.12237E+04    0.86159E-10
    0.12485E+04    0.81482E-10
    0.12737E+04    0.77058E-10
    0.12994E+04    0.72874E-10
    0.13257E+04    0.68916E-10
    0.13524E+04    0.65172E-10
    0.13798E+04    0.61632E-10
    0.14076E+04    0.58283E-10
    0.14361E+04    0.55116E-10
    0.14651E+04    0.52120E-10
    0.14947E+04    0.49287E-10
    0.15249E+04    0.46607E-10
    0.15557E+04    0.44073E-10
    0.15871E+04    0.41676E-10
    0.16192E+04    0.39409E-10
    0.16519E+04    0.37265E-10
    0.16852E+04    0.35238E-10
    0.17193E+04    0.33320E-10
    0.17540E+04    0.31507E-10
    0.17894E+04    0.29792E-10
    0.18256E+04    0.28170E-10
    0.18625E+04    0.26637E-10
    0.19001E+04    0.25186E-10
    0.19385E+04    0.23814E-10
    0.19776E+04    0.22517E-10
    0.20176E+04    0.21291E-10
    0.20583E+04    0.20131E-10
    0.20999E+04    0.19034E-10
    0.21424E+04    0.17996E-10
    0.21856E+04    0.17016E-10
    0.22298E+04    0.16088E-10
    0.22748E+04    0.15211E-10
    0.23208E+04    0.14382E-10
    0.23677E+04    0.13597E-10
    0.24155E+04    0.12856E-10
    0.24643E+04    0.12154E-10
    0.25141E+04    0.11491E-10
    0.25649E+04    0.10864E-10
    0.26167E+04    0.10271E-10
    0.26695E+04    0.97108E-11
    0.27235E+04    0.91808E-11
    0.27785E+04    0.86796E-11
    0.28346E+04    0.82057E-11
    0.28919E+04    0.77576E-11
    0.29503E+04    0.73339E-11
    0.30099E+04    0.69333E-11
    0.30707E+04    0.65546E-11
    0.31327E+04    0.61965E-11
    0.31960E+04    0.58579E-11
    0.32606E+04    0.55378E-11
    0.33264E+04    0.52351E-11
    0.33936E+04    0.49490E-11
    0.34622E+04    0.46784E-11
    0.35321E+04    0.44227E-11
    0.36035E+04    0.41808E-11
    0.36763E+04    0.39522E-11
    0.37506E+04    0.37360E-11
    0.38263E+04    0.35317E-11
    0.39036E+04    0.33385E-11
    0.39825E+04    0.31558E-11
    0.40629E+04    0.29831E-11
    0.41450E+04    0.28199E-11
    0.42287E+04    0.26655E-11
    0.43142E+04    0.25196E-11
    0.44013E+04    0.23817E-11
    0.44902E+04    0.22513E-11
    0.45809E+04    0.21280E-11
    0.46735E+04    0.20114E-11
    0.47679E+04    0.19013E-11
    0.48642E+04    0.17971E-11
    0.49625E+04    0.16987E-11
    0.50627E+04    0.16056E-11
    0.51650E+04    0.15176E-11
    0.52693E+04    0.14344E-11
    0.53758E+04    0.13558E-11
    0.54844E+04    0.12815E-11
    0.55952E+04    0.12112E-11
    0.57082E+04    0.11448E-11
    0.58235E+04    0.10821E-11
    0.59412E+04    0.10227E-11
    0.60612E+04    0.96662E-12
    0.61836E+04    0.91360E-12
    0.63085E+04    0.86348E-12
    0.64360E+04    0.81610E-12
    0.65660E+04    0.77132E-12
    0.66986E+04    0.72900E-12
    0.68340E+04    0.68899E-12
    0.69720E+04    0.65117E-12
