  0.943462E-05  0.157110E+06  0.157110E+06  0.209478E+06  0.209478E+06  0.000000E+00  0.157110E+06
  0.129189E-04  0.201100E+06  0.201100E+06  0.268131E+06  0.268131E+06  0.000000E+00  0.201100E+06
  0.163412E-04  0.219953E+06  0.219953E+06  0.293267E+06  0.293267E+06  0.000000E+00  0.219953E+06
  0.197339E-04  0.229829E+06  0.229829E+06  0.306433E+06  0.306432E+06  0.000000E+00  0.229829E+06
  0.231100E-04  0.235664E+06  0.235664E+06  0.314211E+06  0.314210E+06  0.000000E+00  0.235664E+06
  0.264758E-04  0.239405E+06  0.239404E+06  0.319196E+06  0.319195E+06  0.000000E+00  0.239405E+06
  0.298349E-04  0.241948E+06  0.241948E+06  0.322584E+06  0.322583E+06  0.000000E+00  0.241948E+06
  0.331892E-04  0.243757E+06  0.243757E+06  0.324993E+06  0.324991E+06  0.000000E+00  0.243757E+06
  0.365401E-04  0.245090E+06  0.245090E+06  0.326767E+06  0.326764E+06  0.000000E+00  0.245090E+06
  0.398885E-04  0.246101E+06  0.246100E+06  0.328110E+06  0.328107E+06  0.000000E+00  0.246100E+06
  0.432348E-04  0.246885E+06  0.246885E+06  0.329152E+06  0.329149E+06  0.000000E+00  0.246885E+06
  0.465797E-04  0.247506E+06  0.247506E+06  0.329976E+06  0.329972E+06  0.000000E+00  0.247506E+06
  0.499233E-04  0.248007E+06  0.248007E+06  0.330638E+06  0.330634E+06  0.000000E+00  0.248007E+06
  0.532659E-04  0.248416E+06  0.248416E+06  0.331178E+06  0.331173E+06  0.000000E+00  0.248416E+06
  0.566077E-04  0.248754E+06  0.248754E+06  0.331624E+06  0.331618E+06  0.000000E+00  0.248754E+06
  0.599488E-04  0.249038E+06  0.249038E+06  0.331996E+06  0.331990E+06  0.000000E+00  0.249038E+06
  0.632893E-04  0.249278E+06  0.249277E+06  0.332309E+06  0.332302E+06  0.000000E+00  0.249277E+06
  0.666294E-04  0.249482E+06  0.249482E+06  0.332575E+06  0.332568E+06  0.000000E+00  0.249482E+06
  0.699690E-04  0.249658E+06  0.249657E+06  0.332803E+06  0.332794E+06  0.000000E+00  0.249658E+06
  0.733082E-04  0.249810E+06  0.249810E+06  0.332998E+06  0.332989E+06  0.000000E+00  0.249810E+06
  0.766472E-04  0.249943E+06  0.249942E+06  0.333168E+06  0.333157E+06  0.000000E+00  0.249943E+06
  0.799859E-04  0.250059E+06  0.250058E+06  0.333315E+06  0.333304E+06  0.000000E+00  0.250059E+06
  0.833243E-04  0.250162E+06  0.250161E+06  0.333443E+06  0.333431E+06  0.000000E+00  0.250162E+06
  0.866625E-04  0.250253E+06  0.250252E+06  0.333556E+06  0.333543E+06  0.000000E+00  0.250252E+06
  0.900005E-04  0.250333E+06  0.250333E+06  0.333655E+06  0.333640E+06  0.000000E+00  0.250333E+06
  0.933384E-04  0.250406E+06  0.250405E+06  0.333742E+06  0.333726E+06  0.000000E+00  0.250406E+06
  0.966761E-04  0.250471E+06  0.250470E+06  0.333819E+06  0.333802E+06  0.000000E+00  0.250470E+06
  0.100014E-03  0.250529E+06  0.250528E+06  0.333886E+06  0.333869E+06  0.000000E+00  0.250529E+06
  0.103351E-03  0.250582E+06  0.250581E+06  0.333947E+06  0.333928E+06  0.000000E+00  0.250582E+06
  0.106688E-03  0.250630E+06  0.250629E+06  0.334000E+06  0.333979E+06  0.000000E+00  0.250630E+06
  0.110026E-03  0.250673E+06  0.250672E+06  0.334047E+06  0.334025E+06  0.000000E+00  0.250673E+06
  0.113363E-03  0.250713E+06  0.250712E+06  0.334088E+06  0.334065E+06  0.000000E+00  0.250713E+06
  0.116700E-03  0.250749E+06  0.250748E+06  0.334125E+06  0.334101E+06  0.000000E+00  0.250749E+06
  0.123374E-03  0.250813E+06  0.250811E+06  0.334185E+06  0.334158E+06  0.000000E+00  0.250813E+06
  0.126710E-03  0.250841E+06  0.250839E+06  0.334210E+06  0.334181E+06  0.000000E+00  0.250841E+06
  0.130047E-03  0.250867E+06  0.250865E+06  0.334231E+06  0.334201E+06  0.000000E+00  0.250866E+06
  0.133384E-03  0.250891E+06  0.250889E+06  0.334250E+06  0.334218E+06  0.000000E+00  0.250890E+06
  0.140057E-03  0.250933E+06  0.250931E+06  0.334278E+06  0.334244E+06  0.000000E+00  0.250933E+06
  0.143394E-03  0.250952E+06  0.250950E+06  0.334289E+06  0.334253E+06  0.000000E+00  0.250952E+06
  0.150067E-03  0.250986E+06  0.250984E+06  0.334305E+06  0.334265E+06  0.000000E+00  0.250986E+06
  0.153403E-03  0.251001E+06  0.250999E+06  0.334310E+06  0.334268E+06  0.000000E+00  0.251001E+06
  0.160076E-03  0.251029E+06  0.251027E+06  0.334315E+06  0.334269E+06  0.000000E+00  0.251029E+06
  0.163412E-03  0.251041E+06  0.251039E+06  0.334315E+06  0.334267E+06  0.000000E+00  0.251041E+06
  0.170085E-03  0.251064E+06  0.251061E+06  0.334311E+06  0.334259E+06  0.000000E+00  0.251064E+06
  0.176758E-03  0.251084E+06  0.251081E+06  0.334302E+06  0.334246E+06  0.000000E+00  0.251083E+06
  0.183430E-03  0.251101E+06  0.251098E+06  0.334288E+06  0.334229E+06  0.000000E+00  0.251101E+06
  0.186766E-03  0.251109E+06  0.251106E+06  0.334280E+06  0.334218E+06  0.000000E+00  0.251109E+06
  0.193438E-03  0.251124E+06  0.251120E+06  0.334261E+06  0.334194E+06  0.000000E+00  0.251123E+06
  0.200111E-03  0.251136E+06  0.251133E+06  0.334238E+06  0.334167E+06  0.000000E+00  0.251136E+06
  0.206783E-03  0.251148E+06  0.251144E+06  0.334211E+06  0.334136E+06  0.000000E+00  0.251147E+06
  0.213455E-03  0.251158E+06  0.251153E+06  0.334182E+06  0.334101E+06  0.000000E+00  0.251157E+06
  0.223463E-03  0.251171E+06  0.251166E+06  0.334132E+06  0.334044E+06  0.000000E+00  0.251170E+06
  0.230135E-03  0.251178E+06  0.251173E+06  0.334096E+06  0.334002E+06  0.000000E+00  0.251177E+06
  0.236807E-03  0.251184E+06  0.251179E+06  0.334057E+06  0.333958E+06  0.000000E+00  0.251184E+06
  0.246815E-03  0.251193E+06  0.251187E+06  0.333995E+06  0.333887E+06  0.000000E+00  0.251192E+06
  0.253487E-03  0.251198E+06  0.251191E+06  0.333950E+06  0.333836E+06  0.000000E+00  0.251196E+06
  0.263495E-03  0.251203E+06  0.251197E+06  0.333879E+06  0.333756E+06  0.000000E+00  0.251202E+06
  0.270166E-03  0.251207E+06  0.251200E+06  0.333829E+06  0.333700E+06  0.000000E+00  0.251206E+06
  0.280174E-03  0.251211E+06  0.251203E+06  0.333751E+06  0.333612E+06  0.000000E+00  0.251209E+06
  0.290182E-03  0.251214E+06  0.251206E+06  0.333668E+06  0.333519E+06  0.000000E+00  0.251212E+06
  0.300189E-03  0.251216E+06  0.251208E+06  0.333581E+06  0.333422E+06  0.000000E+00  0.251215E+06
  0.310197E-03  0.251217E+06  0.251208E+06  0.333490E+06  0.333320E+06  0.000000E+00  0.251216E+06
  0.320204E-03  0.251218E+06  0.251209E+06  0.333395E+06  0.333214E+06  0.000000E+00  0.251217E+06
  0.330212E-03  0.251218E+06  0.251208E+06  0.333296E+06  0.333103E+06  0.000000E+00  0.251217E+06
  0.343555E-03  0.251218E+06  0.251206E+06  0.333158E+06  0.332950E+06  0.000000E+00  0.251216E+06
  0.353562E-03  0.251216E+06  0.251205E+06  0.333051E+06  0.332830E+06  0.000000E+00  0.251214E+06
  0.366905E-03  0.251214E+06  0.251201E+06  0.332902E+06  0.332664E+06  0.000000E+00  0.251212E+06
  0.380248E-03  0.251211E+06  0.251198E+06  0.332746E+06  0.332491E+06  0.000000E+00  0.251209E+06
  0.390256E-03  0.251208E+06  0.251194E+06  0.332626E+06  0.332357E+06  0.000000E+00  0.251206E+06
  0.403599E-03  0.251204E+06  0.251189E+06  0.332459E+06  0.332172E+06  0.000000E+00  0.251202E+06
  0.420278E-03  0.251198E+06  0.251182E+06  0.332243E+06  0.331932E+06  0.000000E+00  0.251195E+06
  0.433621E-03  0.251193E+06  0.251175E+06  0.332063E+06  0.331732E+06  0.000000E+00  0.251190E+06
  0.446963E-03  0.251187E+06  0.251168E+06  0.331877E+06  0.331525E+06  0.000000E+00  0.251183E+06
  0.463642E-03  0.251178E+06  0.251158E+06  0.331636E+06  0.331258E+06  0.000000E+00  0.251175E+06
  0.476985E-03  0.251171E+06  0.251150E+06  0.331437E+06  0.331037E+06  0.000000E+00  0.251168E+06
  0.493664E-03  0.251162E+06  0.251139E+06  0.331180E+06  0.330752E+06  0.000000E+00  0.251158E+06
  0.510342E-03  0.251152E+06  0.251128E+06  0.330913E+06  0.330456E+06  0.000000E+00  0.251148E+06
  0.530356E-03  0.251139E+06  0.251113E+06  0.330581E+06  0.330089E+06  0.000000E+00  0.251135E+06
  0.547035E-03  0.251128E+06  0.251100E+06  0.330295E+06  0.329771E+06  0.000000E+00  0.251123E+06
  0.567049E-03  0.251113E+06  0.251083E+06  0.329940E+06  0.329378E+06  0.000000E+00  0.251108E+06
  0.583728E-03  0.251101E+06  0.251069E+06  0.329634E+06  0.329039E+06  0.000000E+00  0.251095E+06
  0.603742E-03  0.251085E+06  0.251051E+06  0.329256E+06  0.328620E+06  0.000000E+00  0.251079E+06
  0.623756E-03  0.251069E+06  0.251032E+06  0.328864E+06  0.328187E+06  0.000000E+00  0.251062E+06
  0.647106E-03  0.251048E+06  0.251009E+06  0.328392E+06  0.327664E+06  0.000000E+00  0.251042E+06
  0.667120E-03  0.251030E+06  0.250988E+06  0.327974E+06  0.327201E+06  0.000000E+00  0.251023E+06
  0.690470E-03  0.251008E+06  0.250964E+06  0.327470E+06  0.326643E+06  0.000000E+00  0.251001E+06
  0.713819E-03  0.250986E+06  0.250938E+06  0.326949E+06  0.326067E+06  0.000000E+00  0.250977E+06
  0.737169E-03  0.250962E+06  0.250911E+06  0.326412E+06  0.325473E+06  0.000000E+00  0.250953E+06
  0.763854E-03  0.250934E+06  0.250879E+06  0.325777E+06  0.324771E+06  0.000000E+00  0.250924E+06
  0.790540E-03  0.250904E+06  0.250846E+06  0.325121E+06  0.324046E+06  0.000000E+00  0.250894E+06
  0.817225E-03  0.250874E+06  0.250811E+06  0.324443E+06  0.323297E+06  0.000000E+00  0.250863E+06
  0.843911E-03  0.250842E+06  0.250776E+06  0.323744E+06  0.322525E+06  0.000000E+00  0.250831E+06
  0.870596E-03  0.250810E+06  0.250739E+06  0.323024E+06  0.321730E+06  0.000000E+00  0.250798E+06
  0.900617E-03  0.250772E+06  0.250696E+06  0.322188E+06  0.320807E+06  0.000000E+00  0.250759E+06
  0.930638E-03  0.250733E+06  0.250651E+06  0.321327E+06  0.319856E+06  0.000000E+00  0.250719E+06
  0.963994E-03  0.250687E+06  0.250600E+06  0.320338E+06  0.318766E+06  0.000000E+00  0.250672E+06
  0.997351E-03  0.250640E+06  0.250547E+06  0.319317E+06  0.317640E+06  0.000000E+00  0.250624E+06
  0.103071E-02  0.250592E+06  0.250492E+06  0.318265E+06  0.316480E+06  0.000000E+00  0.250575E+06
  0.106406E-02  0.250542E+06  0.250435E+06  0.317181E+06  0.315286E+06  0.000000E+00  0.250524E+06
  0.110076E-02  0.250485E+06  0.250371E+06  0.315952E+06  0.313933E+06  0.000000E+00  0.250465E+06
  0.113745E-02  0.250426E+06  0.250304E+06  0.314686E+06  0.312540E+06  0.000000E+00  0.250405E+06
  0.117748E-02  0.250359E+06  0.250229E+06  0.313263E+06  0.310974E+06  0.000000E+00  0.250337E+06
  0.121750E-02  0.250290E+06  0.250151E+06  0.311796E+06  0.309362E+06  0.000000E+00  0.250266E+06
  0.125753E-02  0.250219E+06  0.250071E+06  0.310287E+06  0.307704E+06  0.000000E+00  0.250194E+06
  0.130090E-02  0.250140E+06  0.249981E+06  0.308604E+06  0.305857E+06  0.000000E+00  0.250112E+06
  0.134426E-02  0.250057E+06  0.249888E+06  0.306872E+06  0.303957E+06  0.000000E+00  0.250028E+06
  0.139096E-02  0.249966E+06  0.249785E+06  0.304954E+06  0.301854E+06  0.000000E+00  0.249935E+06
  0.143766E-02  0.249872E+06  0.249678E+06  0.302981E+06  0.299693E+06  0.000000E+00  0.249838E+06
  0.148769E-02  0.249767E+06  0.249560E+06  0.300807E+06  0.297315E+06  0.000000E+00  0.249732E+06
  0.153773E-02  0.249659E+06  0.249438E+06  0.298574E+06  0.294874E+06  0.000000E+00  0.249621E+06
  0.158776E-02  0.249548E+06  0.249312E+06  0.296281E+06  0.292370E+06  0.000000E+00  0.249507E+06
  0.164447E-02  0.249417E+06  0.249164E+06  0.293614E+06  0.289460E+06  0.000000E+00  0.249374E+06
  0.169784E-02  0.249291E+06  0.249021E+06  0.291038E+06  0.286654E+06  0.000000E+00  0.249245E+06
  0.175454E-02  0.249152E+06  0.248864E+06  0.288233E+06  0.283602E+06  0.000000E+00  0.249103E+06
  0.181459E-02  0.249001E+06  0.248693E+06  0.285190E+06  0.280294E+06  0.000000E+00  0.248948E+06
  0.187796E-02  0.248836E+06  0.248506E+06  0.281898E+06  0.276722E+06  0.000000E+00  0.248780E+06
  0.194134E-02  0.248666E+06  0.248314E+06  0.278528E+06  0.273071E+06  0.000000E+00  0.248606E+06
  0.200805E-02  0.248482E+06  0.248105E+06  0.274900E+06  0.269147E+06  0.000000E+00  0.248417E+06
  0.207477E-02  0.248292E+06  0.247889E+06  0.271192E+06  0.265143E+06  0.000000E+00  0.248223E+06
  0.214481E-02  0.248086E+06  0.247656E+06  0.267218E+06  0.260859E+06  0.000000E+00  0.248013E+06
  0.221820E-02  0.247864E+06  0.247405E+06  0.262969E+06  0.256290E+06  0.000000E+00  0.247785E+06
  0.229158E-02  0.247635E+06  0.247145E+06  0.258640E+06  0.251644E+06  0.000000E+00  0.247552E+06
  0.237164E-02  0.247379E+06  0.246854E+06  0.253830E+06  0.246494E+06  0.000000E+00  0.247289E+06
  0.245169E-02  0.247114E+06  0.246554E+06  0.248937E+06  0.241268E+06  0.000000E+00  0.247018E+06
  0.253508E-02  0.246831E+06  0.246232E+06  0.243759E+06  0.235753E+06  0.000000E+00  0.246728E+06
  0.261848E-02  0.246539E+06  0.245901E+06  0.238507E+06  0.230173E+06  0.000000E+00  0.246430E+06
  0.270854E-02  0.246216E+06  0.245533E+06  0.232760E+06  0.224087E+06  0.000000E+00  0.246099E+06
  0.280194E-02  0.245870E+06  0.245140E+06  0.226728E+06  0.217721E+06  0.000000E+00  0.245746E+06
  0.289533E-02  0.245516E+06  0.244737E+06  0.220636E+06  0.211313E+06  0.000000E+00  0.245382E+06
  0.299207E-02  0.245138E+06  0.244307E+06  0.214273E+06  0.204646E+06  0.000000E+00  0.244996E+06
  0.309547E-02  0.244724E+06  0.243835E+06  0.207426E+06  0.197500E+06  0.000000E+00  0.244572E+06
  0.319888E-02  0.244299E+06  0.243351E+06  0.200548E+06  0.190353E+06  0.000000E+00  0.244137E+06
  0.330895E-02  0.243835E+06  0.242821E+06  0.193208E+06  0.182761E+06  0.000000E+00  0.243662E+06
  0.341903E-02  0.243359E+06  0.242278E+06  0.185867E+06  0.175206E+06  0.000000E+00  0.243174E+06
  0.353578E-02  0.242842E+06  0.241687E+06  0.178099E+06  0.167253E+06  0.000000E+00  0.242645E+06
  0.365586E-02  0.242297E+06  0.241063E+06  0.170149E+06  0.159162E+06  0.000000E+00  0.242086E+06
  0.377928E-02  0.241724E+06  0.240407E+06  0.162044E+06  0.150963E+06  0.000000E+00  0.241499E+06
  0.390937E-02  0.241106E+06  0.239699E+06  0.153596E+06  0.142474E+06  0.000000E+00  0.240866E+06
  0.403946E-02  0.240474E+06  0.238974E+06  0.145271E+06  0.134167E+06  0.000000E+00  0.240218E+06
  0.417622E-02  0.239796E+06  0.238194E+06  0.136677E+06  0.125657E+06  0.000000E+00  0.239522E+06
  0.431965E-02  0.239070E+06  0.237359E+06  0.127866E+06  0.117003E+06  0.000000E+00  0.238777E+06
  0.446642E-02  0.238312E+06  0.236486E+06  0.119092E+06  0.108462E+06  0.000000E+00  0.238000E+06
  0.461653E-02  0.237522E+06  0.235574E+06  0.110400E+06  0.100080E+06  0.000000E+00  0.237189E+06
  0.477330E-02  0.236681E+06  0.234603E+06  0.101655E+06  0.917312E+05  0.000000E+00  0.236326E+06
  0.493675E-02  0.235790E+06  0.233571E+06  0.929265E+05  0.834894E+05  0.000000E+00  0.235411E+06
  0.510353E-02  0.234865E+06  0.232499E+06  0.844555E+05  0.755840E+05  0.000000E+00  0.234461E+06
  0.527698E-02  0.233889E+06  0.231365E+06  0.761364E+05  0.679169E+05  0.000000E+00  0.233458E+06
  0.545377E-02  0.232880E+06  0.230190E+06  0.681922E+05  0.606922E+05  0.000000E+00  0.232420E+06
  0.564057E-02  0.231799E+06  0.228929E+06  0.604011E+05  0.537071E+05  0.000000E+00  0.231308E+06
  0.583070E-02  0.230685E+06  0.227627E+06  0.531175E+05  0.472755E+05  0.000000E+00  0.230162E+06
  0.602750E-02  0.229519E+06  0.226261E+06  0.462688E+05  0.413235E+05  0.000000E+00  0.228962E+06
  0.623098E-02  0.228302E+06  0.224830E+06  0.399215E+05  0.358983E+05  0.000000E+00  0.227709E+06
  0.644446E-02  0.227013E+06  0.223312E+06  0.340486E+05  0.309644E+05  0.000000E+00  0.226381E+06
  0.666127E-02  0.225695E+06  0.221754E+06  0.288821E+05  0.266982E+05  0.000000E+00  0.225021E+06
  0.688810E-02  0.224306E+06  0.220108E+06  0.242987E+05  0.229747E+05  0.000000E+00  0.223589E+06
  0.712159E-02  0.222869E+06  0.218399E+06  0.204043E+05  0.198547E+05  0.000000E+00  0.222105E+06
  0.736176E-02  0.221385E+06  0.216628E+06  0.172027E+05  0.173111E+05  0.000000E+00  0.220572E+06
  0.761193E-02  0.219835E+06  0.214771E+06  0.146504E+05  0.152774E+05  0.000000E+00  0.218970E+06
  0.787211E-02  0.218220E+06  0.212829E+06  0.127419E+05  0.137153E+05  0.000000E+00  0.217299E+06
  0.813896E-02  0.216563E+06  0.210829E+06  0.114588E+05  0.125783E+05  0.000000E+00  0.215583E+06
  0.841249E-02  0.214865E+06  0.208771E+06  0.107258E+05  0.117803E+05  0.000000E+00  0.213824E+06
  0.869935E-02  0.213088E+06  0.206608E+06  0.104509E+05  0.112195E+05  0.000000E+00  0.211981E+06
  0.899289E-02  0.211275E+06  0.204390E+06  0.105484E+05  0.108223E+05  0.000000E+00  0.210098E+06
  0.929643E-02  0.209407E+06  0.202095E+06  0.109056E+05  0.104950E+05  0.000000E+00  0.208158E+06
  0.961332E-02  0.207466E+06  0.199699E+06  0.114119E+05  0.101548E+05  0.000000E+00  0.206139E+06
  0.994021E-02  0.205475E+06  0.197230E+06  0.119421E+05  0.973929E+04  0.000000E+00  0.204066E+06
  0.102771E-01  0.203437E+06  0.194688E+06  0.123805E+05  0.920313E+04  0.000000E+00  0.201942E+06
  0.106240E-01  0.201352E+06  0.192076E+06  0.126272E+05  0.852703E+04  0.000000E+00  0.199767E+06
  0.109843E-01  0.199205E+06  0.189372E+06  0.126046E+05  0.771156E+04  0.000000E+00  0.197525E+06
  0.113579E-01  0.196997E+06  0.186576E+06  0.122584E+05  0.679058E+04  0.000000E+00  0.195216E+06
  0.117415E-01  0.194750E+06  0.183717E+06  0.115785E+05  0.583177E+04  0.000000E+00  0.192865E+06
  0.121384E-01  0.192447E+06  0.180772E+06  0.105848E+05  0.490297E+04  0.000000E+00  0.190452E+06
  0.125520E-01  0.190070E+06  0.177718E+06  0.932764E+04  0.408104E+04  0.000000E+00  0.187960E+06
  0.129756E-01  0.187662E+06  0.174608E+06  0.792278E+04  0.345573E+04  0.000000E+00  0.185432E+06
  0.134159E-01  0.185186E+06  0.171395E+06  0.646807E+04  0.307307E+04  0.000000E+00  0.182830E+06
  0.138696E-01  0.182664E+06  0.168108E+06  0.510287E+04  0.296133E+04  0.000000E+00  0.180177E+06
  0.143399E-01  0.180080E+06  0.164726E+06  0.393805E+04  0.310360E+04  0.000000E+00  0.177457E+06
  0.148269E-01  0.177437E+06  0.161253E+06  0.307021E+04  0.344320E+04  0.000000E+00  0.174672E+06
  0.153306E-01  0.174739E+06  0.157695E+06  0.000000E+00  0.000000E+00  0.000000E+00  0.171827E+06
  0.158510E-01  0.171986E+06  0.154054E+06  0.000000E+00  0.000000E+00  0.000000E+00  0.168922E+06
  0.163880E-01  0.169186E+06  0.150339E+06  0.000000E+00  0.000000E+00  0.000000E+00  0.165966E+06
  0.169417E-01  0.166342E+06  0.146556E+06  0.000000E+00  0.000000E+00  0.000000E+00  0.162961E+06
  0.175155E-01  0.163440E+06  0.142691E+06  0.000000E+00  0.000000E+00  0.000000E+00  0.159895E+06
  0.181092E-01  0.160486E+06  0.138751E+06  0.000000E+00  0.000000E+00  0.000000E+00  0.156772E+06
  0.187230E-01  0.157484E+06  0.134746E+06  0.000000E+00  0.000000E+00  0.000000E+00  0.153599E+06
  0.193601E-01  0.154424E+06  0.130664E+06  0.000000E+00  0.000000E+00  0.000000E+00  0.150364E+06
  0.200138E-01  0.151341E+06  0.126559E+06  0.000000E+00  0.000000E+00  0.000000E+00  0.147107E+06
  0.206943E-01  0.148196E+06  0.122379E+06  0.000000E+00  0.000000E+00  0.000000E+00  0.143785E+06
  0.213948E-01  0.145024E+06  0.118180E+06  0.000000E+00  0.000000E+00  0.000000E+00  0.140438E+06
  0.221186E-01  0.141818E+06  0.113955E+06  0.000000E+00  0.000000E+00  0.000000E+00  0.137057E+06
  0.228692E-01  0.138569E+06  0.109702E+06  0.000000E+00  0.000000E+00  0.000000E+00  0.133637E+06
  0.236430E-01  0.135300E+06  0.105455E+06  0.000000E+00  0.000000E+00  0.000000E+00  0.130201E+06
  0.244469E-01  0.131991E+06  0.101198E+06  0.000000E+00  0.000000E+00  0.000000E+00  0.126730E+06
  0.252742E-01  0.128678E+06  0.969866E+05  0.000000E+00  0.000000E+00  0.000000E+00  0.123263E+06
  0.261314E-01  0.125343E+06  0.928065E+05  0.000000E+00  0.000000E+00  0.000000E+00  0.119783E+06
  0.270154E-01  0.122008E+06  0.886969E+05  0.000000E+00  0.000000E+00  0.000000E+00  0.116317E+06
  0.279327E-01  0.118660E+06  0.846508E+05  0.000000E+00  0.000000E+00  0.000000E+00  0.112849E+06
  0.288800E-01  0.115322E+06  0.807086E+05  0.000000E+00  0.000000E+00  0.000000E+00  0.109408E+06
  0.298573E-01  0.112004E+06  0.768946E+05  0.000000E+00  0.000000E+00  0.000000E+00  0.106005E+06
  0.308714E-01  0.108697E+06  0.732095E+05  0.000000E+00  0.000000E+00  0.000000E+00  0.102634E+06
  0.319154E-01  0.105410E+06  0.696786E+05  0.000000E+00  0.000000E+00  0.000000E+00  0.993049E+05
  0.329995E-01  0.102748E+06  0.669064E+05  0.000000E+00  0.000000E+00  0.000000E+00  0.966236E+05
  0.341169E-01  0.995434E+05  0.637603E+05  0.000000E+00  0.000000E+00  0.000000E+00  0.934293E+05
  0.352744E-01  0.963915E+05  0.608357E+05  0.000000E+00  0.000000E+00  0.000000E+00  0.903163E+05
  0.364686E-01  0.933145E+05  0.581629E+05  0.000000E+00  0.000000E+00  0.000000E+00  0.873084E+05
  0.377061E-01  0.903080E+05  0.557457E+05  0.000000E+00  0.000000E+00  0.000000E+00  0.844025E+05
  0.389836E-01  0.873917E+05  0.536051E+05  0.000000E+00  0.000000E+00  0.000000E+00  0.816188E+05
  0.403045E-01  0.845674E+05  0.517435E+05  0.000000E+00  0.000000E+00  0.000000E+00  0.789590E+05
  0.416722E-01  0.818362E+05  0.501590E+05  0.000000E+00  0.000000E+00  0.000000E+00  0.764237E+05
  0.430831E-01  0.788583E+05  0.485052E+05  0.000000E+00  0.000000E+00  0.000000E+00  0.736721E+05
  0.445441E-01  0.763213E+05  0.474474E+05  0.000000E+00  0.000000E+00  0.000000E+00  0.713878E+05
  0.460519E-01  0.738880E+05  0.466288E+05  0.000000E+00  0.000000E+00  0.000000E+00  0.692304E+05
  0.476129E-01  0.715501E+05  0.460202E+05  0.000000E+00  0.000000E+00  0.000000E+00  0.671879E+05
  0.492274E-01  0.693113E+05  0.455918E+05  0.000000E+00  0.000000E+00  0.000000E+00  0.652585E+05
  0.508952E-01  0.671697E+05  0.453022E+05  0.000000E+00  0.000000E+00  0.000000E+00  0.634334E+05
  0.526231E-01  0.653018E+05  0.452869E+05  0.000000E+00  0.000000E+00  0.000000E+00  0.618820E+05
  0.544043E-01  0.633413E+05  0.451324E+05  0.000000E+00  0.000000E+00  0.000000E+00  0.602301E+05
  0.562489E-01  0.614489E+05  0.449563E+05  0.000000E+00  0.000000E+00  0.000000E+00  0.586309E+05
  0.581569E-01  0.596091E+05  0.446931E+05  0.000000E+00  0.000000E+00  0.000000E+00  0.570605E+05
  0.601283E-01  0.578047E+05  0.442785E+05  0.000000E+00  0.000000E+00  0.000000E+00  0.554936E+05
  0.621663E-01  0.558819E+05  0.435226E+05  0.000000E+00  0.000000E+00  0.000000E+00  0.537701E+05
  0.642711E-01  0.540980E+05  0.426454E+05  0.000000E+00  0.000000E+00  0.000000E+00  0.521411E+05
  0.664526E-01  0.523068E+05  0.414862E+05  0.000000E+00  0.000000E+00  0.000000E+00  0.504580E+05
  0.687042E-01  0.505101E+05  0.400382E+05  0.000000E+00  0.000000E+00  0.000000E+00  0.487208E+05
  0.710325E-01  0.487654E+05  0.383704E+05  0.000000E+00  0.000000E+00  0.000000E+00  0.469893E+05
  0.734408E-01  0.469453E+05  0.363875E+05  0.000000E+00  0.000000E+00  0.000000E+00  0.451413E+05
  0.759292E-01  0.451010E+05  0.341878E+05  0.000000E+00  0.000000E+00  0.000000E+00  0.432363E+05
  0.785043E-01  0.432381E+05  0.318410E+05  0.000000E+00  0.000000E+00  0.000000E+00  0.412907E+05
  0.811628E-01  0.413819E+05  0.294521E+05  0.000000E+00  0.000000E+00  0.000000E+00  0.393435E+05
  0.839147E-01  0.395563E+05  0.271298E+05  0.000000E+00  0.000000E+00  0.000000E+00  0.374330E+05
  0.867600E-01  0.377922E+05  0.249927E+05  0.000000E+00  0.000000E+00  0.000000E+00  0.356053E+05
  0.896987E-01  0.361147E+05  0.231436E+05  0.000000E+00  0.000000E+00  0.000000E+00  0.338984E+05
  0.927408E-01  0.345359E+05  0.216541E+05  0.000000E+00  0.000000E+00  0.000000E+00  0.323349E+05
  0.958830E-01  0.330695E+05  0.205696E+05  0.000000E+00  0.000000E+00  0.000000E+00  0.309337E+05
  0.991319E-01  0.317193E+05  0.198919E+05  0.000000E+00  0.000000E+00  0.000000E+00  0.296984E+05
  0.102494E+00  0.304859E+05  0.195821E+05  0.000000E+00  0.000000E+00  0.000000E+00  0.286228E+05
  0.105967E+00  0.293656E+05  0.195578E+05  0.000000E+00  0.000000E+00  0.000000E+00  0.276898E+05
  0.109559E+00  0.283355E+05  0.196921E+05  0.000000E+00  0.000000E+00  0.000000E+00  0.268587E+05
  0.113272E+00  0.273613E+05  0.198275E+05  0.000000E+00  0.000000E+00  0.000000E+00  0.260741E+05
  0.117111E+00  0.264048E+05  0.198083E+05  0.000000E+00  0.000000E+00  0.000000E+00  0.252777E+05
  0.121080E+00  0.254385E+05  0.195125E+05  0.000000E+00  0.000000E+00  0.000000E+00  0.244259E+05
  0.125187E+00  0.244437E+05  0.188707E+05  0.000000E+00  0.000000E+00  0.000000E+00  0.234915E+05
  0.129430E+00  0.234110E+05  0.178799E+05  0.000000E+00  0.000000E+00  0.000000E+00  0.224659E+05
  0.133816E+00  0.223425E+05  0.166099E+05  0.000000E+00  0.000000E+00  0.000000E+00  0.213630E+05
  0.138352E+00  0.212575E+05  0.151975E+05  0.000000E+00  0.000000E+00  0.000000E+00  0.202221E+05
  0.143042E+00  0.201908E+05  0.138217E+05  0.000000E+00  0.000000E+00  0.000000E+00  0.191026E+05
  0.147889E+00  0.191843E+05  0.126620E+05  0.000000E+00  0.000000E+00  0.000000E+00  0.180699E+05
  0.152902E+00  0.182699E+05  0.118440E+05  0.000000E+00  0.000000E+00  0.000000E+00  0.171720E+05
  0.158086E+00  0.174615E+05  0.114044E+05  0.000000E+00  0.000000E+00  0.000000E+00  0.164265E+05
  0.163443E+00  0.167508E+05  0.112756E+05  0.000000E+00  0.000000E+00  0.000000E+00  0.158153E+05
  0.168984E+00  0.161081E+05  0.113035E+05  0.000000E+00  0.000000E+00  0.000000E+00  0.152871E+05
  0.174711E+00  0.154969E+05  0.112986E+05  0.000000E+00  0.000000E+00  0.000000E+00  0.147796E+05
  0.180632E+00  0.148794E+05  0.110948E+05  0.000000E+00  0.000000E+00  0.000000E+00  0.142327E+05
  0.186756E+00  0.142277E+05  0.106088E+05  0.000000E+00  0.000000E+00  0.000000E+00  0.136093E+05
  0.193087E+00  0.135441E+05  0.988142E+04  0.000000E+00  0.000000E+00  0.000000E+00  0.129182E+05
  0.199631E+00  0.128535E+05  0.905611E+04  0.000000E+00  0.000000E+00  0.000000E+00  0.122046E+05
  0.206396E+00  0.121896E+05  0.831297E+04  0.000000E+00  0.000000E+00  0.000000E+00  0.115272E+05
  0.213391E+00  0.115890E+05  0.779567E+04  0.000000E+00  0.000000E+00  0.000000E+00  0.109408E+05
  0.220626E+00  0.110646E+05  0.753404E+04  0.000000E+00  0.000000E+00  0.000000E+00  0.104614E+05
  0.228104E+00  0.105977E+05  0.742926E+04  0.000000E+00  0.000000E+00  0.000000E+00  0.100563E+05
  0.235836E+00  0.101558E+05  0.732007E+04  0.000000E+00  0.000000E+00  0.000000E+00  0.967127E+04
  0.243829E+00  0.970732E+04  0.707256E+04  0.000000E+00  0.000000E+00  0.000000E+00  0.925713E+04
  0.252094E+00  0.923985E+04  0.665977E+04  0.000000E+00  0.000000E+00  0.000000E+00  0.879901E+04
  0.260637E+00  0.876791E+04  0.617265E+04  0.000000E+00  0.000000E+00  0.000000E+00  0.832447E+04
  0.269473E+00  0.831992E+04  0.574886E+04  0.000000E+00  0.000000E+00  0.000000E+00  0.788062E+04
  0.278606E+00  0.791718E+04  0.547111E+04  0.000000E+00  0.000000E+00  0.000000E+00  0.749924E+04
  0.288049E+00  0.755731E+04  0.530938E+04  0.000000E+00  0.000000E+00  0.000000E+00  0.717322E+04
  0.297813E+00  0.721673E+04  0.515507E+04  0.000000E+00  0.000000E+00  0.000000E+00  0.686447E+04
  0.307906E+00  0.687581E+04  0.492439E+04  0.000000E+00  0.000000E+00  0.000000E+00  0.654238E+04
  0.318344E+00  0.653124E+04  0.462455E+04  0.000000E+00  0.000000E+00  0.000000E+00  0.620546E+04
  0.329134E+00  0.619865E+04  0.433595E+04  0.000000E+00  0.000000E+00  0.000000E+00  0.588038E+04
  0.340289E+00  0.589317E+04  0.412129E+04  0.000000E+00  0.000000E+00  0.000000E+00  0.559042E+04
  0.351823E+00  0.561328E+04  0.396381E+04  0.000000E+00  0.000000E+00  0.000000E+00  0.533145E+04
  0.363748E+00  0.534480E+04  0.379936E+04  0.000000E+00  0.000000E+00  0.000000E+00  0.508074E+04
  0.376080E+00  0.507933E+04  0.359841E+04  0.000000E+00  0.000000E+00  0.000000E+00  0.482629E+04
  0.388826E+00  0.482160E+04  0.339240E+04  0.000000E+00  0.000000E+00  0.000000E+00  0.457740E+04
  0.402005E+00  0.458050E+04  0.322105E+04  0.000000E+00  0.000000E+00  0.000000E+00  0.434822E+04
  0.415631E+00  0.435576E+04  0.307817E+04  0.000000E+00  0.000000E+00  0.000000E+00  0.413746E+04
  0.429721E+00  0.413992E+04  0.293131E+04  0.000000E+00  0.000000E+00  0.000000E+00  0.393341E+04
  0.444284E+00  0.393046E+04  0.277474E+04  0.000000E+00  0.000000E+00  0.000000E+00  0.373299E+04
  0.459344E+00  0.373111E+04  0.262938E+04  0.000000E+00  0.000000E+00  0.000000E+00  0.354286E+04
  0.474915E+00  0.354380E+04  0.250224E+04  0.000000E+00  0.000000E+00  0.000000E+00  0.336584E+04
  0.491010E+00  0.336530E+04  0.237901E+04  0.000000E+00  0.000000E+00  0.000000E+00  0.319678E+04
  0.507655E+00  0.319375E+04  0.225481E+04  0.000000E+00  0.000000E+00  0.000000E+00  0.303332E+04
  0.524860E+00  0.303075E+04  0.213873E+04  0.000000E+00  0.000000E+00  0.000000E+00  0.287833E+04
  0.542652E+00  0.287643E+04  0.203177E+04  0.000000E+00  0.000000E+00  0.000000E+00  0.273210E+04
  0.561045E+00  0.272920E+04  0.192779E+04  0.000000E+00  0.000000E+00  0.000000E+00  0.259227E+04
  0.580061E+00  0.258879E+04  0.182769E+04  0.000000E+00  0.000000E+00  0.000000E+00  0.245874E+04
  0.599722E+00  0.245561E+04  0.173416E+04  0.000000E+00  0.000000E+00  0.000000E+00  0.233234E+04
  0.620049E+00  0.232893E+04  0.164496E+04  0.000000E+00  0.000000E+00  0.000000E+00  0.221207E+04
  0.641067E+00  0.220831E+04  0.155945E+04  0.000000E+00  0.000000E+00  0.000000E+00  0.209744E+04
  0.662795E+00  0.209377E+04  0.147873E+04  0.000000E+00  0.000000E+00  0.000000E+00  0.198869E+04
  0.685261E+00  0.198491E+04  0.140192E+04  0.000000E+00  0.000000E+00  0.000000E+00  0.188529E+04
  0.708487E+00  0.188140E+04  0.132876E+04  0.000000E+00  0.000000E+00  0.000000E+00  0.178697E+04
  0.732503E+00  0.178309E+04  0.125940E+04  0.000000E+00  0.000000E+00  0.000000E+00  0.169361E+04
  0.757331E+00  0.168967E+04  0.119342E+04  0.000000E+00  0.000000E+00  0.000000E+00  0.160488E+04
  0.783002E+00  0.160095E+04  0.113077E+04  0.000000E+00  0.000000E+00  0.000000E+00  0.152061E+04
  0.809540E+00  0.151670E+04  0.107129E+04  0.000000E+00  0.000000E+00  0.000000E+00  0.144060E+04
  0.836979E+00  0.143670E+04  0.101479E+04  0.000000E+00  0.000000E+00  0.000000E+00  0.136461E+04
  0.865349E+00  0.136076E+04  0.961175E+03  0.000000E+00  0.000000E+00  0.000000E+00  0.129248E+04
  0.894679E+00  0.128868E+04  0.910276E+03  0.000000E+00  0.000000E+00  0.000000E+00  0.122403E+04
  0.925003E+00  0.122029E+04  0.861978E+03  0.000000E+00  0.000000E+00  0.000000E+00  0.115907E+04
  0.956358E+00  0.115539E+04  0.816144E+03  0.000000E+00  0.000000E+00  0.000000E+00  0.109742E+04
  0.988774E+00  0.109381E+04  0.772658E+03  0.000000E+00  0.000000E+00  0.000000E+00  0.103894E+04
  0.102229E+01  0.103540E+04  0.731406E+03  0.000000E+00  0.000000E+00  0.000000E+00  0.983457E+03
  0.105694E+01  0.979985E+03  0.692271E+03  0.000000E+00  0.000000E+00  0.000000E+00  0.930825E+03
  0.109276E+01  0.927448E+03  0.655167E+03  0.000000E+00  0.000000E+00  0.000000E+00  0.880925E+03
  0.112980E+01  0.877624E+03  0.619978E+03  0.000000E+00  0.000000E+00  0.000000E+00  0.833601E+03
  0.116810E+01  0.830398E+03  0.586623E+03  0.000000E+00  0.000000E+00  0.000000E+00  0.788746E+03
  0.120769E+01  0.785630E+03  0.555003E+03  0.000000E+00  0.000000E+00  0.000000E+00  0.746224E+03
  0.124863E+01  0.743196E+03  0.525031E+03  0.000000E+00  0.000000E+00  0.000000E+00  0.705919E+03
  0.129095E+01  0.702985E+03  0.496629E+03  0.000000E+00  0.000000E+00  0.000000E+00  0.667726E+03
  0.133471E+01  0.664887E+03  0.469720E+03  0.000000E+00  0.000000E+00  0.000000E+00  0.631540E+03
  0.137994E+01  0.628792E+03  0.444225E+03  0.000000E+00  0.000000E+00  0.000000E+00  0.597256E+03
  0.142672E+01  0.594597E+03  0.420071E+03  0.000000E+00  0.000000E+00  0.000000E+00  0.564777E+03
  0.147508E+01  0.562203E+03  0.397190E+03  0.000000E+00  0.000000E+00  0.000000E+00  0.534009E+03
  0.152508E+01  0.531525E+03  0.375520E+03  0.000000E+00  0.000000E+00  0.000000E+00  0.504870E+03
  0.157677E+01  0.502477E+03  0.355001E+03  0.000000E+00  0.000000E+00  0.000000E+00  0.477279E+03
  0.163021E+01  0.474972E+03  0.335571E+03  0.000000E+00  0.000000E+00  0.000000E+00  0.451153E+03
  0.168547E+01  0.448934E+03  0.317178E+03  0.000000E+00  0.000000E+00  0.000000E+00  0.426422E+03
  0.174260E+01  0.424286E+03  0.299766E+03  0.000000E+00  0.000000E+00  0.000000E+00  0.403010E+03
  0.180166E+01  0.400957E+03  0.283287E+03  0.000000E+00  0.000000E+00  0.000000E+00  0.380852E+03
  0.186273E+01  0.378878E+03  0.267689E+03  0.000000E+00  0.000000E+00  0.000000E+00  0.359880E+03
  0.192587E+01  0.357983E+03  0.252928E+03  0.000000E+00  0.000000E+00  0.000000E+00  0.340033E+03
  0.199115E+01  0.338211E+03  0.238961E+03  0.000000E+00  0.000000E+00  0.000000E+00  0.321253E+03
  0.205864E+01  0.319506E+03  0.225746E+03  0.000000E+00  0.000000E+00  0.000000E+00  0.303485E+03
  0.212842E+01  0.301810E+03  0.213245E+03  0.000000E+00  0.000000E+00  0.000000E+00  0.286678E+03
  0.220056E+01  0.285073E+03  0.201421E+03  0.000000E+00  0.000000E+00  0.000000E+00  0.270780E+03
  0.227515E+01  0.269243E+03  0.190237E+03  0.000000E+00  0.000000E+00  0.000000E+00  0.255743E+03
  0.235226E+01  0.254272E+03  0.179661E+03  0.000000E+00  0.000000E+00  0.000000E+00  0.241524E+03
  0.243199E+01  0.240115E+03  0.169658E+03  0.000000E+00  0.000000E+00  0.000000E+00  0.228076E+03
  0.251442E+01  0.226728E+03  0.160201E+03  0.000000E+00  0.000000E+00  0.000000E+00  0.215361E+03
  0.259965E+01  0.214071E+03  0.151259E+03  0.000000E+00  0.000000E+00  0.000000E+00  0.203339E+03
  0.268777E+01  0.202106E+03  0.142806E+03  0.000000E+00  0.000000E+00  0.000000E+00  0.191974E+03
  0.277887E+01  0.190797E+03  0.134816E+03  0.000000E+00  0.000000E+00  0.000000E+00  0.181232E+03
  0.287306E+01  0.180108E+03  0.127263E+03  0.000000E+00  0.000000E+00  0.000000E+00  0.171079E+03
  0.297044E+01  0.170005E+03  0.120126E+03  0.000000E+00  0.000000E+00  0.000000E+00  0.161483E+03
  0.307113E+01  0.160458E+03  0.113380E+03  0.000000E+00  0.000000E+00  0.000000E+00  0.152414E+03
  0.317522E+01  0.151436E+03  0.107006E+03  0.000000E+00  0.000000E+00  0.000000E+00  0.143845E+03
  0.328285E+01  0.142911E+03  0.100983E+03  0.000000E+00  0.000000E+00  0.000000E+00  0.135747E+03
  0.339412E+01  0.134858E+03  0.952931E+02  0.000000E+00  0.000000E+00  0.000000E+00  0.128098E+03
  0.350916E+01  0.127251E+03  0.899178E+02  0.000000E+00  0.000000E+00  0.000000E+00  0.120872E+03
  0.362810E+01  0.120065E+03  0.848406E+02  0.000000E+00  0.000000E+00  0.000000E+00  0.114046E+03
  0.375108E+01  0.113277E+03  0.800443E+02  0.000000E+00  0.000000E+00  0.000000E+00  0.107598E+03
  0.387822E+01  0.106865E+03  0.755145E+02  0.000000E+00  0.000000E+00  0.000000E+00  0.101509E+03
  0.400968E+01  0.100811E+03  0.712364E+02  0.000000E+00  0.000000E+00  0.000000E+00  0.957575E+02
  0.414558E+01  0.950936E+02  0.671967E+02  0.000000E+00  0.000000E+00  0.000000E+00  0.903270E+02
  0.428610E+01  0.896952E+02  0.633823E+02  0.000000E+00  0.000000E+00  0.000000E+00  0.851993E+02
  0.443138E+01  0.845981E+02  0.597808E+02  0.000000E+00  0.000000E+00  0.000000E+00  0.803577E+02
  0.458158E+01  0.797858E+02  0.563805E+02  0.000000E+00  0.000000E+00  0.000000E+00  0.757867E+02
  0.473688E+01  0.752425E+02  0.531702E+02  0.000000E+00  0.000000E+00  0.000000E+00  0.714711E+02
  0.489743E+01  0.709542E+02  0.501401E+02  0.000000E+00  0.000000E+00  0.000000E+00  0.673978E+02
  0.506343E+01  0.669065E+02  0.472800E+02  0.000000E+00  0.000000E+00  0.000000E+00  0.635530E+02
  0.523505E+01  0.630862E+02  0.445806E+02  0.000000E+00  0.000000E+00  0.000000E+00  0.599243E+02
  0.541250E+01  0.594805E+02  0.420328E+02  0.000000E+00  0.000000E+00  0.000000E+00  0.564993E+02
  0.559595E+01  0.560777E+02  0.396283E+02  0.000000E+00  0.000000E+00  0.000000E+00  0.532671E+02
  0.578563E+01  0.528669E+02  0.373594E+02  0.000000E+00  0.000000E+00  0.000000E+00  0.502172E+02
  0.598173E+01  0.498372E+02  0.352186E+02  0.000000E+00  0.000000E+00  0.000000E+00  0.473394E+02
  0.618449E+01  0.469786E+02  0.331986E+02  0.000000E+00  0.000000E+00  0.000000E+00  0.446241E+02
  0.639411E+01  0.442816E+02  0.312928E+02  0.000000E+00  0.000000E+00  0.000000E+00  0.420622E+02
  0.661084E+01  0.417372E+02  0.294949E+02  0.000000E+00  0.000000E+00  0.000000E+00  0.396454E+02
  0.683491E+01  0.393372E+02  0.277990E+02  0.000000E+00  0.000000E+00  0.000000E+00  0.373657E+02
  0.706659E+01  0.370733E+02  0.261992E+02  0.000000E+00  0.000000E+00  0.000000E+00  0.352153E+02
  0.730611E+01  0.349377E+02  0.246901E+02  0.000000E+00  0.000000E+00  0.000000E+00  0.331868E+02
  0.755375E+01  0.329237E+02  0.232669E+02  0.000000E+00  0.000000E+00  0.000000E+00  0.312737E+02
  0.780979E+01  0.310243E+02  0.219247E+02  0.000000E+00  0.000000E+00  0.000000E+00  0.294695E+02
  0.807450E+01  0.292331E+02  0.206589E+02  0.000000E+00  0.000000E+00  0.000000E+00  0.277681E+02
  0.834819E+01  0.275438E+02  0.194652E+02  0.000000E+00  0.000000E+00  0.000000E+00  0.261635E+02
  0.863114E+01  0.259510E+02  0.183397E+02  0.000000E+00  0.000000E+00  0.000000E+00  0.246505E+02
  0.892370E+01  0.244492E+02  0.172784E+02  0.000000E+00  0.000000E+00  0.000000E+00  0.232240E+02
  0.922617E+01  0.230333E+02  0.162778E+02  0.000000E+00  0.000000E+00  0.000000E+00  0.218790E+02
  0.953890E+01  0.216983E+02  0.153344E+02  0.000000E+00  0.000000E+00  0.000000E+00  0.206109E+02
  0.986221E+01  0.204398E+02  0.144451E+02  0.000000E+00  0.000000E+00  0.000000E+00  0.194156E+02
  0.101965E+02  0.192535E+02  0.136067E+02  0.000000E+00  0.000000E+00  0.000000E+00  0.182887E+02
  0.105421E+02  0.181352E+02  0.128165E+02  0.000000E+00  0.000000E+00  0.000000E+00  0.172264E+02
  0.108994E+02  0.170811E+02  0.120715E+02  0.000000E+00  0.000000E+00  0.000000E+00  0.162251E+02
  0.112689E+02  0.160877E+02  0.113695E+02  0.000000E+00  0.000000E+00  0.000000E+00  0.152815E+02
  0.116508E+02  0.151513E+02  0.107078E+02  0.000000E+00  0.000000E+00  0.000000E+00  0.143920E+02
  0.120457E+02  0.142687E+02  0.100841E+02  0.000000E+00  0.000000E+00  0.000000E+00  0.135537E+02
  0.124540E+02  0.134372E+02  0.949640E+01  0.000000E+00  0.000000E+00  0.000000E+00  0.127638E+02
  0.128762E+02  0.126535E+02  0.894259E+01  0.000000E+00  0.000000E+00  0.000000E+00  0.120194E+02
  0.133126E+02  0.119150E+02  0.842073E+01  0.000000E+00  0.000000E+00  0.000000E+00  0.113180E+02
  0.137638E+02  0.112192E+02  0.792901E+01  0.000000E+00  0.000000E+00  0.000000E+00  0.106571E+02
  0.142304E+02  0.105637E+02  0.746571E+01  0.000000E+00  0.000000E+00  0.000000E+00  0.100343E+02
  0.147127E+02  0.994596E+01  0.702918E+01  0.000000E+00  0.000000E+00  0.000000E+00  0.944759E+01
  0.152114E+02  0.936408E+01  0.661796E+01  0.000000E+00  0.000000E+00  0.000000E+00  0.889486E+01
  0.157270E+02  0.881586E+01  0.623053E+01  0.000000E+00  0.000000E+00  0.000000E+00  0.837412E+01
  0.162600E+02  0.829943E+01  0.586557E+01  0.000000E+00  0.000000E+00  0.000000E+00  0.788357E+01
  0.168112E+02  0.781297E+01  0.552178E+01  0.000000E+00  0.000000E+00  0.000000E+00  0.742149E+01
  0.173810E+02  0.735474E+01  0.519794E+01  0.000000E+00  0.000000E+00  0.000000E+00  0.698622E+01
  0.179701E+02  0.692313E+01  0.489291E+01  0.000000E+00  0.000000E+00  0.000000E+00  0.657624E+01
  0.185792E+02  0.651663E+01  0.460563E+01  0.000000E+00  0.000000E+00  0.000000E+00  0.619011E+01
  0.192090E+02  0.613375E+01  0.433504E+01  0.000000E+00  0.000000E+00  0.000000E+00  0.582642E+01
  0.198601E+02  0.577318E+01  0.408022E+01  0.000000E+00  0.000000E+00  0.000000E+00  0.548391E+01
  0.205332E+02  0.543361E+01  0.384024E+01  0.000000E+00  0.000000E+00  0.000000E+00  0.516136E+01
  0.212292E+02  0.511384E+01  0.361424E+01  0.000000E+00  0.000000E+00  0.000000E+00  0.485761E+01
  0.219488E+02  0.481273E+01  0.340144E+01  0.000000E+00  0.000000E+00  0.000000E+00  0.457159E+01
  0.226927E+02  0.452917E+01  0.320104E+01  0.000000E+00  0.000000E+00  0.000000E+00  0.430224E+01
  0.234619E+02  0.426220E+01  0.301236E+01  0.000000E+00  0.000000E+00  0.000000E+00  0.404865E+01
  0.242571E+02  0.401080E+01  0.283469E+01  0.000000E+00  0.000000E+00  0.000000E+00  0.380985E+01
  0.250793E+02  0.377414E+01  0.266743E+01  0.000000E+00  0.000000E+00  0.000000E+00  0.358504E+01
  0.259294E+02  0.355130E+01  0.250994E+01  0.000000E+00  0.000000E+00  0.000000E+00  0.337337E+01
  0.268083E+02  0.334153E+01  0.236169E+01  0.000000E+00  0.000000E+00  0.000000E+00  0.317411E+01
  0.277170E+02  0.314404E+01  0.222211E+01  0.000000E+00  0.000000E+00  0.000000E+00  0.298651E+01
  0.286564E+02  0.295813E+01  0.209072E+01  0.000000E+00  0.000000E+00  0.000000E+00  0.280992E+01
  0.296277E+02  0.278313E+01  0.196704E+01  0.000000E+00  0.000000E+00  0.000000E+00  0.264369E+01
  0.306319E+02  0.261840E+01  0.185062E+01  0.000000E+00  0.000000E+00  0.000000E+00  0.248721E+01
  0.316702E+02  0.246334E+01  0.174103E+01  0.000000E+00  0.000000E+00  0.000000E+00  0.233992E+01
  0.327437E+02  0.231739E+01  0.163788E+01  0.000000E+00  0.000000E+00  0.000000E+00  0.220129E+01
  0.338536E+02  0.218003E+01  0.154080E+01  0.000000E+00  0.000000E+00  0.000000E+00  0.207081E+01
  0.350010E+02  0.205075E+01  0.144943E+01  0.000000E+00  0.000000E+00  0.000000E+00  0.194801E+01
  0.361874E+02  0.192908E+01  0.136344E+01  0.000000E+00  0.000000E+00  0.000000E+00  0.183243E+01
  0.374140E+02  0.181457E+01  0.128251E+01  0.000000E+00  0.000000E+00  0.000000E+00  0.172366E+01
  0.386821E+02  0.170681E+01  0.120635E+01  0.000000E+00  0.000000E+00  0.000000E+00  0.162130E+01
  0.399933E+02  0.160541E+01  0.113468E+01  0.000000E+00  0.000000E+00  0.000000E+00  0.152498E+01
  0.413488E+02  0.150999E+01  0.106724E+01  0.000000E+00  0.000000E+00  0.000000E+00  0.143434E+01
  0.427504E+02  0.142020E+01  0.100378E+01  0.000000E+00  0.000000E+00  0.000000E+00  0.134904E+01
  0.441994E+02  0.133571E+01  0.944066E+00  0.000000E+00  0.000000E+00  0.000000E+00  0.126879E+01
  0.456975E+02  0.125621E+01  0.887878E+00  0.000000E+00  0.000000E+00  0.000000E+00  0.119327E+01
  0.472464E+02  0.118141E+01  0.835014E+00  0.000000E+00  0.000000E+00  0.000000E+00  0.112223E+01
  0.488479E+02  0.111103E+01  0.785272E+00  0.000000E+00  0.000000E+00  0.000000E+00  0.105537E+01
  0.505035E+02  0.104482E+01  0.738477E+00  0.000000E+00  0.000000E+00  0.000000E+00  0.992481E+00
  0.522154E+02  0.982534E+00  0.694452E+00  0.000000E+00  0.000000E+00  0.000000E+00  0.933311E+00
  0.539853E+02  0.923932E+00  0.653033E+00  0.000000E+00  0.000000E+00  0.000000E+00  0.877645E+00
  0.558151E+02  0.868805E+00  0.614071E+00  0.000000E+00  0.000000E+00  0.000000E+00  0.825280E+00
  0.577070E+02  0.816945E+00  0.577417E+00  0.000000E+00  0.000000E+00  0.000000E+00  0.776018E+00
  0.596629E+02  0.768161E+00  0.542937E+00  0.000000E+00  0.000000E+00  0.000000E+00  0.729678E+00
  0.616852E+02  0.722271E+00  0.510503E+00  0.000000E+00  0.000000E+00  0.000000E+00  0.686087E+00
  0.637760E+02  0.679107E+00  0.479996E+00  0.000000E+00  0.000000E+00  0.000000E+00  0.645086E+00
  0.659377E+02  0.638506E+00  0.451300E+00  0.000000E+00  0.000000E+00  0.000000E+00  0.606519E+00
  0.681727E+02  0.600319E+00  0.424309E+00  0.000000E+00  0.000000E+00  0.000000E+00  0.570245E+00
  0.704834E+02  0.564400E+00  0.398922E+00  0.000000E+00  0.000000E+00  0.000000E+00  0.536126E+00
  0.728724E+02  0.530619E+00  0.375046E+00  0.000000E+00  0.000000E+00  0.000000E+00  0.504037E+00
  0.753425E+02  0.498847E+00  0.352590E+00  0.000000E+00  0.000000E+00  0.000000E+00  0.473857E+00
  0.778962E+02  0.468967E+00  0.331471E+00  0.000000E+00  0.000000E+00  0.000000E+00  0.445474E+00
  0.805365E+02  0.440866E+00  0.311609E+00  0.000000E+00  0.000000E+00  0.000000E+00  0.418781E+00
  0.832663E+02  0.414440E+00  0.292931E+00  0.000000E+00  0.000000E+00  0.000000E+00  0.393678E+00
  0.860886E+02  0.389588E+00  0.275366E+00  0.000000E+00  0.000000E+00  0.000000E+00  0.370072E+00
  0.890066E+02  0.366219E+00  0.258849E+00  0.000000E+00  0.000000E+00  0.000000E+00  0.347873E+00
  0.920236E+02  0.344242E+00  0.243316E+00  0.000000E+00  0.000000E+00  0.000000E+00  0.326998E+00
  0.951427E+02  0.323578E+00  0.228710E+00  0.000000E+00  0.000000E+00  0.000000E+00  0.307368E+00
  0.983675E+02  0.304148E+00  0.214977E+00  0.000000E+00  0.000000E+00  0.000000E+00  0.288912E+00
  0.101702E+03  0.285878E+00  0.202064E+00  0.000000E+00  0.000000E+00  0.000000E+00  0.271557E+00
  0.105149E+03  0.268699E+00  0.189922E+00  0.000000E+00  0.000000E+00  0.000000E+00  0.255239E+00
  0.108713E+03  0.252547E+00  0.178506E+00  0.000000E+00  0.000000E+00  0.000000E+00  0.239896E+00
  0.112398E+03  0.237362E+00  0.167773E+00  0.000000E+00  0.000000E+00  0.000000E+00  0.225472E+00
  0.116207E+03  0.223085E+00  0.157682E+00  0.000000E+00  0.000000E+00  0.000000E+00  0.211910E+00
  0.120146E+03  0.209661E+00  0.148194E+00  0.000000E+00  0.000000E+00  0.000000E+00  0.199159E+00
  0.124219E+03  0.197042E+00  0.139274E+00  0.000000E+00  0.000000E+00  0.000000E+00  0.187172E+00
  0.128429E+03  0.185179E+00  0.130889E+00  0.000000E+00  0.000000E+00  0.000000E+00  0.175903E+00
  0.132782E+03  0.174026E+00  0.123006E+00  0.000000E+00  0.000000E+00  0.000000E+00  0.165308E+00
  0.137283E+03  0.163541E+00  0.115595E+00  0.000000E+00  0.000000E+00  0.000000E+00  0.155349E+00
  0.141936E+03  0.153685E+00  0.108629E+00  0.000000E+00  0.000000E+00  0.000000E+00  0.145987E+00
  0.146747E+03  0.144420E+00  0.102081E+00  0.000000E+00  0.000000E+00  0.000000E+00  0.137186E+00
  0.151721E+03  0.135711E+00  0.959246E-01  0.000000E+00  0.000000E+00  0.000000E+00  0.128913E+00
  0.156864E+03  0.127525E+00  0.901386E-01  0.000000E+00  0.000000E+00  0.000000E+00  0.121137E+00
  0.162181E+03  0.119830E+00  0.846998E-01  0.000000E+00  0.000000E+00  0.000000E+00  0.113827E+00
  0.167678E+03  0.112597E+00  0.795876E-01  0.000000E+00  0.000000E+00  0.000000E+00  0.106957E+00
  0.173361E+03  0.105799E+00  0.747824E-01  0.000000E+00  0.000000E+00  0.000000E+00  0.100499E+00
  0.179237E+03  0.994094E-01  0.702661E-01  0.000000E+00  0.000000E+00  0.000000E+00  0.944298E-01
  0.185313E+03  0.934039E-01  0.660213E-01  0.000000E+00  0.000000E+00  0.000000E+00  0.887252E-01
  0.191594E+03  0.877595E-01  0.620317E-01  0.000000E+00  0.000000E+00  0.000000E+00  0.833635E-01
  0.198088E+03  0.824545E-01  0.582820E-01  0.000000E+00  0.000000E+00  0.000000E+00  0.783243E-01
  0.204802E+03  0.774690E-01  0.547581E-01  0.000000E+00  0.000000E+00  0.000000E+00  0.735885E-01
  0.211744E+03  0.727836E-01  0.514464E-01  0.000000E+00  0.000000E+00  0.000000E+00  0.691379E-01
  0.218921E+03  0.683805E-01  0.483341E-01  0.000000E+00  0.000000E+00  0.000000E+00  0.649553E-01
  0.226341E+03  0.642422E-01  0.454091E-01  0.000000E+00  0.000000E+00  0.000000E+00  0.610243E-01
  0.234013E+03  0.603536E-01  0.426605E-01  0.000000E+00  0.000000E+00  0.000000E+00  0.573305E-01
  0.241945E+03  0.566993E-01  0.400776E-01  0.000000E+00  0.000000E+00  0.000000E+00  0.538593E-01
  0.250146E+03  0.532653E-01  0.376503E-01  0.000000E+00  0.000000E+00  0.000000E+00  0.505972E-01
  0.258625E+03  0.500384E-01  0.353694E-01  0.000000E+00  0.000000E+00  0.000000E+00  0.475320E-01
  0.267391E+03  0.470064E-01  0.332263E-01  0.000000E+00  0.000000E+00  0.000000E+00  0.446518E-01
  0.276454E+03  0.441572E-01  0.312123E-01  0.000000E+00  0.000000E+00  0.000000E+00  0.419454E-01
  0.285825E+03  0.414799E-01  0.293199E-01  0.000000E+00  0.000000E+00  0.000000E+00  0.394022E-01
  0.295512E+03  0.389644E-01  0.275419E-01  0.000000E+00  0.000000E+00  0.000000E+00  0.370127E-01
  0.305529E+03  0.366008E-01  0.258713E-01  0.000000E+00  0.000000E+00  0.000000E+00  0.347675E-01
  0.315884E+03  0.343801E-01  0.243016E-01  0.000000E+00  0.000000E+00  0.000000E+00  0.326580E-01
  0.326592E+03  0.322935E-01  0.228267E-01  0.000000E+00  0.000000E+00  0.000000E+00  0.306759E-01
  0.337662E+03  0.303330E-01  0.214410E-01  0.000000E+00  0.000000E+00  0.000000E+00  0.288137E-01
  0.349106E+03  0.284912E-01  0.201391E-01  0.000000E+00  0.000000E+00  0.000000E+00  0.270642E-01
  0.360939E+03  0.267608E-01  0.189159E-01  0.000000E+00  0.000000E+00  0.000000E+00  0.254204E-01
  0.373174E+03  0.251350E-01  0.177668E-01  0.000000E+00  0.000000E+00  0.000000E+00  0.238760E-01
  0.385822E+03  0.236076E-01  0.166871E-01  0.000000E+00  0.000000E+00  0.000000E+00  0.224251E-01
  0.398900E+03  0.221727E-01  0.156729E-01  0.000000E+00  0.000000E+00  0.000000E+00  0.210621E-01
  0.412421E+03  0.208246E-01  0.147200E-01  0.000000E+00  0.000000E+00  0.000000E+00  0.197816E-01
  0.426400E+03  0.195583E-01  0.138249E-01  0.000000E+00  0.000000E+00  0.000000E+00  0.185787E-01
  0.440853E+03  0.183687E-01  0.129840E-01  0.000000E+00  0.000000E+00  0.000000E+00  0.174487E-01
  0.455795E+03  0.172512E-01  0.121941E-01  0.000000E+00  0.000000E+00  0.000000E+00  0.163871E-01
  0.471245E+03  0.162014E-01  0.114521E-01  0.000000E+00  0.000000E+00  0.000000E+00  0.153899E-01
  0.487218E+03  0.152153E-01  0.107550E-01  0.000000E+00  0.000000E+00  0.000000E+00  0.144532E-01
  0.503732E+03  0.142890E-01  0.101003E-01  0.000000E+00  0.000000E+00  0.000000E+00  0.135733E-01
  0.520805E+03  0.134188E-01  0.948525E-02  0.000000E+00  0.000000E+00  0.000000E+00  0.127467E-01
  0.538459E+03  0.126015E-01  0.890751E-02  0.000000E+00  0.000000E+00  0.000000E+00  0.119703E-01
  0.556710E+03  0.118338E-01  0.836487E-02  0.000000E+00  0.000000E+00  0.000000E+00  0.112411E-01
  0.575579E+03  0.111127E-01  0.785516E-02  0.000000E+00  0.000000E+00  0.000000E+00  0.105561E-01
  0.595088E+03  0.104354E-01  0.737643E-02  0.000000E+00  0.000000E+00  0.000000E+00  0.991276E-02
  0.615260E+03  0.979924E-02  0.692673E-02  0.000000E+00  0.000000E+00  0.000000E+00  0.930844E-02
  0.636114E+03  0.920173E-02  0.650438E-02  0.000000E+00  0.000000E+00  0.000000E+00  0.874085E-02
  0.657675E+03  0.864055E-02  0.610771E-02  0.000000E+00  0.000000E+00  0.000000E+00  0.820778E-02
  0.679967E+03  0.811344E-02  0.573511E-02  0.000000E+00  0.000000E+00  0.000000E+00  0.770707E-02
  0.703015E+03  0.761841E-02  0.538520E-02  0.000000E+00  0.000000E+00  0.000000E+00  0.723684E-02
  0.726843E+03  0.715349E-02  0.505657E-02  0.000000E+00  0.000000E+00  0.000000E+00  0.679520E-02
  0.751479E+03  0.671685E-02  0.474793E-02  0.000000E+00  0.000000E+00  0.000000E+00  0.638044E-02
  0.776952E+03  0.630673E-02  0.445803E-02  0.000000E+00  0.000000E+00  0.000000E+00  0.599086E-02
  0.803286E+03  0.592162E-02  0.418581E-02  0.000000E+00  0.000000E+00  0.000000E+00  0.562503E-02
  0.830513E+03  0.555995E-02  0.393016E-02  0.000000E+00  0.000000E+00  0.000000E+00  0.528148E-02
  0.858663E+03  0.522029E-02  0.369007E-02  0.000000E+00  0.000000E+00  0.000000E+00  0.495883E-02
  0.887769E+03  0.490131E-02  0.346459E-02  0.000000E+00  0.000000E+00  0.000000E+00  0.465583E-02
  0.917859E+03  0.460178E-02  0.325287E-02  0.000000E+00  0.000000E+00  0.000000E+00  0.437130E-02
  0.948970E+03  0.432049E-02  0.305403E-02  0.000000E+00  0.000000E+00  0.000000E+00  0.410409E-02
  0.981135E+03  0.405635E-02  0.286732E-02  0.000000E+00  0.000000E+00  0.000000E+00  0.385318E-02
  0.101439E+04  0.380829E-02  0.269198E-02  0.000000E+00  0.000000E+00  0.000000E+00  0.361755E-02
  0.104877E+04  0.357536E-02  0.252733E-02  0.000000E+00  0.000000E+00  0.000000E+00  0.339629E-02
  0.108432E+04  0.335665E-02  0.237273E-02  0.000000E+00  0.000000E+00  0.000000E+00  0.318853E-02
  0.112108E+04  0.315126E-02  0.222755E-02  0.000000E+00  0.000000E+00  0.000000E+00  0.299343E-02
  0.115908E+04  0.295841E-02  0.209123E-02  0.000000E+00  0.000000E+00  0.000000E+00  0.281024E-02
  0.119836E+04  0.277733E-02  0.196323E-02  0.000000E+00  0.000000E+00  0.000000E+00  0.263823E-02
  0.123898E+04  0.260731E-02  0.184304E-02  0.000000E+00  0.000000E+00  0.000000E+00  0.247672E-02
  0.128098E+04  0.244765E-02  0.173019E-02  0.000000E+00  0.000000E+00  0.000000E+00  0.232507E-02
  0.132439E+04  0.229775E-02  0.162423E-02  0.000000E+00  0.000000E+00  0.000000E+00  0.218267E-02
  0.136928E+04  0.215701E-02  0.152474E-02  0.000000E+00  0.000000E+00  0.000000E+00  0.204898E-02
  0.141570E+04  0.202486E-02  0.143133E-02  0.000000E+00  0.000000E+00  0.000000E+00  0.192345E-02
  0.146368E+04  0.190078E-02  0.134362E-02  0.000000E+00  0.000000E+00  0.000000E+00  0.180558E-02
  0.151329E+04  0.178429E-02  0.126128E-02  0.000000E+00  0.000000E+00  0.000000E+00  0.169492E-02
  0.156459E+04  0.167491E-02  0.118396E-02  0.000000E+00  0.000000E+00  0.000000E+00  0.159102E-02
  0.161762E+04  0.157222E-02  0.111138E-02  0.000000E+00  0.000000E+00  0.000000E+00  0.149348E-02
  0.167245E+04  0.147581E-02  0.104323E-02  0.000000E+00  0.000000E+00  0.000000E+00  0.140190E-02
  0.172914E+04  0.138530E-02  0.979245E-03  0.000000E+00  0.000000E+00  0.000000E+00  0.131592E-02
  0.178774E+04  0.130033E-02  0.919178E-03  0.000000E+00  0.000000E+00  0.000000E+00  0.123520E-02
  0.184834E+04  0.122054E-02  0.862783E-03  0.000000E+00  0.000000E+00  0.000000E+00  0.115942E-02
  0.191099E+04  0.114565E-02  0.809841E-03  0.000000E+00  0.000000E+00  0.000000E+00  0.108827E-02
  0.197576E+04  0.107534E-02  0.760140E-03  0.000000E+00  0.000000E+00  0.000000E+00  0.102148E-02
  0.204273E+04  0.100933E-02  0.713481E-03  0.000000E+00  0.000000E+00  0.000000E+00  0.958782E-03
  0.211197E+04  0.947363E-03  0.669677E-03  0.000000E+00  0.000000E+00  0.000000E+00  0.899917E-03
  0.218356E+04  0.889193E-03  0.628557E-03  0.000000E+00  0.000000E+00  0.000000E+00  0.844659E-03
  0.225757E+04  0.834585E-03  0.589957E-03  0.000000E+00  0.000000E+00  0.000000E+00  0.792787E-03
  0.233409E+04  0.783322E-03  0.553720E-03  0.000000E+00  0.000000E+00  0.000000E+00  0.744091E-03
  0.241321E+04  0.735198E-03  0.519702E-03  0.000000E+00  0.000000E+00  0.000000E+00  0.698378E-03
  0.249500E+04  0.690026E-03  0.487771E-03  0.000000E+00  0.000000E+00  0.000000E+00  0.655468E-03
  0.257957E+04  0.647621E-03  0.457796E-03  0.000000E+00  0.000000E+00  0.000000E+00  0.615187E-03
  0.266700E+04  0.607817E-03  0.429659E-03  0.000000E+00  0.000000E+00  0.000000E+00  0.577376E-03
  0.275740E+04  0.570451E-03  0.403245E-03  0.000000E+00  0.000000E+00  0.000000E+00  0.541881E-03
  0.285086E+04  0.535379E-03  0.378454E-03  0.000000E+00  0.000000E+00  0.000000E+00  0.508566E-03
  0.294749E+04  0.502457E-03  0.355182E-03  0.000000E+00  0.000000E+00  0.000000E+00  0.477293E-03
  0.304740E+04  0.471552E-03  0.333336E-03  0.000000E+00  0.000000E+00  0.000000E+00  0.447936E-03
  0.315069E+04  0.442547E-03  0.312832E-03  0.000000E+00  0.000000E+00  0.000000E+00  0.420383E-03
  0.325748E+04  0.415321E-03  0.293587E-03  0.000000E+00  0.000000E+00  0.000000E+00  0.394521E-03
  0.336790E+04  0.389767E-03  0.275523E-03  0.000000E+00  0.000000E+00  0.000000E+00  0.370247E-03
  0.348206E+04  0.365779E-03  0.258566E-03  0.000000E+00  0.000000E+00  0.000000E+00  0.347460E-03
  0.360008E+04  0.343266E-03  0.242653E-03  0.000000E+00  0.000000E+00  0.000000E+00  0.326075E-03
  0.372210E+04  0.322136E-03  0.227716E-03  0.000000E+00  0.000000E+00  0.000000E+00  0.306003E-03
  0.384826E+04  0.302303E-03  0.213696E-03  0.000000E+00  0.000000E+00  0.000000E+00  0.287163E-03
  0.397870E+04  0.283687E-03  0.200537E-03  0.000000E+00  0.000000E+00  0.000000E+00  0.269480E-03
  0.411356E+04  0.266216E-03  0.188187E-03  0.000000E+00  0.000000E+00  0.000000E+00  0.252884E-03
  0.425299E+04  0.249819E-03  0.176596E-03  0.000000E+00  0.000000E+00  0.000000E+00  0.237308E-03
  0.439714E+04  0.234430E-03  0.165717E-03  0.000000E+00  0.000000E+00  0.000000E+00  0.222689E-03
  0.454619E+04  0.219985E-03  0.155506E-03  0.000000E+00  0.000000E+00  0.000000E+00  0.208968E-03
  0.470028E+04  0.206429E-03  0.145924E-03  0.000000E+00  0.000000E+00  0.000000E+00  0.196091E-03
  0.485959E+04  0.193707E-03  0.136931E-03  0.000000E+00  0.000000E+00  0.000000E+00  0.184006E-03
  0.502432E+04  0.181767E-03  0.128491E-03  0.000000E+00  0.000000E+00  0.000000E+00  0.172664E-03
  0.519461E+04  0.170562E-03  0.120570E-03  0.000000E+00  0.000000E+00  0.000000E+00  0.162020E-03
  0.537068E+04  0.160046E-03  0.113136E-03  0.000000E+00  0.000000E+00  0.000000E+00  0.152031E-03
  0.555272E+04  0.150177E-03  0.106160E-03  0.000000E+00  0.000000E+00  0.000000E+00  0.142656E-03
  0.574094E+04  0.140914E-03  0.996122E-04  0.000000E+00  0.000000E+00  0.000000E+00  0.133857E-03
  0.593553E+04  0.132223E-03  0.934683E-04  0.000000E+00  0.000000E+00  0.000000E+00  0.125601E-03
  0.613671E+04  0.124066E-03  0.877020E-04  0.000000E+00  0.000000E+00  0.000000E+00  0.117852E-03
  0.634471E+04  0.116411E-03  0.822910E-04  0.000000E+00  0.000000E+00  0.000000E+00  0.110581E-03
  0.655977E+04  0.109227E-03  0.772129E-04  0.000000E+00  0.000000E+00  0.000000E+00  0.103757E-03
  0.678211E+04  0.102487E-03  0.724479E-04  0.000000E+00  0.000000E+00  0.000000E+00  0.973541E-04
  0.701199E+04  0.961609E-04  0.679763E-04  0.000000E+00  0.000000E+00  0.000000E+00  0.913451E-04
