  0.943462E-05  0.126545E+08  0.126545E+08  0.168640E+08  0.168640E+08  0.000000E+00  0.126545E+08
  0.129189E-04  0.161977E+08  0.161977E+08  0.215762E+08  0.215762E+08  0.000000E+00  0.161977E+08
  0.163412E-04  0.177162E+08  0.177162E+08  0.235854E+08  0.235853E+08  0.000000E+00  0.177162E+08
  0.197339E-04  0.185116E+08  0.185116E+08  0.246269E+08  0.246268E+08  0.000000E+00  0.185116E+08
  0.231100E-04  0.189816E+08  0.189816E+08  0.252312E+08  0.252310E+08  0.000000E+00  0.189816E+08
  0.264758E-04  0.192828E+08  0.192828E+08  0.256070E+08  0.256069E+08  0.000000E+00  0.192828E+08
  0.298349E-04  0.194876E+08  0.194876E+08  0.258509E+08  0.258507E+08  0.000000E+00  0.194876E+08
  0.331892E-04  0.196333E+08  0.196333E+08  0.260124E+08  0.260122E+08  0.000000E+00  0.196333E+08
  0.365401E-04  0.197406E+08  0.197406E+08  0.261195E+08  0.261192E+08  0.000000E+00  0.197406E+08
  0.398885E-04  0.198219E+08  0.198219E+08  0.261885E+08  0.261881E+08  0.000000E+00  0.198219E+08
  0.432348E-04  0.198850E+08  0.198850E+08  0.262299E+08  0.262295E+08  0.000000E+00  0.198850E+08
  0.465797E-04  0.199350E+08  0.199350E+08  0.262504E+08  0.262499E+08  0.000000E+00  0.199350E+08
  0.499233E-04  0.199752E+08  0.199752E+08  0.262546E+08  0.262540E+08  0.000000E+00  0.199752E+08
  0.532659E-04  0.200081E+08  0.200081E+08  0.262456E+08  0.262449E+08  0.000000E+00  0.200081E+08
  0.566077E-04  0.200352E+08  0.200352E+08  0.262257E+08  0.262250E+08  0.000000E+00  0.200352E+08
  0.599488E-04  0.200580E+08  0.200580E+08  0.261967E+08  0.261959E+08  0.000000E+00  0.200580E+08
  0.632893E-04  0.200772E+08  0.200772E+08  0.261597E+08  0.261587E+08  0.000000E+00  0.200772E+08
  0.666294E-04  0.200935E+08  0.200935E+08  0.261156E+08  0.261146E+08  0.000000E+00  0.200935E+08
  0.699690E-04  0.201076E+08  0.201076E+08  0.260652E+08  0.260641E+08  0.000000E+00  0.201076E+08
  0.733082E-04  0.201197E+08  0.201197E+08  0.260092E+08  0.260079E+08  0.000000E+00  0.201197E+08
  0.766472E-04  0.201303E+08  0.201303E+08  0.259478E+08  0.259465E+08  0.000000E+00  0.201303E+08
  0.799859E-04  0.201395E+08  0.201395E+08  0.258815E+08  0.258801E+08  0.000000E+00  0.201395E+08
  0.833243E-04  0.201476E+08  0.201476E+08  0.258107E+08  0.258091E+08  0.000000E+00  0.201476E+08
  0.866625E-04  0.201548E+08  0.201548E+08  0.257355E+08  0.257338E+08  0.000000E+00  0.201548E+08
  0.900005E-04  0.201612E+08  0.201612E+08  0.256561E+08  0.256543E+08  0.000000E+00  0.201612E+08
  0.933384E-04  0.201668E+08  0.201668E+08  0.255728E+08  0.255708E+08  0.000000E+00  0.201668E+08
  0.966761E-04  0.201719E+08  0.201719E+08  0.254857E+08  0.254836E+08  0.000000E+00  0.201719E+08
  0.100014E-03  0.201764E+08  0.201764E+08  0.253949E+08  0.253927E+08  0.000000E+00  0.201764E+08
  0.103351E-03  0.201805E+08  0.201805E+08  0.253006E+08  0.252982E+08  0.000000E+00  0.201805E+08
  0.106688E-03  0.201842E+08  0.201842E+08  0.252029E+08  0.252003E+08  0.000000E+00  0.201842E+08
  0.110026E-03  0.201875E+08  0.201875E+08  0.251018E+08  0.250991E+08  0.000000E+00  0.201875E+08
  0.113363E-03  0.201905E+08  0.201905E+08  0.249974E+08  0.249946E+08  0.000000E+00  0.201905E+08
  0.116700E-03  0.201932E+08  0.201932E+08  0.248899E+08  0.248869E+08  0.000000E+00  0.201932E+08
  0.123374E-03  0.201980E+08  0.201979E+08  0.246658E+08  0.246624E+08  0.000000E+00  0.201980E+08
  0.126710E-03  0.202000E+08  0.202000E+08  0.245492E+08  0.245457E+08  0.000000E+00  0.202000E+08
  0.130047E-03  0.202019E+08  0.202019E+08  0.244298E+08  0.244261E+08  0.000000E+00  0.202019E+08
  0.133384E-03  0.202036E+08  0.202036E+08  0.243076E+08  0.243037E+08  0.000000E+00  0.202036E+08
  0.140057E-03  0.202065E+08  0.202065E+08  0.240550E+08  0.240507E+08  0.000000E+00  0.202065E+08
  0.143394E-03  0.202078E+08  0.202078E+08  0.239247E+08  0.239202E+08  0.000000E+00  0.202078E+08
  0.150067E-03  0.202100E+08  0.202100E+08  0.236564E+08  0.236516E+08  0.000000E+00  0.202100E+08
  0.153403E-03  0.202110E+08  0.202110E+08  0.235186E+08  0.235135E+08  0.000000E+00  0.202110E+08
  0.160076E-03  0.202127E+08  0.202127E+08  0.232357E+08  0.232303E+08  0.000000E+00  0.202127E+08
  0.163412E-03  0.202134E+08  0.202134E+08  0.230908E+08  0.230852E+08  0.000000E+00  0.202134E+08
  0.170085E-03  0.202147E+08  0.202147E+08  0.227944E+08  0.227883E+08  0.000000E+00  0.202147E+08
  0.176758E-03  0.202157E+08  0.202157E+08  0.224894E+08  0.224829E+08  0.000000E+00  0.202157E+08
  0.183430E-03  0.202165E+08  0.202165E+08  0.221764E+08  0.221695E+08  0.000000E+00  0.202165E+08
  0.186766E-03  0.202168E+08  0.202168E+08  0.220170E+08  0.220099E+08  0.000000E+00  0.202168E+08
  0.193438E-03  0.202173E+08  0.202173E+08  0.216927E+08  0.216851E+08  0.000000E+00  0.202173E+08
  0.200111E-03  0.202177E+08  0.202177E+08  0.213614E+08  0.213534E+08  0.000000E+00  0.202177E+08
  0.206783E-03  0.202179E+08  0.202179E+08  0.210236E+08  0.210151E+08  0.000000E+00  0.202179E+08
  0.213455E-03  0.202180E+08  0.202180E+08  0.206797E+08  0.206707E+08  0.000000E+00  0.202180E+08
  0.223463E-03  0.202180E+08  0.202180E+08  0.201534E+08  0.201437E+08  0.000000E+00  0.202180E+08
  0.230135E-03  0.202178E+08  0.202178E+08  0.197962E+08  0.197861E+08  0.000000E+00  0.202178E+08
  0.236807E-03  0.202176E+08  0.202176E+08  0.194345E+08  0.194239E+08  0.000000E+00  0.202176E+08
  0.246815E-03  0.202171E+08  0.202171E+08  0.188844E+08  0.188730E+08  0.000000E+00  0.202171E+08
  0.253487E-03  0.202166E+08  0.202166E+08  0.185134E+08  0.185015E+08  0.000000E+00  0.202166E+08
  0.263495E-03  0.202158E+08  0.202158E+08  0.179513E+08  0.179387E+08  0.000000E+00  0.202158E+08
  0.270166E-03  0.202152E+08  0.202152E+08  0.175736E+08  0.175605E+08  0.000000E+00  0.202152E+08
  0.280174E-03  0.202142E+08  0.202142E+08  0.170036E+08  0.169898E+08  0.000000E+00  0.202142E+08
  0.290182E-03  0.202131E+08  0.202131E+08  0.164309E+08  0.164163E+08  0.000000E+00  0.202131E+08
  0.300189E-03  0.202118E+08  0.202118E+08  0.158568E+08  0.158414E+08  0.000000E+00  0.202118E+08
  0.310197E-03  0.202105E+08  0.202105E+08  0.152827E+08  0.152667E+08  0.000000E+00  0.202105E+08
  0.320204E-03  0.202090E+08  0.202090E+08  0.147100E+08  0.146933E+08  0.000000E+00  0.202090E+08
  0.330212E-03  0.202075E+08  0.202075E+08  0.141401E+08  0.141226E+08  0.000000E+00  0.202075E+08
  0.343555E-03  0.202053E+08  0.202053E+08  0.133867E+08  0.133682E+08  0.000000E+00  0.202053E+08
  0.353562E-03  0.202036E+08  0.202035E+08  0.128280E+08  0.128088E+08  0.000000E+00  0.202036E+08
  0.366905E-03  0.202011E+08  0.202011E+08  0.120939E+08  0.120738E+08  0.000000E+00  0.202011E+08
  0.380248E-03  0.201986E+08  0.201986E+08  0.113744E+08  0.113534E+08  0.000000E+00  0.201986E+08
  0.390256E-03  0.201966E+08  0.201966E+08  0.108460E+08  0.108242E+08  0.000000E+00  0.201966E+08
  0.403599E-03  0.201938E+08  0.201938E+08  0.101579E+08  0.101353E+08  0.000000E+00  0.201938E+08
  0.420278E-03  0.201902E+08  0.201902E+08  0.932738E+07  0.930355E+07  0.000000E+00  0.201902E+08
  0.433621E-03  0.201872E+08  0.201872E+08  0.868875E+07  0.866399E+07  0.000000E+00  0.201872E+08
  0.446963E-03  0.201841E+08  0.201841E+08  0.807476E+07  0.804907E+07  0.000000E+00  0.201841E+08
  0.463642E-03  0.201801E+08  0.201801E+08  0.734393E+07  0.731705E+07  0.000000E+00  0.201801E+08
  0.476985E-03  0.201768E+08  0.201768E+08  0.678989E+07  0.676206E+07  0.000000E+00  0.201768E+08
  0.493664E-03  0.201726E+08  0.201725E+08  0.613696E+07  0.610792E+07  0.000000E+00  0.201726E+08
  0.510342E-03  0.201682E+08  0.201681E+08  0.552906E+07  0.549878E+07  0.000000E+00  0.201682E+08
  0.530356E-03  0.201628E+08  0.201627E+08  0.485979E+07  0.482799E+07  0.000000E+00  0.201627E+08
  0.547035E-03  0.201581E+08  0.201581E+08  0.435226E+07  0.431915E+07  0.000000E+00  0.201581E+08
  0.567049E-03  0.201524E+08  0.201523E+08  0.380270E+07  0.376798E+07  0.000000E+00  0.201524E+08
  0.583728E-03  0.201475E+08  0.201474E+08  0.339315E+07  0.335704E+07  0.000000E+00  0.201475E+08
  0.603742E-03  0.201414E+08  0.201414E+08  0.295768E+07  0.291986E+07  0.000000E+00  0.201414E+08
  0.623756E-03  0.201353E+08  0.201352E+08  0.258032E+07  0.254074E+07  0.000000E+00  0.201353E+08
  0.647106E-03  0.201279E+08  0.201278E+08  0.220855E+07  0.216688E+07  0.000000E+00  0.201279E+08
  0.667120E-03  0.201214E+08  0.201214E+08  0.194377E+07  0.190028E+07  0.000000E+00  0.201214E+08
  0.690470E-03  0.201138E+08  0.201137E+08  0.169125E+07  0.164565E+07  0.000000E+00  0.201137E+08
  0.713819E-03  0.201059E+08  0.201058E+08  0.149217E+07  0.144448E+07  0.000000E+00  0.201059E+08
  0.737169E-03  0.200979E+08  0.200978E+08  0.133867E+07  0.128896E+07  0.000000E+00  0.200979E+08
  0.763854E-03  0.200885E+08  0.200884E+08  0.120914E+07  0.115726E+07  0.000000E+00  0.200885E+08
  0.790540E-03  0.200790E+08  0.200789E+08  0.111792E+07  0.106407E+07  0.000000E+00  0.200790E+08
  0.817225E-03  0.200692E+08  0.200692E+08  0.105474E+07  0.999196E+06  0.000000E+00  0.200692E+08
  0.843911E-03  0.200594E+08  0.200593E+08  0.101042E+07  0.953507E+06  0.000000E+00  0.200593E+08
  0.870596E-03  0.200493E+08  0.200492E+08  0.977089E+06  0.919189E+06  0.000000E+00  0.200493E+08
  0.900617E-03  0.200378E+08  0.200377E+08  0.944764E+06  0.886258E+06  0.000000E+00  0.200378E+08
  0.930638E-03  0.200261E+08  0.200260E+08  0.911294E+06  0.852750E+06  0.000000E+00  0.200261E+08
  0.963994E-03  0.200129E+08  0.200128E+08  0.867198E+06  0.809284E+06  0.000000E+00  0.200129E+08
  0.997351E-03  0.199995E+08  0.199993E+08  0.812715E+06  0.756111E+06  0.000000E+00  0.199994E+08
  0.103071E-02  0.199858E+08  0.199857E+08  0.747316E+06  0.692624E+06  0.000000E+00  0.199858E+08
  0.106406E-02  0.199720E+08  0.199718E+08  0.672634E+06  0.620346E+06  0.000000E+00  0.199720E+08
  0.110076E-02  0.199566E+08  0.199564E+08  0.583543E+06  0.534290E+06  0.000000E+00  0.199566E+08
  0.113745E-02  0.199409E+08  0.199408E+08  0.492346E+06  0.446321E+06  0.000000E+00  0.199409E+08
  0.117748E-02  0.199236E+08  0.199234E+08  0.396956E+06  0.354398E+06  0.000000E+00  0.199236E+08
  0.121750E-02  0.199061E+08  0.199059E+08  0.312000E+06  0.272571E+06  0.000000E+00  0.199061E+08
  0.125753E-02  0.198884E+08  0.198881E+08  0.242099E+06  0.205216E+06  0.000000E+00  0.198883E+08
  0.130090E-02  0.198689E+08  0.198686E+08  0.186088E+06  0.151105E+06  0.000000E+00  0.198688E+08
  0.134426E-02  0.198491E+08  0.198489E+08  0.150526E+06  0.116449E+06  0.000000E+00  0.198491E+08
  0.139096E-02  0.198276E+08  0.198274E+08  0.131907E+06  0.977149E+05  0.000000E+00  0.198276E+08
  0.143766E-02  0.198059E+08  0.198056E+08  0.127914E+06  0.926412E+05  0.000000E+00  0.198059E+08
  0.148769E-02  0.197823E+08  0.197820E+08  0.000000E+00  0.000000E+00  0.000000E+00  0.197823E+08
  0.153773E-02  0.197585E+08  0.197582E+08  0.000000E+00  0.000000E+00  0.000000E+00  0.197584E+08
  0.158776E-02  0.197344E+08  0.197341E+08  0.000000E+00  0.000000E+00  0.000000E+00  0.197344E+08
  0.164447E-02  0.197069E+08  0.197065E+08  0.000000E+00  0.000000E+00  0.000000E+00  0.197068E+08
  0.169784E-02  0.196807E+08  0.196803E+08  0.000000E+00  0.000000E+00  0.000000E+00  0.196806E+08
  0.175454E-02  0.196526E+08  0.196521E+08  0.000000E+00  0.000000E+00  0.000000E+00  0.196525E+08
  0.181459E-02  0.196225E+08  0.196221E+08  0.000000E+00  0.000000E+00  0.000000E+00  0.196225E+08
  0.187796E-02  0.195906E+08  0.195901E+08  0.000000E+00  0.000000E+00  0.000000E+00  0.195905E+08
  0.194134E-02  0.195583E+08  0.195578E+08  0.000000E+00  0.000000E+00  0.000000E+00  0.195582E+08
  0.200805E-02  0.195241E+08  0.195235E+08  0.000000E+00  0.000000E+00  0.000000E+00  0.195240E+08
  0.207477E-02  0.194896E+08  0.194890E+08  0.000000E+00  0.000000E+00  0.000000E+00  0.194895E+08
  0.214481E-02  0.194531E+08  0.194525E+08  0.000000E+00  0.000000E+00  0.000000E+00  0.194530E+08
  0.221820E-02  0.194146E+08  0.194140E+08  0.000000E+00  0.000000E+00  0.000000E+00  0.194145E+08
  0.229158E-02  0.193759E+08  0.193752E+08  0.000000E+00  0.000000E+00  0.000000E+00  0.193758E+08
  0.237164E-02  0.193334E+08  0.193326E+08  0.000000E+00  0.000000E+00  0.000000E+00  0.193332E+08
  0.245169E-02  0.192906E+08  0.192897E+08  0.000000E+00  0.000000E+00  0.000000E+00  0.192904E+08
  0.253508E-02  0.192457E+08  0.192448E+08  0.000000E+00  0.000000E+00  0.000000E+00  0.192456E+08
  0.261848E-02  0.192007E+08  0.191997E+08  0.000000E+00  0.000000E+00  0.000000E+00  0.192005E+08
  0.270854E-02  0.191518E+08  0.191508E+08  0.000000E+00  0.000000E+00  0.000000E+00  0.191516E+08
  0.280194E-02  0.191008E+08  0.190998E+08  0.000000E+00  0.000000E+00  0.000000E+00  0.191006E+08
  0.289533E-02  0.190497E+08  0.190485E+08  0.000000E+00  0.000000E+00  0.000000E+00  0.190495E+08
  0.299207E-02  0.189965E+08  0.189953E+08  0.000000E+00  0.000000E+00  0.000000E+00  0.189963E+08
  0.309547E-02  0.189395E+08  0.189382E+08  0.000000E+00  0.000000E+00  0.000000E+00  0.189392E+08
  0.319888E-02  0.188822E+08  0.188809E+08  0.000000E+00  0.000000E+00  0.000000E+00  0.188820E+08
  0.330895E-02  0.188212E+08  0.188197E+08  0.000000E+00  0.000000E+00  0.000000E+00  0.188209E+08
  0.341903E-02  0.187600E+08  0.187584E+08  0.000000E+00  0.000000E+00  0.000000E+00  0.187597E+08
  0.353578E-02  0.186950E+08  0.186933E+08  0.000000E+00  0.000000E+00  0.000000E+00  0.186947E+08
  0.365586E-02  0.186280E+08  0.186262E+08  0.000000E+00  0.000000E+00  0.000000E+00  0.186277E+08
  0.377928E-02  0.185590E+08  0.185571E+08  0.000000E+00  0.000000E+00  0.000000E+00  0.185587E+08
  0.390937E-02  0.184863E+08  0.184843E+08  0.000000E+00  0.000000E+00  0.000000E+00  0.184860E+08
  0.403946E-02  0.184136E+08  0.184114E+08  0.000000E+00  0.000000E+00  0.000000E+00  0.184132E+08
  0.417622E-02  0.183371E+08  0.183348E+08  0.000000E+00  0.000000E+00  0.000000E+00  0.183367E+08
  0.431965E-02  0.182570E+08  0.182545E+08  0.000000E+00  0.000000E+00  0.000000E+00  0.182566E+08
  0.446642E-02  0.181750E+08  0.181724E+08  0.000000E+00  0.000000E+00  0.000000E+00  0.181746E+08
  0.461653E-02  0.180913E+08  0.180885E+08  0.000000E+00  0.000000E+00  0.000000E+00  0.180908E+08
  0.477330E-02  0.180040E+08  0.180010E+08  0.000000E+00  0.000000E+00  0.000000E+00  0.180035E+08
  0.493675E-02  0.179131E+08  0.179099E+08  0.000000E+00  0.000000E+00  0.000000E+00  0.179126E+08
  0.510353E-02  0.178206E+08  0.178172E+08  0.000000E+00  0.000000E+00  0.000000E+00  0.178200E+08
  0.527698E-02  0.177247E+08  0.177211E+08  0.000000E+00  0.000000E+00  0.000000E+00  0.177241E+08
  0.545377E-02  0.176272E+08  0.176233E+08  0.000000E+00  0.000000E+00  0.000000E+00  0.176265E+08
  0.564057E-02  0.175245E+08  0.175204E+08  0.000000E+00  0.000000E+00  0.000000E+00  0.175238E+08
  0.583070E-02  0.174204E+08  0.174160E+08  0.000000E+00  0.000000E+00  0.000000E+00  0.174196E+08
  0.602750E-02  0.173131E+08  0.173084E+08  0.000000E+00  0.000000E+00  0.000000E+00  0.173123E+08
  0.623098E-02  0.172026E+08  0.171976E+08  0.000000E+00  0.000000E+00  0.000000E+00  0.172017E+08
  0.644446E-02  0.170872E+08  0.170820E+08  0.000000E+00  0.000000E+00  0.000000E+00  0.170863E+08
  0.666127E-02  0.169706E+08  0.169651E+08  0.000000E+00  0.000000E+00  0.000000E+00  0.169697E+08
  0.688810E-02  0.168494E+08  0.168434E+08  0.000000E+00  0.000000E+00  0.000000E+00  0.168484E+08
  0.712159E-02  0.167252E+08  0.167189E+08  0.000000E+00  0.000000E+00  0.000000E+00  0.167242E+08
  0.736176E-02  0.165983E+08  0.165916E+08  0.000000E+00  0.000000E+00  0.000000E+00  0.165972E+08
  0.761193E-02  0.164670E+08  0.164599E+08  0.000000E+00  0.000000E+00  0.000000E+00  0.164658E+08
  0.787211E-02  0.163313E+08  0.163237E+08  0.000000E+00  0.000000E+00  0.000000E+00  0.163300E+08
  0.813896E-02  0.161932E+08  0.161851E+08  0.000000E+00  0.000000E+00  0.000000E+00  0.161918E+08
  0.841249E-02  0.160526E+08  0.160440E+08  0.000000E+00  0.000000E+00  0.000000E+00  0.160511E+08
  0.869935E-02  0.159063E+08  0.158972E+08  0.000000E+00  0.000000E+00  0.000000E+00  0.159047E+08
  0.899289E-02  0.157578E+08  0.157481E+08  0.000000E+00  0.000000E+00  0.000000E+00  0.157561E+08
  0.929643E-02  0.156055E+08  0.155952E+08  0.000000E+00  0.000000E+00  0.000000E+00  0.156037E+08
  0.961332E-02  0.154478E+08  0.154370E+08  0.000000E+00  0.000000E+00  0.000000E+00  0.154460E+08
  0.994021E-02  0.152866E+08  0.152751E+08  0.000000E+00  0.000000E+00  0.000000E+00  0.152847E+08
  0.102771E-01  0.151220E+08  0.151098E+08  0.000000E+00  0.000000E+00  0.000000E+00  0.151199E+08
  0.106240E-01  0.149541E+08  0.149412E+08  0.000000E+00  0.000000E+00  0.000000E+00  0.149519E+08
  0.109843E-01  0.147815E+08  0.147678E+08  0.000000E+00  0.000000E+00  0.000000E+00  0.147792E+08
  0.113579E-01  0.146043E+08  0.145898E+08  0.000000E+00  0.000000E+00  0.000000E+00  0.146018E+08
  0.117415E-01  0.144242E+08  0.144089E+08  0.000000E+00  0.000000E+00  0.000000E+00  0.144216E+08
  0.121384E-01  0.142398E+08  0.142237E+08  0.000000E+00  0.000000E+00  0.000000E+00  0.142371E+08
  0.125520E-01  0.140498E+08  0.140328E+08  0.000000E+00  0.000000E+00  0.000000E+00  0.140469E+08
  0.129756E-01  0.138575E+08  0.138395E+08  0.000000E+00  0.000000E+00  0.000000E+00  0.138544E+08
  0.134159E-01  0.136599E+08  0.136409E+08  0.000000E+00  0.000000E+00  0.000000E+00  0.136567E+08
  0.138696E-01  0.134588E+08  0.134388E+08  0.000000E+00  0.000000E+00  0.000000E+00  0.134554E+08
  0.143399E-01  0.132530E+08  0.132318E+08  0.000000E+00  0.000000E+00  0.000000E+00  0.132493E+08
  0.148269E-01  0.130426E+08  0.130204E+08  0.000000E+00  0.000000E+00  0.000000E+00  0.130388E+08
  0.153306E-01  0.128280E+08  0.128046E+08  0.000000E+00  0.000000E+00  0.000000E+00  0.128240E+08
  0.158510E-01  0.126094E+08  0.125848E+08  0.000000E+00  0.000000E+00  0.000000E+00  0.126052E+08
  0.163880E-01  0.123871E+08  0.123613E+08  0.000000E+00  0.000000E+00  0.000000E+00  0.123826E+08
  0.169417E-01  0.121613E+08  0.121343E+08  0.000000E+00  0.000000E+00  0.000000E+00  0.121567E+08
  0.175155E-01  0.119312E+08  0.119029E+08  0.000000E+00  0.000000E+00  0.000000E+00  0.119264E+08
  0.181092E-01  0.116970E+08  0.116674E+08  0.000000E+00  0.000000E+00  0.000000E+00  0.116920E+08
  0.187230E-01  0.114592E+08  0.114282E+08  0.000000E+00  0.000000E+00  0.000000E+00  0.114539E+08
  0.193601E-01  0.112169E+08  0.111846E+08  0.000000E+00  0.000000E+00  0.000000E+00  0.112114E+08
  0.200138E-01  0.109731E+08  0.109394E+08  0.000000E+00  0.000000E+00  0.000000E+00  0.109674E+08
  0.206943E-01  0.107246E+08  0.106896E+08  0.000000E+00  0.000000E+00  0.000000E+00  0.107186E+08
  0.213948E-01  0.104743E+08  0.104379E+08  0.000000E+00  0.000000E+00  0.000000E+00  0.104681E+08
  0.221186E-01  0.102216E+08  0.101839E+08  0.000000E+00  0.000000E+00  0.000000E+00  0.102152E+08
  0.228692E-01  0.996606E+07  0.992708E+07  0.000000E+00  0.000000E+00  0.000000E+00  0.995940E+07
  0.236430E-01  0.970942E+07  0.966918E+07  0.000000E+00  0.000000E+00  0.000000E+00  0.970254E+07
  0.244469E-01  0.945024E+07  0.940879E+07  0.000000E+00  0.000000E+00  0.000000E+00  0.944316E+07
  0.252742E-01  0.919146E+07  0.914887E+07  0.000000E+00  0.000000E+00  0.000000E+00  0.918418E+07
  0.261314E-01  0.893178E+07  0.888813E+07  0.000000E+00  0.000000E+00  0.000000E+00  0.892432E+07
  0.270154E-01  0.867312E+07  0.862850E+07  0.000000E+00  0.000000E+00  0.000000E+00  0.866549E+07
  0.279327E-01  0.841445E+07  0.836899E+07  0.000000E+00  0.000000E+00  0.000000E+00  0.840668E+07
  0.288800E-01  0.815775E+07  0.811158E+07  0.000000E+00  0.000000E+00  0.000000E+00  0.814986E+07
  0.298573E-01  0.790400E+07  0.785727E+07  0.000000E+00  0.000000E+00  0.000000E+00  0.789602E+07
  0.308714E-01  0.765255E+07  0.760542E+07  0.000000E+00  0.000000E+00  0.000000E+00  0.764450E+07
  0.319154E-01  0.740419E+07  0.735685E+07  0.000000E+00  0.000000E+00  0.000000E+00  0.739610E+07
  0.329995E-01  0.720505E+07  0.715768E+07  0.000000E+00  0.000000E+00  0.000000E+00  0.719695E+07
  0.341169E-01  0.696662E+07  0.691946E+07  0.000000E+00  0.000000E+00  0.000000E+00  0.695856E+07
  0.352744E-01  0.673426E+07  0.668754E+07  0.000000E+00  0.000000E+00  0.000000E+00  0.672628E+07
  0.364686E-01  0.650975E+07  0.646372E+07  0.000000E+00  0.000000E+00  0.000000E+00  0.650189E+07
  0.377061E-01  0.629288E+07  0.624778E+07  0.000000E+00  0.000000E+00  0.000000E+00  0.628517E+07
  0.389836E-01  0.608512E+07  0.604120E+07  0.000000E+00  0.000000E+00  0.000000E+00  0.607761E+07
  0.403045E-01  0.588660E+07  0.584412E+07  0.000000E+00  0.000000E+00  0.000000E+00  0.587934E+07
  0.416722E-01  0.569735E+07  0.565655E+07  0.000000E+00  0.000000E+00  0.000000E+00  0.569038E+07
  0.430831E-01  0.549145E+07  0.545257E+07  0.000000E+00  0.000000E+00  0.000000E+00  0.548481E+07
  0.445441E-01  0.532090E+07  0.528413E+07  0.000000E+00  0.000000E+00  0.000000E+00  0.531461E+07
  0.460519E-01  0.515975E+07  0.512526E+07  0.000000E+00  0.000000E+00  0.000000E+00  0.515386E+07
  0.476129E-01  0.500713E+07  0.497506E+07  0.000000E+00  0.000000E+00  0.000000E+00  0.500165E+07
  0.492274E-01  0.486290E+07  0.483335E+07  0.000000E+00  0.000000E+00  0.000000E+00  0.485785E+07
  0.508952E-01  0.472645E+07  0.469945E+07  0.000000E+00  0.000000E+00  0.000000E+00  0.472184E+07
  0.526231E-01  0.461056E+07  0.458608E+07  0.000000E+00  0.000000E+00  0.000000E+00  0.460638E+07
  0.544043E-01  0.448708E+07  0.446504E+07  0.000000E+00  0.000000E+00  0.000000E+00  0.448331E+07
  0.562489E-01  0.436758E+07  0.434783E+07  0.000000E+00  0.000000E+00  0.000000E+00  0.436421E+07
  0.581569E-01  0.425028E+07  0.423260E+07  0.000000E+00  0.000000E+00  0.000000E+00  0.424726E+07
  0.601283E-01  0.413327E+07  0.411739E+07  0.000000E+00  0.000000E+00  0.000000E+00  0.413055E+07
  0.621663E-01  0.400447E+07  0.399007E+07  0.000000E+00  0.000000E+00  0.000000E+00  0.400201E+07
  0.642711E-01  0.388293E+07  0.386961E+07  0.000000E+00  0.000000E+00  0.000000E+00  0.388065E+07
  0.664526E-01  0.375742E+07  0.374481E+07  0.000000E+00  0.000000E+00  0.000000E+00  0.375527E+07
  0.687042E-01  0.362800E+07  0.361569E+07  0.000000E+00  0.000000E+00  0.000000E+00  0.362590E+07
  0.710325E-01  0.349922E+07  0.348685E+07  0.000000E+00  0.000000E+00  0.000000E+00  0.349711E+07
  0.734408E-01  0.336176E+07  0.334900E+07  0.000000E+00  0.000000E+00  0.000000E+00  0.335958E+07
  0.759292E-01  0.322005E+07  0.320665E+07  0.000000E+00  0.000000E+00  0.000000E+00  0.321776E+07
  0.785043E-01  0.307530E+07  0.306109E+07  0.000000E+00  0.000000E+00  0.000000E+00  0.307287E+07
  0.811628E-01  0.293040E+07  0.291535E+07  0.000000E+00  0.000000E+00  0.000000E+00  0.292783E+07
  0.839147E-01  0.278825E+07  0.277243E+07  0.000000E+00  0.000000E+00  0.000000E+00  0.278555E+07
  0.867600E-01  0.265229E+07  0.263590E+07  0.000000E+00  0.000000E+00  0.000000E+00  0.264949E+07
  0.896987E-01  0.252532E+07  0.250867E+07  0.000000E+00  0.000000E+00  0.000000E+00  0.252248E+07
  0.927408E-01  0.240899E+07  0.239246E+07  0.000000E+00  0.000000E+00  0.000000E+00  0.240616E+07
  0.958830E-01  0.230466E+07  0.228866E+07  0.000000E+00  0.000000E+00  0.000000E+00  0.230192E+07
  0.991319E-01  0.221257E+07  0.219753E+07  0.000000E+00  0.000000E+00  0.000000E+00  0.221000E+07
  0.102494E+00  0.213229E+07  0.211855E+07  0.000000E+00  0.000000E+00  0.000000E+00  0.212994E+07
  0.105967E+00  0.206260E+07  0.205039E+07  0.000000E+00  0.000000E+00  0.000000E+00  0.206051E+07
  0.109559E+00  0.200049E+07  0.198990E+07  0.000000E+00  0.000000E+00  0.000000E+00  0.199868E+07
  0.113272E+00  0.194186E+07  0.193277E+07  0.000000E+00  0.000000E+00  0.000000E+00  0.194031E+07
  0.117111E+00  0.188236E+07  0.187451E+07  0.000000E+00  0.000000E+00  0.000000E+00  0.188102E+07
  0.121080E+00  0.181879E+07  0.181180E+07  0.000000E+00  0.000000E+00  0.000000E+00  0.181760E+07
  0.125187E+00  0.174917E+07  0.174257E+07  0.000000E+00  0.000000E+00  0.000000E+00  0.174804E+07
  0.129430E+00  0.167284E+07  0.166621E+07  0.000000E+00  0.000000E+00  0.000000E+00  0.167171E+07
  0.133816E+00  0.159083E+07  0.158382E+07  0.000000E+00  0.000000E+00  0.000000E+00  0.158963E+07
  0.138352E+00  0.150600E+07  0.149846E+07  0.000000E+00  0.000000E+00  0.000000E+00  0.150471E+07
  0.143042E+00  0.142274E+07  0.141472E+07  0.000000E+00  0.000000E+00  0.000000E+00  0.142137E+07
  0.147889E+00  0.134593E+07  0.133766E+07  0.000000E+00  0.000000E+00  0.000000E+00  0.134452E+07
  0.152902E+00  0.127910E+07  0.127096E+07  0.000000E+00  0.000000E+00  0.000000E+00  0.127771E+07
  0.158086E+00  0.122357E+07  0.121594E+07  0.000000E+00  0.000000E+00  0.000000E+00  0.122227E+07
  0.163443E+00  0.117797E+07  0.117115E+07  0.000000E+00  0.000000E+00  0.000000E+00  0.117681E+07
  0.168984E+00  0.113852E+07  0.113262E+07  0.000000E+00  0.000000E+00  0.000000E+00  0.113751E+07
  0.174711E+00  0.110061E+07  0.109553E+07  0.000000E+00  0.000000E+00  0.000000E+00  0.109974E+07
  0.180632E+00  0.105982E+07  0.105527E+07  0.000000E+00  0.000000E+00  0.000000E+00  0.105904E+07
  0.186756E+00  0.101339E+07  0.100902E+07  0.000000E+00  0.000000E+00  0.000000E+00  0.101264E+07
  0.193087E+00  0.961971E+06  0.957484E+06  0.000000E+00  0.000000E+00  0.000000E+00  0.961205E+06
  0.199631E+00  0.908908E+06  0.904190E+06  0.000000E+00  0.000000E+00  0.000000E+00  0.908102E+06
  0.206396E+00  0.858513E+06  0.853658E+06  0.000000E+00  0.000000E+00  0.000000E+00  0.857684E+06
  0.213391E+00  0.814867E+06  0.810115E+06  0.000000E+00  0.000000E+00  0.000000E+00  0.814055E+06
  0.220626E+00  0.779147E+06  0.774753E+06  0.000000E+00  0.000000E+00  0.000000E+00  0.778396E+06
  0.228104E+00  0.748926E+06  0.745024E+06  0.000000E+00  0.000000E+00  0.000000E+00  0.748259E+06
  0.235836E+00  0.720201E+06  0.716742E+06  0.000000E+00  0.000000E+00  0.000000E+00  0.719610E+06
  0.243829E+00  0.689339E+06  0.686130E+06  0.000000E+00  0.000000E+00  0.000000E+00  0.688791E+06
  0.252094E+00  0.655238E+06  0.652072E+06  0.000000E+00  0.000000E+00  0.000000E+00  0.654697E+06
  0.260637E+00  0.619932E+06  0.616718E+06  0.000000E+00  0.000000E+00  0.000000E+00  0.619383E+06
  0.269473E+00  0.586902E+06  0.583704E+06  0.000000E+00  0.000000E+00  0.000000E+00  0.586355E+06
  0.278606E+00  0.558499E+06  0.555464E+06  0.000000E+00  0.000000E+00  0.000000E+00  0.557981E+06
  0.288049E+00  0.534203E+06  0.531432E+06  0.000000E+00  0.000000E+00  0.000000E+00  0.533729E+06
  0.297813E+00  0.511186E+06  0.508658E+06  0.000000E+00  0.000000E+00  0.000000E+00  0.510754E+06
  0.307906E+00  0.487197E+06  0.484802E+06  0.000000E+00  0.000000E+00  0.000000E+00  0.486787E+06
  0.318344E+00  0.462117E+06  0.459765E+06  0.000000E+00  0.000000E+00  0.000000E+00  0.461715E+06
  0.329134E+00  0.437920E+06  0.435614E+06  0.000000E+00  0.000000E+00  0.000000E+00  0.437526E+06
  0.340289E+00  0.416327E+06  0.414136E+06  0.000000E+00  0.000000E+00  0.000000E+00  0.415952E+06
  0.351823E+00  0.397033E+06  0.395001E+06  0.000000E+00  0.000000E+00  0.000000E+00  0.396686E+06
  0.363748E+00  0.378355E+06  0.376455E+06  0.000000E+00  0.000000E+00  0.000000E+00  0.378030E+06
  0.376080E+00  0.359409E+06  0.357585E+06  0.000000E+00  0.000000E+00  0.000000E+00  0.359098E+06
  0.388826E+00  0.340879E+06  0.339115E+06  0.000000E+00  0.000000E+00  0.000000E+00  0.340578E+06
  0.402005E+00  0.323812E+06  0.322135E+06  0.000000E+00  0.000000E+00  0.000000E+00  0.323526E+06
  0.415631E+00  0.308114E+06  0.306540E+06  0.000000E+00  0.000000E+00  0.000000E+00  0.307845E+06
  0.429721E+00  0.292916E+06  0.291428E+06  0.000000E+00  0.000000E+00  0.000000E+00  0.292662E+06
  0.444284E+00  0.277993E+06  0.276568E+06  0.000000E+00  0.000000E+00  0.000000E+00  0.277749E+06
  0.459344E+00  0.263835E+06  0.262476E+06  0.000000E+00  0.000000E+00  0.000000E+00  0.263603E+06
  0.474915E+00  0.250651E+06  0.249368E+06  0.000000E+00  0.000000E+00  0.000000E+00  0.250432E+06
  0.491010E+00  0.238060E+06  0.236845E+06  0.000000E+00  0.000000E+00  0.000000E+00  0.237853E+06
  0.507655E+00  0.225888E+06  0.224731E+06  0.000000E+00  0.000000E+00  0.000000E+00  0.225691E+06
  0.524860E+00  0.214347E+06  0.213247E+06  0.000000E+00  0.000000E+00  0.000000E+00  0.214159E+06
  0.542652E+00  0.203456E+06  0.202416E+06  0.000000E+00  0.000000E+00  0.000000E+00  0.203279E+06
  0.561045E+00  0.193043E+06  0.192055E+06  0.000000E+00  0.000000E+00  0.000000E+00  0.192874E+06
  0.580061E+00  0.183099E+06  0.182161E+06  0.000000E+00  0.000000E+00  0.000000E+00  0.182939E+06
  0.599722E+00  0.173686E+06  0.172797E+06  0.000000E+00  0.000000E+00  0.000000E+00  0.173534E+06
  0.620049E+00  0.164729E+06  0.163887E+06  0.000000E+00  0.000000E+00  0.000000E+00  0.164585E+06
  0.641067E+00  0.156193E+06  0.155394E+06  0.000000E+00  0.000000E+00  0.000000E+00  0.156057E+06
  0.662795E+00  0.148094E+06  0.147337E+06  0.000000E+00  0.000000E+00  0.000000E+00  0.147965E+06
  0.685261E+00  0.140395E+06  0.139677E+06  0.000000E+00  0.000000E+00  0.000000E+00  0.140272E+06
  0.708487E+00  0.133073E+06  0.132392E+06  0.000000E+00  0.000000E+00  0.000000E+00  0.132957E+06
  0.732503E+00  0.126120E+06  0.125475E+06  0.000000E+00  0.000000E+00  0.000000E+00  0.126010E+06
  0.757331E+00  0.119513E+06  0.118901E+06  0.000000E+00  0.000000E+00  0.000000E+00  0.119408E+06
  0.783002E+00  0.113237E+06  0.112658E+06  0.000000E+00  0.000000E+00  0.000000E+00  0.113139E+06
  0.809540E+00  0.107279E+06  0.106730E+06  0.000000E+00  0.000000E+00  0.000000E+00  0.107185E+06
  0.836979E+00  0.101620E+06  0.101100E+06  0.000000E+00  0.000000E+00  0.000000E+00  0.101531E+06
  0.865349E+00  0.962489E+05  0.957567E+05  0.000000E+00  0.000000E+00  0.000000E+00  0.961648E+05
  0.894679E+00  0.911510E+05  0.906849E+05  0.000000E+00  0.000000E+00  0.000000E+00  0.910713E+05
  0.925003E+00  0.863135E+05  0.858721E+05  0.000000E+00  0.000000E+00  0.000000E+00  0.862381E+05
  0.956358E+00  0.817229E+05  0.813050E+05  0.000000E+00  0.000000E+00  0.000000E+00  0.816515E+05
  0.988774E+00  0.773675E+05  0.769720E+05  0.000000E+00  0.000000E+00  0.000000E+00  0.772999E+05
  0.102229E+01  0.732360E+05  0.728616E+05  0.000000E+00  0.000000E+00  0.000000E+00  0.731721E+05
  0.105694E+01  0.693166E+05  0.689622E+05  0.000000E+00  0.000000E+00  0.000000E+00  0.692561E+05
  0.109276E+01  0.656006E+05  0.652652E+05  0.000000E+00  0.000000E+00  0.000000E+00  0.655433E+05
  0.112980E+01  0.620765E+05  0.617592E+05  0.000000E+00  0.000000E+00  0.000000E+00  0.620223E+05
  0.116810E+01  0.587362E+05  0.584360E+05  0.000000E+00  0.000000E+00  0.000000E+00  0.586849E+05
  0.120769E+01  0.555697E+05  0.552856E+05  0.000000E+00  0.000000E+00  0.000000E+00  0.555211E+05
  0.124863E+01  0.525682E+05  0.522995E+05  0.000000E+00  0.000000E+00  0.000000E+00  0.525223E+05
  0.129095E+01  0.497240E+05  0.494699E+05  0.000000E+00  0.000000E+00  0.000000E+00  0.496806E+05
  0.133471E+01  0.470293E+05  0.467890E+05  0.000000E+00  0.000000E+00  0.000000E+00  0.469883E+05
  0.137994E+01  0.444763E+05  0.442490E+05  0.000000E+00  0.000000E+00  0.000000E+00  0.444374E+05
  0.142672E+01  0.420576E+05  0.418427E+05  0.000000E+00  0.000000E+00  0.000000E+00  0.420209E+05
  0.147508E+01  0.397664E+05  0.395631E+05  0.000000E+00  0.000000E+00  0.000000E+00  0.397316E+05
  0.152508E+01  0.375964E+05  0.374043E+05  0.000000E+00  0.000000E+00  0.000000E+00  0.375636E+05
  0.157677E+01  0.355418E+05  0.353602E+05  0.000000E+00  0.000000E+00  0.000000E+00  0.355108E+05
  0.163021E+01  0.335963E+05  0.334246E+05  0.000000E+00  0.000000E+00  0.000000E+00  0.335670E+05
  0.168547E+01  0.317546E+05  0.315923E+05  0.000000E+00  0.000000E+00  0.000000E+00  0.317268E+05
  0.174260E+01  0.300112E+05  0.298578E+05  0.000000E+00  0.000000E+00  0.000000E+00  0.299850E+05
  0.180166E+01  0.283611E+05  0.282162E+05  0.000000E+00  0.000000E+00  0.000000E+00  0.283363E+05
  0.186273E+01  0.267993E+05  0.266624E+05  0.000000E+00  0.000000E+00  0.000000E+00  0.267759E+05
  0.192587E+01  0.253214E+05  0.251920E+05  0.000000E+00  0.000000E+00  0.000000E+00  0.252993E+05
  0.199115E+01  0.239229E+05  0.238007E+05  0.000000E+00  0.000000E+00  0.000000E+00  0.239020E+05
  0.205864E+01  0.225998E+05  0.224843E+05  0.000000E+00  0.000000E+00  0.000000E+00  0.225801E+05
  0.212842E+01  0.213481E+05  0.212391E+05  0.000000E+00  0.000000E+00  0.000000E+00  0.213295E+05
  0.220056E+01  0.201643E+05  0.200613E+05  0.000000E+00  0.000000E+00  0.000000E+00  0.201467E+05
  0.227515E+01  0.190445E+05  0.189472E+05  0.000000E+00  0.000000E+00  0.000000E+00  0.190279E+05
  0.235226E+01  0.179856E+05  0.178938E+05  0.000000E+00  0.000000E+00  0.000000E+00  0.179700E+05
  0.243199E+01  0.169842E+05  0.168975E+05  0.000000E+00  0.000000E+00  0.000000E+00  0.169694E+05
  0.251442E+01  0.160374E+05  0.159555E+05  0.000000E+00  0.000000E+00  0.000000E+00  0.160234E+05
  0.259965E+01  0.151421E+05  0.150648E+05  0.000000E+00  0.000000E+00  0.000000E+00  0.151289E+05
  0.268777E+01  0.142958E+05  0.142228E+05  0.000000E+00  0.000000E+00  0.000000E+00  0.142833E+05
  0.277887E+01  0.134959E+05  0.134269E+05  0.000000E+00  0.000000E+00  0.000000E+00  0.134841E+05
  0.287306E+01  0.127398E+05  0.126747E+05  0.000000E+00  0.000000E+00  0.000000E+00  0.127286E+05
  0.297044E+01  0.120252E+05  0.119637E+05  0.000000E+00  0.000000E+00  0.000000E+00  0.120147E+05
  0.307113E+01  0.113498E+05  0.112919E+05  0.000000E+00  0.000000E+00  0.000000E+00  0.113399E+05
  0.317522E+01  0.107117E+05  0.106570E+05  0.000000E+00  0.000000E+00  0.000000E+00  0.107024E+05
  0.328285E+01  0.101087E+05  0.100571E+05  0.000000E+00  0.000000E+00  0.000000E+00  0.100999E+05
  0.339412E+01  0.953910E+04  0.949039E+04  0.000000E+00  0.000000E+00  0.000000E+00  0.953078E+04
  0.350916E+01  0.900098E+04  0.895501E+04  0.000000E+00  0.000000E+00  0.000000E+00  0.899312E+04
  0.362810E+01  0.849270E+04  0.844933E+04  0.000000E+00  0.000000E+00  0.000000E+00  0.848529E+04
  0.375108E+01  0.801254E+04  0.797163E+04  0.000000E+00  0.000000E+00  0.000000E+00  0.800555E+04
  0.387822E+01  0.755906E+04  0.752046E+04  0.000000E+00  0.000000E+00  0.000000E+00  0.755247E+04
  0.400968E+01  0.713079E+04  0.709438E+04  0.000000E+00  0.000000E+00  0.000000E+00  0.712456E+04
  0.414558E+01  0.672639E+04  0.669204E+04  0.000000E+00  0.000000E+00  0.000000E+00  0.672052E+04
  0.428610E+01  0.634454E+04  0.631215E+04  0.000000E+00  0.000000E+00  0.000000E+00  0.633900E+04
  0.443138E+01  0.598401E+04  0.595345E+04  0.000000E+00  0.000000E+00  0.000000E+00  0.597879E+04
  0.458158E+01  0.564361E+04  0.561479E+04  0.000000E+00  0.000000E+00  0.000000E+00  0.563869E+04
  0.473688E+01  0.532224E+04  0.529507E+04  0.000000E+00  0.000000E+00  0.000000E+00  0.531760E+04
  0.489743E+01  0.501892E+04  0.499329E+04  0.000000E+00  0.000000E+00  0.000000E+00  0.501454E+04
  0.506343E+01  0.473261E+04  0.470844E+04  0.000000E+00  0.000000E+00  0.000000E+00  0.472848E+04
  0.523505E+01  0.446238E+04  0.443960E+04  0.000000E+00  0.000000E+00  0.000000E+00  0.445849E+04
  0.541250E+01  0.420733E+04  0.418585E+04  0.000000E+00  0.000000E+00  0.000000E+00  0.420366E+04
  0.559595E+01  0.396664E+04  0.394639E+04  0.000000E+00  0.000000E+00  0.000000E+00  0.396318E+04
  0.578563E+01  0.373952E+04  0.372043E+04  0.000000E+00  0.000000E+00  0.000000E+00  0.373626E+04
  0.598173E+01  0.352522E+04  0.350722E+04  0.000000E+00  0.000000E+00  0.000000E+00  0.352214E+04
  0.618449E+01  0.332302E+04  0.330605E+04  0.000000E+00  0.000000E+00  0.000000E+00  0.332012E+04
  0.639411E+01  0.313225E+04  0.311626E+04  0.000000E+00  0.000000E+00  0.000000E+00  0.312951E+04
  0.661084E+01  0.295227E+04  0.293720E+04  0.000000E+00  0.000000E+00  0.000000E+00  0.294970E+04
  0.683491E+01  0.278251E+04  0.276831E+04  0.000000E+00  0.000000E+00  0.000000E+00  0.278009E+04
  0.706659E+01  0.262237E+04  0.260899E+04  0.000000E+00  0.000000E+00  0.000000E+00  0.262009E+04
  0.730611E+01  0.247132E+04  0.245870E+04  0.000000E+00  0.000000E+00  0.000000E+00  0.246916E+04
  0.755375E+01  0.232885E+04  0.231697E+04  0.000000E+00  0.000000E+00  0.000000E+00  0.232682E+04
  0.780979E+01  0.219450E+04  0.218330E+04  0.000000E+00  0.000000E+00  0.000000E+00  0.219259E+04
  0.807450E+01  0.206780E+04  0.205725E+04  0.000000E+00  0.000000E+00  0.000000E+00  0.206600E+04
  0.834819E+01  0.194831E+04  0.193837E+04  0.000000E+00  0.000000E+00  0.000000E+00  0.194661E+04
  0.863114E+01  0.183565E+04  0.182628E+04  0.000000E+00  0.000000E+00  0.000000E+00  0.183405E+04
  0.892370E+01  0.172942E+04  0.172059E+04  0.000000E+00  0.000000E+00  0.000000E+00  0.172791E+04
  0.922617E+01  0.162926E+04  0.162095E+04  0.000000E+00  0.000000E+00  0.000000E+00  0.162784E+04
  0.953890E+01  0.153483E+04  0.152700E+04  0.000000E+00  0.000000E+00  0.000000E+00  0.153349E+04
  0.986221E+01  0.144581E+04  0.143843E+04  0.000000E+00  0.000000E+00  0.000000E+00  0.144455E+04
  0.101965E+02  0.136190E+04  0.135495E+04  0.000000E+00  0.000000E+00  0.000000E+00  0.136071E+04
  0.105421E+02  0.128280E+04  0.127625E+04  0.000000E+00  0.000000E+00  0.000000E+00  0.128168E+04
  0.108994E+02  0.120823E+04  0.120207E+04  0.000000E+00  0.000000E+00  0.000000E+00  0.120718E+04
  0.112689E+02  0.113796E+04  0.113216E+04  0.000000E+00  0.000000E+00  0.000000E+00  0.113697E+04
  0.116508E+02  0.107173E+04  0.106626E+04  0.000000E+00  0.000000E+00  0.000000E+00  0.107079E+04
  0.120457E+02  0.100930E+04  0.100415E+04  0.000000E+00  0.000000E+00  0.000000E+00  0.100842E+04
  0.124540E+02  0.950481E+03  0.945630E+03  0.000000E+00  0.000000E+00  0.000000E+00  0.949652E+03
  0.128762E+02  0.895048E+03  0.890480E+03  0.000000E+00  0.000000E+00  0.000000E+00  0.894267E+03
  0.133126E+02  0.842813E+03  0.838512E+03  0.000000E+00  0.000000E+00  0.000000E+00  0.842078E+03
  0.137638E+02  0.793596E+03  0.789546E+03  0.000000E+00  0.000000E+00  0.000000E+00  0.792904E+03
  0.142304E+02  0.747224E+03  0.743411E+03  0.000000E+00  0.000000E+00  0.000000E+00  0.746573E+03
  0.147127E+02  0.703531E+03  0.699941E+03  0.000000E+00  0.000000E+00  0.000000E+00  0.702918E+03
  0.152114E+02  0.662371E+03  0.658991E+03  0.000000E+00  0.000000E+00  0.000000E+00  0.661794E+03
  0.157270E+02  0.623593E+03  0.620411E+03  0.000000E+00  0.000000E+00  0.000000E+00  0.623050E+03
  0.162600E+02  0.587064E+03  0.584068E+03  0.000000E+00  0.000000E+00  0.000000E+00  0.586552E+03
  0.168112E+02  0.552654E+03  0.549833E+03  0.000000E+00  0.000000E+00  0.000000E+00  0.552172E+03
  0.173810E+02  0.520241E+03  0.517586E+03  0.000000E+00  0.000000E+00  0.000000E+00  0.519787E+03
  0.179701E+02  0.489711E+03  0.487212E+03  0.000000E+00  0.000000E+00  0.000000E+00  0.489284E+03
  0.185792E+02  0.460957E+03  0.458605E+03  0.000000E+00  0.000000E+00  0.000000E+00  0.460555E+03
  0.192090E+02  0.433874E+03  0.431660E+03  0.000000E+00  0.000000E+00  0.000000E+00  0.433496E+03
  0.198601E+02  0.408369E+03  0.406285E+03  0.000000E+00  0.000000E+00  0.000000E+00  0.408013E+03
  0.205332E+02  0.384349E+03  0.382388E+03  0.000000E+00  0.000000E+00  0.000000E+00  0.384014E+03
  0.212292E+02  0.361730E+03  0.359884E+03  0.000000E+00  0.000000E+00  0.000000E+00  0.361415E+03
  0.219488E+02  0.340431E+03  0.338694E+03  0.000000E+00  0.000000E+00  0.000000E+00  0.340134E+03
  0.226927E+02  0.320374E+03  0.318739E+03  0.000000E+00  0.000000E+00  0.000000E+00  0.320094E+03
  0.234619E+02  0.301489E+03  0.299951E+03  0.000000E+00  0.000000E+00  0.000000E+00  0.301226E+03
  0.242571E+02  0.283706E+03  0.282259E+03  0.000000E+00  0.000000E+00  0.000000E+00  0.283459E+03
  0.250793E+02  0.266966E+03  0.265604E+03  0.000000E+00  0.000000E+00  0.000000E+00  0.266733E+03
  0.259294E+02  0.251204E+03  0.249922E+03  0.000000E+00  0.000000E+00  0.000000E+00  0.250985E+03
  0.268083E+02  0.236365E+03  0.235159E+03  0.000000E+00  0.000000E+00  0.000000E+00  0.236159E+03
  0.277170E+02  0.222396E+03  0.221261E+03  0.000000E+00  0.000000E+00  0.000000E+00  0.222202E+03
  0.286564E+02  0.209245E+03  0.208178E+03  0.000000E+00  0.000000E+00  0.000000E+00  0.209063E+03
  0.296277E+02  0.196866E+03  0.195862E+03  0.000000E+00  0.000000E+00  0.000000E+00  0.196695E+03
  0.306319E+02  0.185214E+03  0.184269E+03  0.000000E+00  0.000000E+00  0.000000E+00  0.185053E+03
  0.316702E+02  0.174246E+03  0.173357E+03  0.000000E+00  0.000000E+00  0.000000E+00  0.174094E+03
  0.327437E+02  0.163923E+03  0.163086E+03  0.000000E+00  0.000000E+00  0.000000E+00  0.163780E+03
  0.338536E+02  0.154206E+03  0.153419E+03  0.000000E+00  0.000000E+00  0.000000E+00  0.154072E+03
  0.350010E+02  0.145061E+03  0.144321E+03  0.000000E+00  0.000000E+00  0.000000E+00  0.144935E+03
  0.361874E+02  0.136455E+03  0.135759E+03  0.000000E+00  0.000000E+00  0.000000E+00  0.136336E+03
  0.374140E+02  0.128355E+03  0.127700E+03  0.000000E+00  0.000000E+00  0.000000E+00  0.128243E+03
  0.386821E+02  0.120733E+03  0.120117E+03  0.000000E+00  0.000000E+00  0.000000E+00  0.120628E+03
  0.399933E+02  0.113560E+03  0.112981E+03  0.000000E+00  0.000000E+00  0.000000E+00  0.113461E+03
  0.413488E+02  0.106810E+03  0.106265E+03  0.000000E+00  0.000000E+00  0.000000E+00  0.106717E+03
  0.427504E+02  0.100459E+03  0.999462E+02  0.000000E+00  0.000000E+00  0.000000E+00  0.100371E+03
  0.441994E+02  0.944824E+02  0.940004E+02  0.000000E+00  0.000000E+00  0.000000E+00  0.944001E+02
  0.456975E+02  0.888590E+02  0.884057E+02  0.000000E+00  0.000000E+00  0.000000E+00  0.887816E+02
  0.472464E+02  0.835682E+02  0.831419E+02  0.000000E+00  0.000000E+00  0.000000E+00  0.834954E+02
  0.488479E+02  0.785899E+02  0.781890E+02  0.000000E+00  0.000000E+00  0.000000E+00  0.785214E+02
  0.505035E+02  0.739066E+02  0.735295E+02  0.000000E+00  0.000000E+00  0.000000E+00  0.738422E+02
  0.522154E+02  0.695004E+02  0.691458E+02  0.000000E+00  0.000000E+00  0.000000E+00  0.694398E+02
  0.539853E+02  0.653551E+02  0.650217E+02  0.000000E+00  0.000000E+00  0.000000E+00  0.652982E+02
  0.558151E+02  0.614557E+02  0.611422E+02  0.000000E+00  0.000000E+00  0.000000E+00  0.614022E+02
  0.577070E+02  0.577873E+02  0.574925E+02  0.000000E+00  0.000000E+00  0.000000E+00  0.577370E+02
  0.596629E+02  0.543366E+02  0.540594E+02  0.000000E+00  0.000000E+00  0.000000E+00  0.542892E+02
  0.616852E+02  0.510905E+02  0.508299E+02  0.000000E+00  0.000000E+00  0.000000E+00  0.510460E+02
  0.637760E+02  0.480373E+02  0.477923E+02  0.000000E+00  0.000000E+00  0.000000E+00  0.479955E+02
  0.659377E+02  0.451654E+02  0.449349E+02  0.000000E+00  0.000000E+00  0.000000E+00  0.451260E+02
  0.681727E+02  0.424641E+02  0.422475E+02  0.000000E+00  0.000000E+00  0.000000E+00  0.424271E+02
  0.704834E+02  0.399234E+02  0.397197E+02  0.000000E+00  0.000000E+00  0.000000E+00  0.398886E+02
  0.728724E+02  0.375339E+02  0.373424E+02  0.000000E+00  0.000000E+00  0.000000E+00  0.375011E+02
  0.753425E+02  0.352865E+02  0.351064E+02  0.000000E+00  0.000000E+00  0.000000E+00  0.352557E+02
  0.778962E+02  0.331729E+02  0.330036E+02  0.000000E+00  0.000000E+00  0.000000E+00  0.331439E+02
  0.805365E+02  0.311851E+02  0.310260E+02  0.000000E+00  0.000000E+00  0.000000E+00  0.311579E+02
  0.832663E+02  0.293158E+02  0.291663E+02  0.000000E+00  0.000000E+00  0.000000E+00  0.292903E+02
  0.860886E+02  0.275579E+02  0.274173E+02  0.000000E+00  0.000000E+00  0.000000E+00  0.275339E+02
  0.890066E+02  0.259049E+02  0.257727E+02  0.000000E+00  0.000000E+00  0.000000E+00  0.258823E+02
  0.920236E+02  0.243503E+02  0.242261E+02  0.000000E+00  0.000000E+00  0.000000E+00  0.243291E+02
  0.951427E+02  0.228886E+02  0.227718E+02  0.000000E+00  0.000000E+00  0.000000E+00  0.228687E+02
  0.983675E+02  0.215142E+02  0.214045E+02  0.000000E+00  0.000000E+00  0.000000E+00  0.214955E+02
  0.101702E+03  0.202219E+02  0.201187E+02  0.000000E+00  0.000000E+00  0.000000E+00  0.202043E+02
  0.105149E+03  0.190067E+02  0.189098E+02  0.000000E+00  0.000000E+00  0.000000E+00  0.189902E+02
  0.108713E+03  0.178642E+02  0.177731E+02  0.000000E+00  0.000000E+00  0.000000E+00  0.178487E+02
  0.112398E+03  0.167901E+02  0.167044E+02  0.000000E+00  0.000000E+00  0.000000E+00  0.167754E+02
  0.116207E+03  0.157802E+02  0.156997E+02  0.000000E+00  0.000000E+00  0.000000E+00  0.157664E+02
  0.120146E+03  0.148306E+02  0.147550E+02  0.000000E+00  0.000000E+00  0.000000E+00  0.148177E+02
  0.124219E+03  0.139380E+02  0.138669E+02  0.000000E+00  0.000000E+00  0.000000E+00  0.139259E+02
  0.128429E+03  0.130988E+02  0.130320E+02  0.000000E+00  0.000000E+00  0.000000E+00  0.130874E+02
  0.132782E+03  0.123099E+02  0.122471E+02  0.000000E+00  0.000000E+00  0.000000E+00  0.122992E+02
  0.137283E+03  0.115682E+02  0.115092E+02  0.000000E+00  0.000000E+00  0.000000E+00  0.115582E+02
  0.141936E+03  0.108711E+02  0.108156E+02  0.000000E+00  0.000000E+00  0.000000E+00  0.108616E+02
  0.146747E+03  0.102157E+02  0.101636E+02  0.000000E+00  0.000000E+00  0.000000E+00  0.102068E+02
  0.151721E+03  0.959967E+01  0.955070E+01  0.000000E+00  0.000000E+00  0.000000E+00  0.959130E+01
  0.156864E+03  0.902062E+01  0.897461E+01  0.000000E+00  0.000000E+00  0.000000E+00  0.901276E+01
  0.162181E+03  0.847632E+01  0.843308E+01  0.000000E+00  0.000000E+00  0.000000E+00  0.846893E+01
  0.167678E+03  0.796471E+01  0.792408E+01  0.000000E+00  0.000000E+00  0.000000E+00  0.795777E+01
  0.173361E+03  0.748382E+01  0.744564E+01  0.000000E+00  0.000000E+00  0.000000E+00  0.747730E+01
  0.179237E+03  0.703185E+01  0.699598E+01  0.000000E+00  0.000000E+00  0.000000E+00  0.702572E+01
  0.185313E+03  0.660704E+01  0.657334E+01  0.000000E+00  0.000000E+00  0.000000E+00  0.660128E+01
  0.191594E+03  0.620778E+01  0.617612E+01  0.000000E+00  0.000000E+00  0.000000E+00  0.620237E+01
  0.198088E+03  0.583252E+01  0.580277E+01  0.000000E+00  0.000000E+00  0.000000E+00  0.582744E+01
  0.204802E+03  0.547987E+01  0.545192E+01  0.000000E+00  0.000000E+00  0.000000E+00  0.547509E+01
  0.211744E+03  0.514845E+01  0.512219E+01  0.000000E+00  0.000000E+00  0.000000E+00  0.514396E+01
  0.218921E+03  0.483698E+01  0.481231E+01  0.000000E+00  0.000000E+00  0.000000E+00  0.483277E+01
  0.226341E+03  0.454426E+01  0.452108E+01  0.000000E+00  0.000000E+00  0.000000E+00  0.454030E+01
  0.234013E+03  0.426919E+01  0.424742E+01  0.000000E+00  0.000000E+00  0.000000E+00  0.426547E+01
  0.241945E+03  0.401070E+01  0.399025E+01  0.000000E+00  0.000000E+00  0.000000E+00  0.400721E+01
  0.250146E+03  0.376779E+01  0.374857E+01  0.000000E+00  0.000000E+00  0.000000E+00  0.376451E+01
  0.258625E+03  0.353954E+01  0.352148E+01  0.000000E+00  0.000000E+00  0.000000E+00  0.353645E+01
  0.267391E+03  0.332506E+01  0.330810E+01  0.000000E+00  0.000000E+00  0.000000E+00  0.332216E+01
  0.276454E+03  0.312352E+01  0.310759E+01  0.000000E+00  0.000000E+00  0.000000E+00  0.312080E+01
  0.285825E+03  0.293413E+01  0.291917E+01  0.000000E+00  0.000000E+00  0.000000E+00  0.293158E+01
  0.295512E+03  0.275620E+01  0.274214E+01  0.000000E+00  0.000000E+00  0.000000E+00  0.275380E+01
  0.305529E+03  0.258901E+01  0.257581E+01  0.000000E+00  0.000000E+00  0.000000E+00  0.258675E+01
  0.315884E+03  0.243192E+01  0.241952E+01  0.000000E+00  0.000000E+00  0.000000E+00  0.242980E+01
  0.326592E+03  0.228432E+01  0.227267E+01  0.000000E+00  0.000000E+00  0.000000E+00  0.228233E+01
  0.337662E+03  0.214565E+01  0.213471E+01  0.000000E+00  0.000000E+00  0.000000E+00  0.214378E+01
  0.349106E+03  0.201537E+01  0.200509E+01  0.000000E+00  0.000000E+00  0.000000E+00  0.201361E+01
  0.360939E+03  0.189296E+01  0.188331E+01  0.000000E+00  0.000000E+00  0.000000E+00  0.189131E+01
  0.373174E+03  0.177796E+01  0.176889E+01  0.000000E+00  0.000000E+00  0.000000E+00  0.177641E+01
  0.385822E+03  0.166991E+01  0.166140E+01  0.000000E+00  0.000000E+00  0.000000E+00  0.166846E+01
  0.398900E+03  0.156842E+01  0.156042E+01  0.000000E+00  0.000000E+00  0.000000E+00  0.156705E+01
  0.412421E+03  0.147306E+01  0.146555E+01  0.000000E+00  0.000000E+00  0.000000E+00  0.147178E+01
  0.426400E+03  0.138348E+01  0.137643E+01  0.000000E+00  0.000000E+00  0.000000E+00  0.138228E+01
  0.440853E+03  0.129934E+01  0.129271E+01  0.000000E+00  0.000000E+00  0.000000E+00  0.129820E+01
  0.455795E+03  0.122029E+01  0.121407E+01  0.000000E+00  0.000000E+00  0.000000E+00  0.121923E+01
  0.471245E+03  0.114603E+01  0.114018E+01  0.000000E+00  0.000000E+00  0.000000E+00  0.114503E+01
  0.487218E+03  0.107627E+01  0.107078E+01  0.000000E+00  0.000000E+00  0.000000E+00  0.107534E+01
  0.503732E+03  0.101075E+01  0.100560E+01  0.000000E+00  0.000000E+00  0.000000E+00  0.100987E+01
  0.520805E+03  0.949202E+00  0.944361E+00  0.000000E+00  0.000000E+00  0.000000E+00  0.948375E+00
  0.538459E+03  0.891386E+00  0.886840E+00  0.000000E+00  0.000000E+00  0.000000E+00  0.890609E+00
  0.556710E+03  0.837083E+00  0.832814E+00  0.000000E+00  0.000000E+00  0.000000E+00  0.836353E+00
  0.575579E+03  0.786075E+00  0.782066E+00  0.000000E+00  0.000000E+00  0.000000E+00  0.785390E+00
  0.595088E+03  0.738166E+00  0.734402E+00  0.000000E+00  0.000000E+00  0.000000E+00  0.737523E+00
  0.615260E+03  0.693164E+00  0.689629E+00  0.000000E+00  0.000000E+00  0.000000E+00  0.692560E+00
  0.636114E+03  0.650898E+00  0.647579E+00  0.000000E+00  0.000000E+00  0.000000E+00  0.650331E+00
  0.657675E+03  0.611203E+00  0.608085E+00  0.000000E+00  0.000000E+00  0.000000E+00  0.610670E+00
  0.679967E+03  0.573916E+00  0.570990E+00  0.000000E+00  0.000000E+00  0.000000E+00  0.573416E+00
  0.703015E+03  0.538900E+00  0.536152E+00  0.000000E+00  0.000000E+00  0.000000E+00  0.538431E+00
  0.726843E+03  0.506013E+00  0.503433E+00  0.000000E+00  0.000000E+00  0.000000E+00  0.505572E+00
  0.751479E+03  0.475127E+00  0.472704E+00  0.000000E+00  0.000000E+00  0.000000E+00  0.474713E+00
  0.776952E+03  0.446117E+00  0.443842E+00  0.000000E+00  0.000000E+00  0.000000E+00  0.445728E+00
  0.803286E+03  0.418875E+00  0.416739E+00  0.000000E+00  0.000000E+00  0.000000E+00  0.418510E+00
  0.830513E+03  0.393292E+00  0.391286E+00  0.000000E+00  0.000000E+00  0.000000E+00  0.392949E+00
  0.858663E+03  0.369266E+00  0.367382E+00  0.000000E+00  0.000000E+00  0.000000E+00  0.368944E+00
  0.887769E+03  0.346702E+00  0.344934E+00  0.000000E+00  0.000000E+00  0.000000E+00  0.346400E+00
  0.917859E+03  0.325514E+00  0.323854E+00  0.000000E+00  0.000000E+00  0.000000E+00  0.325230E+00
  0.948970E+03  0.305616E+00  0.304058E+00  0.000000E+00  0.000000E+00  0.000000E+00  0.305350E+00
  0.981135E+03  0.286932E+00  0.285469E+00  0.000000E+00  0.000000E+00  0.000000E+00  0.286682E+00
  0.101439E+04  0.269385E+00  0.268011E+00  0.000000E+00  0.000000E+00  0.000000E+00  0.269150E+00
  0.104877E+04  0.252909E+00  0.251619E+00  0.000000E+00  0.000000E+00  0.000000E+00  0.252689E+00
  0.108432E+04  0.237438E+00  0.236227E+00  0.000000E+00  0.000000E+00  0.000000E+00  0.237231E+00
  0.112108E+04  0.222910E+00  0.221773E+00  0.000000E+00  0.000000E+00  0.000000E+00  0.222715E+00
  0.115908E+04  0.209268E+00  0.208201E+00  0.000000E+00  0.000000E+00  0.000000E+00  0.209086E+00
  0.119836E+04  0.196459E+00  0.195457E+00  0.000000E+00  0.000000E+00  0.000000E+00  0.196288E+00
  0.123898E+04  0.184432E+00  0.183492E+00  0.000000E+00  0.000000E+00  0.000000E+00  0.184271E+00
  0.128098E+04  0.173139E+00  0.172256E+00  0.000000E+00  0.000000E+00  0.000000E+00  0.172988E+00
  0.132439E+04  0.162535E+00  0.161706E+00  0.000000E+00  0.000000E+00  0.000000E+00  0.162394E+00
  0.136928E+04  0.152579E+00  0.151801E+00  0.000000E+00  0.000000E+00  0.000000E+00  0.152447E+00
  0.141570E+04  0.143232E+00  0.142502E+00  0.000000E+00  0.000000E+00  0.000000E+00  0.143107E+00
  0.146368E+04  0.134455E+00  0.133769E+00  0.000000E+00  0.000000E+00  0.000000E+00  0.134338E+00
  0.151329E+04  0.126215E+00  0.125571E+00  0.000000E+00  0.000000E+00  0.000000E+00  0.126105E+00
  0.156459E+04  0.118478E+00  0.117873E+00  0.000000E+00  0.000000E+00  0.000000E+00  0.118374E+00
  0.161762E+04  0.111214E+00  0.110647E+00  0.000000E+00  0.000000E+00  0.000000E+00  0.111117E+00
  0.167245E+04  0.104394E+00  0.103862E+00  0.000000E+00  0.000000E+00  0.000000E+00  0.104303E+00
  0.172914E+04  0.979916E-01  0.974919E-01  0.000000E+00  0.000000E+00  0.000000E+00  0.979063E-01
  0.178774E+04  0.919808E-01  0.915117E-01  0.000000E+00  0.000000E+00  0.000000E+00  0.919006E-01
  0.184834E+04  0.863373E-01  0.858971E-01  0.000000E+00  0.000000E+00  0.000000E+00  0.862621E-01
  0.191099E+04  0.810395E-01  0.806263E-01  0.000000E+00  0.000000E+00  0.000000E+00  0.809689E-01
  0.197576E+04  0.760660E-01  0.756781E-01  0.000000E+00  0.000000E+00  0.000000E+00  0.759997E-01
  0.204273E+04  0.713968E-01  0.710327E-01  0.000000E+00  0.000000E+00  0.000000E+00  0.713346E-01
  0.211197E+04  0.670134E-01  0.666716E-01  0.000000E+00  0.000000E+00  0.000000E+00  0.669550E-01
  0.218356E+04  0.628986E-01  0.625778E-01  0.000000E+00  0.000000E+00  0.000000E+00  0.628438E-01
  0.225757E+04  0.590358E-01  0.587348E-01  0.000000E+00  0.000000E+00  0.000000E+00  0.589844E-01
  0.233409E+04  0.554096E-01  0.551271E-01  0.000000E+00  0.000000E+00  0.000000E+00  0.553614E-01
  0.241321E+04  0.520055E-01  0.517403E-01  0.000000E+00  0.000000E+00  0.000000E+00  0.519602E-01
  0.249500E+04  0.488102E-01  0.485613E-01  0.000000E+00  0.000000E+00  0.000000E+00  0.487676E-01
  0.257957E+04  0.458106E-01  0.455770E-01  0.000000E+00  0.000000E+00  0.000000E+00  0.457707E-01
  0.266700E+04  0.429950E-01  0.427758E-01  0.000000E+00  0.000000E+00  0.000000E+00  0.429576E-01
  0.275740E+04  0.403518E-01  0.401461E-01  0.000000E+00  0.000000E+00  0.000000E+00  0.403167E-01
  0.285086E+04  0.378710E-01  0.376779E-01  0.000000E+00  0.000000E+00  0.000000E+00  0.378380E-01
  0.294749E+04  0.355422E-01  0.353609E-01  0.000000E+00  0.000000E+00  0.000000E+00  0.355112E-01
  0.304740E+04  0.333561E-01  0.331860E-01  0.000000E+00  0.000000E+00  0.000000E+00  0.333270E-01
  0.315069E+04  0.313043E-01  0.311447E-01  0.000000E+00  0.000000E+00  0.000000E+00  0.312771E-01
  0.325748E+04  0.293785E-01  0.292287E-01  0.000000E+00  0.000000E+00  0.000000E+00  0.293529E-01
  0.336790E+04  0.275708E-01  0.274303E-01  0.000000E+00  0.000000E+00  0.000000E+00  0.275468E-01
  0.348206E+04  0.258740E-01  0.257421E-01  0.000000E+00  0.000000E+00  0.000000E+00  0.258515E-01
  0.360008E+04  0.242816E-01  0.241577E-01  0.000000E+00  0.000000E+00  0.000000E+00  0.242604E-01
  0.372210E+04  0.227869E-01  0.226707E-01  0.000000E+00  0.000000E+00  0.000000E+00  0.227670E-01
  0.384826E+04  0.213839E-01  0.212749E-01  0.000000E+00  0.000000E+00  0.000000E+00  0.213653E-01
  0.397870E+04  0.200671E-01  0.199648E-01  0.000000E+00  0.000000E+00  0.000000E+00  0.200496E-01
  0.411356E+04  0.188313E-01  0.187353E-01  0.000000E+00  0.000000E+00  0.000000E+00  0.188149E-01
  0.425299E+04  0.176714E-01  0.175813E-01  0.000000E+00  0.000000E+00  0.000000E+00  0.176560E-01
  0.439714E+04  0.165828E-01  0.164982E-01  0.000000E+00  0.000000E+00  0.000000E+00  0.165684E-01
  0.454619E+04  0.155610E-01  0.154817E-01  0.000000E+00  0.000000E+00  0.000000E+00  0.155475E-01
  0.470028E+04  0.146022E-01  0.145277E-01  0.000000E+00  0.000000E+00  0.000000E+00  0.145894E-01
  0.485959E+04  0.137022E-01  0.136324E-01  0.000000E+00  0.000000E+00  0.000000E+00  0.136903E-01
  0.502432E+04  0.128576E-01  0.127921E-01  0.000000E+00  0.000000E+00  0.000000E+00  0.128464E-01
  0.519461E+04  0.120650E-01  0.120035E-01  0.000000E+00  0.000000E+00  0.000000E+00  0.120545E-01
  0.537068E+04  0.113211E-01  0.112634E-01  0.000000E+00  0.000000E+00  0.000000E+00  0.113113E-01
  0.555272E+04  0.106230E-01  0.105689E-01  0.000000E+00  0.000000E+00  0.000000E+00  0.106138E-01
  0.574094E+04  0.996784E-02  0.991701E-02  0.000000E+00  0.000000E+00  0.000000E+00  0.995916E-02
  0.593553E+04  0.935303E-02  0.930534E-02  0.000000E+00  0.000000E+00  0.000000E+00  0.934488E-02
  0.613671E+04  0.877601E-02  0.873126E-02  0.000000E+00  0.000000E+00  0.000000E+00  0.876837E-02
  0.634471E+04  0.823455E-02  0.819256E-02  0.000000E+00  0.000000E+00  0.000000E+00  0.822738E-02
  0.655977E+04  0.772640E-02  0.768701E-02  0.000000E+00  0.000000E+00  0.000000E+00  0.771967E-02
  0.678211E+04  0.724958E-02  0.721262E-02  0.000000E+00  0.000000E+00  0.000000E+00  0.724327E-02
  0.701199E+04  0.680212E-02  0.676744E-02  0.000000E+00  0.000000E+00  0.000000E+00  0.679619E-02
