0.000000000000000000e+00
9.999934774554005389e-04
1.999963028171893205e-03
2.999897992638243371e-03
3.999790375298173210e-03
4.999633429716389930e-03
5.999421186651574846e-03
6.999148220803650712e-03
7.998809514624248551e-03
8.998400370490360761e-03
9.997916350131936386e-03
1.099735323076821494e-02
1.199670697214138410e-02
1.299597369100345158e-02
1.399514964089708380e-02
1.499423119581425046e-02
1.599321483676903813e-02
1.699209714060845311e-02
1.799087477057405987e-02
1.898954446825557030e-02
1.998810304666672269e-02
2.098654738423740354e-02
2.198487441956205324e-02
2.298308114677858477e-02
2.398116461147757963e-02
2.497912190706122471e-02
2.597695017148633420e-02
2.697464658433773935e-02
2.797220836418745291e-02
2.896963276620257918e-02
2.996691707997079998e-02
3.096405862751711729e-02
3.196105476148939500e-02
3.295790286349379455e-02
3.395460034256331944e-02
3.495114463374561498e-02
3.594753319679749870e-02
3.694376351497549033e-02
3.793983309391309872e-02
3.893573946057643509e-02
3.993148016229104702e-02
4.092705276583336743e-02
4.192245485658131071e-02
4.291768403771870077e-02
4.391273792948913179e-02
4.490761416849523707e-02
4.590231040703957044e-02
4.689682431250410954e-02
4.789115356676498098e-02
4.888529586564027002e-02
4.987924891836809094e-02
5.087301044711298181e-02
5.186657818649829249e-02
5.285994988316331661e-02
5.385312329258928887e-02
5.484609618185637414e-02
5.583886633061452970e-02
5.683143154840458039e-02
5.782378960393536049e-02
5.881593834543968197e-02
5.980787557434463081e-02
6.079959909513830280e-02
6.179110679510251003e-02
6.278239649664442423e-02
6.377346605489908615e-02
6.476431330211783466e-02
6.575493617095570786e-02
6.674533250966858955e-02
6.773550020447294262e-02
6.872543711165852998e-02
6.971514120546806748e-02
7.070461035658934246e-02
7.169384247898114015e-02
7.268283549307837099e-02
7.367158732562292811e-02
7.466009590950116459e-02
7.564835913895094632e-02
7.663637504737529083e-02
7.762414154112735887e-02
7.861165657616862867e-02
7.959891811388186689e-02
8.058592412094255086e-02
8.157267256919510656e-02
8.255916143553367059e-02
8.354538864949685728e-02
8.453135230170044645e-02
8.551705033184331395e-02
8.650248073591117193e-02
8.748764151440563408e-02
8.847253067224868095e-02
8.945714621869042815e-02
9.044148616722044731e-02
9.142554853548198746e-02
9.240933134518934666e-02
9.339283256149567836e-02
9.437605033448573377e-02
9.535898263770681282e-02
9.634162750838702605e-02
9.732398298745352505e-02
9.830604711946573648e-02
9.928781795255081644e-02
1.002692935383416167e-01
1.012504719319162055e-01
1.022313511917401913e-01
1.032119293796105591e-01
1.041922045606015756e-01
1.051721748030126635e-01
1.061518381783180670e-01
1.071311926897786371e-01
1.081102365543849392e-01
1.090889677875659936e-01
1.100673844703379534e-01
1.110454846846666427e-01
1.120232665294409874e-01
1.130007280924431312e-01
1.139778674689300303e-01
1.149546827503016150e-01
1.159311720506120275e-01
1.169073334668003644e-01
1.178831651050921969e-01
1.188586650743733431e-01
1.198338314775499180e-01
1.208086624458887814e-01
1.217831560875392849e-01
1.227573105217367455e-01
1.237311238702361593e-01
1.247045942572872212e-01
1.256777197278009239e-01
1.266504985739245470e-01
1.276229288353012969e-01
1.285950086674087778e-01
1.295667361959296771e-01
1.305381095596100938e-01
1.315091268995417229e-01
1.324797863591440916e-01
1.334500860841473235e-01
1.344200242225759845e-01
1.353895989247333453e-01
1.363588083301652543e-01
1.373276506196388358e-01
1.382961239372782480e-01
1.392642264423601395e-01
1.402319562963725286e-01
1.411993116630030909e-01
1.421662907081285010e-01
1.431328915998042184e-01
1.440991125082547175e-01
1.450649516058642730e-01
1.460304070671686050e-01
1.469954770688468859e-01
1.479601597897141907e-01
1.489244533951738503e-01
1.498883560992737563e-01
1.508518659765096803e-01
1.518149814040538337e-01
1.527777004766782132e-01
1.537400213858863551e-01
1.547019423252796733e-01
1.556634614905539893e-01
1.566245770794966186e-01
1.575852872919833170e-01
1.585455903299764491e-01
1.595054843975226289e-01
1.604649677158620502e-01
1.614240384629579972e-01
1.623826948642399792e-01
1.633409351320821434e-01
1.642987574289584418e-01
1.652561600664128605e-01
1.662131412286338428e-01
1.671696991277281108e-01
1.681258319864825101e-01
1.690815380297707726e-01
1.700368154845550706e-01
1.709916625798887646e-01
1.719460775469188740e-01
1.729000586188893518e-01
1.738536040227936508e-01
1.748067120127344276e-01
1.757593808199627017e-01
1.767116086861456048e-01
1.776633938550664649e-01
1.786147345726296076e-01
1.795656290868651583e-01
1.805160756479343709e-01
1.814660725081351789e-01
1.824156179141349088e-01
1.833647101380266875e-01
1.843133473702691094e-01
1.852615279925507175e-01
1.862092502077102862e-01
1.871565122809934478e-01
1.881033124798273670e-01
1.890496490738278190e-01
1.899955203279046767e-01
1.909409245298438473e-01
1.918858599490058103e-01
1.928303248638385536e-01
1.937743175550184493e-01
1.947178363054584138e-01
1.956608794003170670e-01
1.966034451270071981e-01
1.975455317694138346e-01
1.984871376310394786e-01
1.994282610003516587e-01
2.003689001738722664e-01
2.013090534504241580e-01
2.022487191311413413e-01
2.031878955151272259e-01
2.041265809168499035e-01
2.050647736401058630e-01
2.060024719953743033e-01
2.069396742954968116e-01
2.078763788530390566e-01
2.088125839908863135e-01
2.097482880254348259e-01
2.106834892094966161e-01
2.116181860091509992e-01
2.125523766786814872e-01
2.134860595519378901e-01
2.144192329599298730e-01
2.153518952364766315e-01
2.162840447186564208e-01
2.172156797402722828e-01
2.181467986548905613e-01
2.190773998013509360e-01
2.200074815267548667e-01
2.209370421807406726e-01
2.218660801141027483e-01
2.227945936843701569e-01
2.237225812474790687e-01
2.246500411567172728e-01
2.255769717878122194e-01
2.265033714992930602e-01
2.274292386572298319e-01
2.283545716353632127e-01
2.292793688050615286e-01
2.302036285420315243e-01
2.311273492246588290e-01
2.320505292340216963e-01
2.329731669539042982e-01
2.338952607708104647e-01
2.348168090634067673e-01
2.357378102447757473e-01
2.366582626991340921e-01
2.375781648240011812e-01
2.384975150196850247e-01
2.394163116892960852e-01
2.403345532387612948e-01
2.412522380768383767e-01
2.421693646151297230e-01
2.430859312658785465e-01
2.440019364508477784e-01
2.449173785065599518e-01
2.458322560187984895e-01
2.467465673324339415e-01
2.476603108764373895e-01
2.485734850719851785e-01
2.494860883753919623e-01
2.503981192138089451e-01
2.513095760280750213e-01
2.522204572620327934e-01
2.531307613600887185e-01
2.540404867770352237e-01
2.549496319633681729e-01
2.558581953750907467e-01
2.567661754712831090e-01
2.576735707141175613e-01
2.585803795688729201e-01
2.594866005039496715e-01
2.603922319908847927e-01
2.612972725043666289e-01
2.622017205222496594e-01
2.631055745255697076e-01
2.640088329959033309e-01
2.649114944259954862e-01
2.658135572908476574e-01
2.667150201103665186e-01
2.676158813687435356e-01
2.685161395664160677e-01
2.694157932071079009e-01
2.703148407978439027e-01
2.712132808489650104e-01
2.721111118741438295e-01
2.730083323903987891e-01
2.739049409181097405e-01
2.748009359810331120e-01
2.756963161035024257e-01
2.765910798216909550e-01
2.774852256667693640e-01
2.783787521761496575e-01
2.792716578906956348e-01
2.801639413547375446e-01
2.810556011160870726e-01
2.819466357260526079e-01
2.828370437394540637e-01
2.837268237146378658e-01
2.846159742134920512e-01
2.855044938014608125e-01
2.863923810475600407e-01
2.872796345243916472e-01
2.881662527926684980e-01
2.890522344602132754e-01
2.899375781008817765e-01
2.908222822988515421e-01
2.917063455499409597e-01
2.925897666381500062e-01
2.934725440669715413e-01
2.943546764382327097e-01
2.952361623574804583e-01
2.961170004339959139e-01
2.969971892808093150e-01
2.978767275147146121e-01
2.987556137562838998e-01
2.996338466298821279e-01
3.005114247636816449e-01
3.013883467896766866e-01
3.022646113436979753e-01
3.031402170654269868e-01
3.040151625954226056e-01
3.048894465870778392e-01
3.057630676887339582e-01
3.066360245556193354e-01
3.075083158468847611e-01
3.083799402256179878e-01
3.092508963739808991e-01
3.101211829327163993e-01
3.109907985919436180e-01
3.118597420306380430e-01
3.127280119317822349e-01
3.135956069823800929e-01
3.144625258734702888e-01
3.153287673001403668e-01
3.161943299097137450e-01
3.170592125089157221e-01
3.179234137533907822e-01
3.187869323429439183e-01
3.196497670163099269e-01
3.205119164815755650e-01
3.213733794625536766e-01
3.222341546872149465e-01
3.230942408877013339e-01
3.239536368003392286e-01
3.248123411656529957e-01
3.256703527283777988e-01
3.265276702374731443e-01
3.273842924461358717e-01
3.282402181118128648e-01
3.290954459962146528e-01
3.299499748653276221e-01
3.308038034894273949e-01
3.316569306430914854e-01
3.325093551052117347e-01
3.333610756590076329e-01
3.342120910808200063e-01
3.350624001849659694e-01
3.359120017565344618e-01
3.367608945961787503e-01
3.376090775089419793e-01
3.384565493042691608e-01
3.393033087960189431e-01
3.401493548024764335e-01
3.409946861463648560e-01
3.418393016548574304e-01
3.426832001595898070e-01
3.435263804966711687e-01
3.443688415066964992e-01
3.452105820347581844e-01
3.460516009304574481e-01
3.468918970479162311e-01
3.477314692457883494e-01
3.485703163768559265e-01
3.494084373296734158e-01
3.502458309661711233e-01
3.510824961632436070e-01
3.519184317419815078e-01
3.527536367090915448e-01
3.535881098950336421e-01
3.544218501951206801e-01
3.552548565092974453e-01
3.560871277421507886e-01
3.569186628029208386e-01
3.577494606055108273e-01
3.585795200684980810e-01
3.594088401151439571e-01
3.602374196734043355e-01
3.610652576759399990e-01
3.618923530601260152e-01
3.627187047587897561e-01
3.635443117372885724e-01
3.643691729379520128e-01
3.651932873171133687e-01
3.660166538358703425e-01
3.668392714600936522e-01
3.676611391604374113e-01
3.684822559123477892e-01
3.693026206960727809e-01
3.701222324966711996e-01
3.709410903040221141e-01
3.717591931128335636e-01
3.725765399226513841e-01
3.733931297378687009e-01
3.742089615677338110e-01
3.750240344263598424e-01
3.758383473249527484e-01
3.766518993029204232e-01
3.774646893812589887e-01
3.782767165936231635e-01
3.790879799785745741e-01
3.798984785795887498e-01
3.807082114450639487e-01
3.815171776283287630e-01
3.823253761876499457e-01
3.831328061862401824e-01
3.839394666922656407e-01
3.847453567788537421e-01
3.855504755182546095e-01
3.863548220052178683e-01
3.871583953219666085e-01
3.879611945615457635e-01
3.887632188219981577e-01
3.895644672063708347e-01
3.903649388227219408e-01
3.911646327841275528e-01
3.919635482086886169e-01
3.927616842159860067e-01
3.935590399412834950e-01
3.943556145142514957e-01
3.951514070731543260e-01
3.959464167613122032e-01
3.967406427258178825e-01
3.975340840522704200e-01
3.983267400376415690e-01
3.991186097771972086e-01
3.999096924380554641e-01
4.006999871952200976e-01
4.014894932242498160e-01
4.022782097145443103e-01
4.030661358514503467e-01
4.038532708312428943e-01
4.046396138522067032e-01
4.054251641187847088e-01
4.062099208405469675e-01
4.069938832321960409e-01
4.077770505135712709e-01
4.085594219096537194e-01
4.093409966444574999e-01
4.101217739654713368e-01
4.109017531070273122e-01
4.116809333147156691e-01
4.124593138392888547e-01
4.132368939366663496e-01
4.140136728679377209e-01
4.147896498993668413e-01
4.155648243023950528e-01
4.163391953536453860e-01
4.171127623330888601e-01
4.178855245313898292e-01
4.186574812389021738e-01
4.194286317530068198e-01
4.201989753762820357e-01
4.209685114165058195e-01
4.217372391800371378e-01
4.225051579982938565e-01
4.232722671880623788e-01
4.240385660779489307e-01
4.248040540017721245e-01
4.255687302985662890e-01
4.263325943103692950e-01
4.270956453910759176e-01
4.278578828931693945e-01
4.286193061765658507e-01
4.293799146064067318e-01
4.301397075530599690e-01
4.308986843921221999e-01
4.316568445044193791e-01
4.324141872760089989e-01
4.331707120981803105e-01
4.339264183674567676e-01
4.346813054855954706e-01
4.354353728595894424e-01
4.361886199016679067e-01
4.369410460292967313e-01
4.376926506651794280e-01
4.384434332260633838e-01
4.391933931674950053e-01
4.399425299167208370e-01
4.406908429173986841e-01
4.414383316184249950e-01
4.421849954739358046e-01
4.429308339433055686e-01
4.436758464911478850e-01
4.444200325873143287e-01
4.451633917068946178e-01
4.459059233302160585e-01
4.466476269428424350e-01
4.473885020355741760e-01
4.481285481044463004e-01
4.488677646507290842e-01
4.496061511809251732e-01
4.503437072067701386e-01
4.510804322452301451e-01
4.518163258155770690e-01
4.525513874510782020e-01
4.532856166814653864e-01
4.540190130446145611e-01
4.547515760021352271e-01
4.554833052651675596e-01
4.562142003059223017e-01
4.569442606831570219e-01
4.576734859608452277e-01
4.584018757081733675e-01
4.591294294995387215e-01
4.598561469038277560e-01
4.605820275272705100e-01
4.613070709491828292e-01
4.620312767647805074e-01
4.627546445744769033e-01
4.634771739838801086e-01
4.641988646037901178e-01
4.649197160501959969e-01
4.656397279442717752e-01
4.663588999123742251e-01
4.670772315828097265e-01
4.677947225987413304e-01
4.685113725988284683e-01
4.692271812301215261e-01
4.699421481448353699e-01
4.706562730003456263e-01
4.713695554591839088e-01
4.720819951890349309e-01
4.727935918627306222e-01
4.735043451582481300e-01
4.742142547587034351e-01
4.749233203523483549e-01
4.756315416325648804e-01
4.763389182978615688e-01
4.770454500518680474e-01
4.777511366033311280e-01
4.784559776661085895e-01
4.791599729591655699e-01
4.798631222065685709e-01
4.805654251374806840e-01
4.812668814861565392e-01
4.819674909919360317e-01
4.826672533992399927e-01
4.833661684575646378e-01
4.840642359179802012e-01
4.847614555470992070e-01
4.854578271061194550e-01
4.861533503647796906e-01
4.868480250848667423e-01
4.875418510721785115e-01
4.882348280985990829e-01
4.889269559540146970e-01
4.896182344333335767e-01
4.903086633364784896e-01
4.909982424683811408e-01
4.916869716389749012e-01
4.923748506631884236e-01
4.930618793609395922e-01
4.937480575571276953e-01
4.944333850816270415e-01
4.951178617692798545e-01
4.958014874598893895e-01
4.964842619982128280e-01
4.971661852339539500e-01
4.978472570217554183e-01
4.985274772211925054e-01
4.992068456967643231e-01
4.998853623178873828e-01
5.005630269588874359e-01
5.012398394989918682e-01
5.019157998223220396e-01
5.025909078141752584e-01
5.032651633758511434e-01
5.039385664024009781e-01
5.046111167974423051e-01
5.052828144694473389e-01
5.059536593317325304e-01
5.066236513024531263e-01
5.072927903045926223e-01
5.079610762659551026e-01
5.086285091191570240e-01
5.092950888016181121e-01
5.099608152555528129e-01
5.106256884279616326e-01
5.112897082706224783e-01
5.119528747400814428e-01
5.126151877976441451e-01
5.132766474093665154e-01
5.139372535460455804e-01
5.145970061832108033e-01
5.152559053011143142e-01
5.159139508847220279e-01
5.165711429237037633e-01
5.172274814124242504e-01
5.178829663499339153e-01
5.185375977399580005e-01
5.191913755908887929e-01
5.198442999157741884e-01
5.204963707168437370e-01
5.211475880473345201e-01
5.217979519187647686e-01
5.224474623588508670e-01
5.230961194114875923e-01
5.237439231136000739e-01
5.243908735105545782e-01
5.250369706522929336e-01
5.256822145933236490e-01
5.263266052977720877e-01
5.269701430189706048e-01
5.276128277302796210e-01
5.282546595043684512e-01
5.288956384184198001e-01
5.295357645541203251e-01
5.301750379976485350e-01
5.308134588396654641e-01
5.314510271753025705e-01
5.320877431041521888e-01
5.327236067302552058e-01
5.333586181620915134e-01
5.339927775125676845e-01
5.346260848990070924e-01
5.352585404431375871e-01
5.358901442710812812e-01
5.365208965133430041e-01
5.371507973047985329e-01
5.377798467846841568e-01
5.384080450965843534e-01
5.390353923884210197e-01
5.396618888124418145e-01
5.402875345252080574e-01
5.409123296875845144e-01
5.415362744647257420e-01
5.421593690260664289e-01
5.427816135453078505e-01
5.434030081964753567e-01
5.440235531696296922e-01
5.446432486472769785e-01
5.452620948200703754e-01
5.458800918828713433e-01
5.464972400347369863e-01
5.471135394789087281e-01
5.477289904227997663e-01
5.483435930779829715e-01
5.489573476601785629e-01
5.495702543892427849e-01
5.501823134891538070e-01
5.507935251880012872e-01
5.514038897330962863e-01
5.520134073304590050e-01
5.526220782355666383e-01
5.532299026928273467e-01
5.538368809506978296e-01
5.544430132616706697e-01
5.550482998822620084e-01
5.556527410729982241e-01
5.562563370984042743e-01
5.568590882269902620e-01
5.574609947312386682e-01
5.580620568875920284e-01
5.586622749764400542e-01
5.592616492821061991e-01
5.598601800928356687e-01
5.604578676490321598e-01
5.610547123501661293e-01
5.616507144444963240e-01
5.622458742358239503e-01
5.628401920318052420e-01
5.634336681439412464e-01
5.640263028750198693e-01
5.646180965692556564e-01
5.652090495370757361e-01
5.657991621052220754e-01
5.663884346042149520e-01
5.669768673683376337e-01
5.675644607356258309e-01
5.681512150478517098e-01
5.687371306505125679e-01
5.693222078928162899e-01
5.699064471276683586e-01
5.704898487116585315e-01
5.710724130050475189e-01
5.716541403717529946e-01
5.722350311793364952e-01
5.728150857989903200e-01
5.733943046055227644e-01
5.739726879773457968e-01
5.745502362964614029e-01
5.751269499484468195e-01
5.757028293224426552e-01
5.762778748111377913e-01
5.768520868107559485e-01
5.774254657210431407e-01
5.779980119452527987e-01
5.785697258901318918e-01
5.791406079659089379e-01
5.797106585862779049e-01
5.802798781683864426e-01
5.808482671328206726e-01
5.814158259035923093e-01
5.819825549081243388e-01
5.825484545772373624e-01
5.831135253451358302e-01
5.836777676493943856e-01
5.842411819309427656e-01
5.848037686219397235e-01
5.853655281941982924e-01
5.859264610865350109e-01
5.864865677531658772e-01
5.870458486515925944e-01
5.876043042425896923e-01
5.881619349901900939e-01
5.887187413616713494e-01
5.892747238275415356e-01
5.898298828615256006e-01
5.903842189405509311e-01
5.909377325447332518e-01
5.914904241573630816e-01
5.920422942648918552e-01
5.925933433569169351e-01
5.931435719261681783e-01
5.936929804684942802e-01
5.942415694828478978e-01
5.947893394712722159e-01
5.953362909388867363e-01
5.958824243938728449e-01
5.964277403474602668e-01
5.969722393139125227e-01
5.975159218105129399e-01
5.980587883575512187e-01
5.986008394783082220e-01
5.991420756990428753e-01
5.996824975489772891e-01
6.002221055602832145e-01
6.007609002680673882e-01
6.012988822103589870e-01
6.018360519280925303e-01
6.023724099650968888e-01
6.029079568680795198e-01
6.034426931866124777e-01
6.039766194618564343e-01
6.045097362715812217e-01
6.050420441626207513e-01
6.055735436958661344e-01
6.061042354350015815e-01
6.066341199464925227e-01
6.071631977995698426e-01
6.076914695662172239e-01
6.082189357607631353e-01
6.087455970813576700e-01
6.092714540478433305e-01
6.097965072430707734e-01
6.103207572525725100e-01
6.108442046645482515e-01
6.113668500698519193e-01
6.118886940619761017e-01
6.124097372370396197e-01
6.129299801937724279e-01
6.134494235335019585e-01
6.139680678601390218e-01
6.144859137801637061e-01
6.150029619026113892e-01
6.155192128390594153e-01
6.160346672036117743e-01
6.165493256128863342e-01
6.170631886860005189e-01
6.175762570445566535e-01
6.180885313126293079e-01
6.186000121167499755e-01
6.191107000858946385e-01
6.196205958514682255e-01
6.201297000472922871e-01
6.206380133095895646e-01
6.211455362769716659e-01
6.216522695803965437e-01
6.221582138832526532e-01
6.226633698212169499e-01
6.231677380423151780e-01
6.236713191968904502e-01
6.241741139375925895e-01
6.246761229193616982e-01
6.251773467994156119e-01
6.256777862372359111e-01
6.261774418945547094e-01
6.266763144353396653e-01
6.271744045257817701e-01
6.276717128342802487e-01
6.281682400314300141e-01
6.286639867900073453e-01
6.291589537849564540e-01
6.296531416933760505e-01
6.301465511945050224e-01
6.306391829697098883e-01
6.311310377024703655e-01
6.316221160783662691e-01
6.321124187850638565e-01
6.326019465123019492e-01
6.330906999518792766e-01
6.335786797976402651e-01
6.340658867454616043e-01
6.345523214932389244e-01
6.350379847408739176e-01
6.355228771902602380e-01
6.360069995452701797e-01
6.364903525117416860e-01
6.369729367890621941e-01
6.374547531037556558e-01
6.379358021590835204e-01
6.384160846686123270e-01
6.388956013478074292e-01
6.393743529140198945e-01
6.398523400864736255e-01
6.403295635862511492e-01
6.408060241362820708e-01
6.412817224613281963e-01
6.417566592879716536e-01
6.422308353446013474e-01
6.427042513613997476e-01
6.431769080703303443e-01
6.436488062051241021e-01
6.441199465012663605e-01
6.445903296959847317e-01
6.450599565282352232e-01
6.455288277386899143e-01
6.459969440697231891e-01
6.464643062654001904e-01
6.469309150714631640e-01
6.473967712353183579e-01
6.478618755060238099e-01
6.483262286342765801e-01
6.487898313660780403e-01
6.492526844680004405e-01
6.497147886892660207e-01
6.501761447870001431e-01
6.506367535199029106e-01
6.510966156482373979e-01
6.515557319338171061e-01
6.520141031399926401e-01
6.524717300316401625e-01
6.529286133751479593e-01
6.533847539384050052e-01
6.538401524907875295e-01
6.542948098031472481e-01
6.547487266477983736e-01
6.552019037985062910e-01
6.556543420304737912e-01
6.561060421203304127e-01
6.565570048461185637e-01
6.570072309834426028e-01
6.574567213208115657e-01
6.579054766365998175e-01
6.583534977143824518e-01
6.588007853390878132e-01
6.592473402969839524e-01
6.596931633756679680e-01
6.601382553640535722e-01
6.605826170523589891e-01
6.610262492307011906e-01
6.614691526946571143e-01
6.619113281667636794e-01
6.623527765823018498e-01
6.627934986672543438e-01
6.632334952211258461e-01
6.636727670419698688e-01
6.641113149300124086e-01
6.645491396860675470e-01
6.649862421139658419e-01
6.654226230168821532e-01
6.658582831997650331e-01
6.662932234687131139e-01
6.667274446282545064e-01
6.671609474921768035e-01
6.675937328672429949e-01
6.680258015640651026e-01
6.684571543932854576e-01
6.688877921697322648e-01
6.693177157062150107e-01
6.697469258175919871e-01
6.701754233198725652e-01
6.706032090300300119e-01
6.710302837660416797e-01
6.714566483469422975e-01
6.718823035927740106e-01
6.723072503245337561e-01
6.727314893642389881e-01
6.731550215348426347e-01
6.735778476603071496e-01
6.739999685654047834e-01
6.744213850761335838e-01
6.748420980176944584e-01
6.752621082159573351e-01
6.756814165074089829e-01
6.761000237168076632e-01
6.765179306745283672e-01
6.769351382117423377e-01
6.773516471605682820e-01
6.777674583538958464e-01
6.781825726255056308e-01
6.785969908100020209e-01
6.790107137427835449e-01
6.794237422601000498e-01
6.798360771989439000e-01
6.802477193970206670e-01
6.806586696931562486e-01
6.810689289265513535e-01
6.814784979373508245e-01
6.818873775663893966e-01
6.822955686553096033e-01
6.827030720463205249e-01
6.831098885807448395e-01
6.835160191058858858e-01
6.839214644644032726e-01
6.843262255013808915e-01
6.847303030626307185e-01
6.851336979945704675e-01
6.855364111443493780e-01
6.859384433597297548e-01
6.863397954890794184e-01
6.867404683813830291e-01
6.871404628863028163e-01
6.875397798540933136e-01
6.879384201289183709e-01
6.883363845753409649e-01
6.887336740389325973e-01
6.891302893721229506e-01
6.895262314281331850e-01
6.899215010605093124e-01
6.903160991235185451e-01
6.907100264717878080e-01
6.911032839606902067e-01
6.914958724458258876e-01
6.918877927835729302e-01
6.922790458306555816e-01
6.926696324441778962e-01
6.930595534797564516e-01
6.934488097998955380e-01
6.938374022609727909e-01
6.942253317221208642e-01
6.946125990427145513e-01
6.949992050827479284e-01
6.953851507024584322e-01
6.957704367626535991e-01
6.961550641244064197e-01
6.965390336492436330e-01
6.969223461990907698e-01
6.973050026362026532e-01
6.976870038231699489e-01
6.980683506228654300e-01
6.984490438988637528e-01
6.988290845147334673e-01
6.992084733344342551e-01
6.995872112222127903e-01
6.999652990427879251e-01
7.003427376609573374e-01
7.007195279420193046e-01
7.010956707514234276e-01
7.014711669549122952e-01
7.018460174185930933e-01
7.022202230086537211e-01
7.025937845917098468e-01
7.029667030344717293e-01
7.033389792039277388e-01
7.037106139674570437e-01
7.040816081923155778e-01
7.044519627463476930e-01
7.048216784860867890e-01
7.051907563019306213e-01
7.055591970510903810e-01
7.059270016018176497e-01
7.062941708226941895e-01
7.066607055825513406e-01
7.070266067502162244e-01
7.073918751946157712e-01
7.077565117851172261e-01
7.081205173908681205e-01
7.084838928812509096e-01
7.088466391258467780e-01
7.092087569942905345e-01
7.095702473560532297e-01
7.099311110813398829e-01
7.102913490398693463e-01
7.106509621014964750e-01
7.110099511363923153e-01
7.113683170145677082e-01
7.117260606061452943e-01
7.120831827812577064e-01
7.124396844101902326e-01
7.127955663631173611e-01
7.131508295104102002e-01
7.135054747221547533e-01
7.138595028687542143e-01
7.142129148204333644e-01
7.145657114474824878e-01
7.149178936200716317e-01
7.152694622085218334e-01
7.156204180830425532e-01
7.159707621136479627e-01
7.163204951705343104e-01
7.166696181237870444e-01
