0.000000000000000000e+00
1.000004016759877157e+00
1.000011361832203516e+00
1.000020874279846872e+00
1.000032139916409379e+00
1.000044919393651144e+00
1.000059051226774187e+00
1.000074416864980442e+00
1.000090924448790330e+00
1.000108500065004513e+00
1.000127082557179747e+00
1.000146620222794214e+00
1.000167068596774955e+00
1.000188388900823178e+00
1.000210546921435295e+00
1.000233512175255024e+00
1.000257257273522882e+00
1.000281757428417517e+00
1.000306990062976631e+00
1.000332934498223469e+00
1.000359571698894667e+00
1.000386884064370818e+00
1.000414855254972979e+00
1.000443470046288752e+00
1.000472714205964397e+00
1.000502574388699939e+00
1.000533038046126810e+00
1.000564093348961014e+00
1.000595729119365229e+00
1.000627934771857186e+00
1.000660700261428726e+00
1.000694016037778189e+00
1.000727873004762181e+00
1.000762262484327536e+00
1.000797176184302195e+00
1.000832606169534511e+00
1.000868544835944229e+00
1.000904984887116767e+00
1.000941919313133033e+00
1.000979341371364129e+00
1.001017244569003761e+00
1.001055622647141652e+00
1.001094469566207401e+00
1.001133779492636267e+00
1.001173546786629176e+00
1.001213765990893956e+00
1.001254431820266300e+00
1.001295539152130099e+00
1.001337083017552532e+00
1.001379058593071969e+00
1.001421461193076734e+00
1.001464286262719661e+00
1.001507529371323590e+00
1.001551186206232291e+00
1.001595252566944705e+00
1.001639724359899564e+00
1.001684597593531123e+00
1.001729868374254817e+00
1.001775532899154442e+00
1.001821587456747986e+00
1.001868028418051670e+00
1.001914852234985887e+00
1.001962055439710397e+00
1.002009634636100488e+00
1.002057586500151976e+00
1.002105907775245441e+00
1.002154595273206494e+00
1.002203645866013293e+00
1.002253056487095284e+00
1.002302824127130787e+00
1.002352945835502052e+00
1.002403418712698224e+00
1.002454239911948042e+00
1.002505406636405416e+00
1.002556916137335330e+00
1.002608765712382555e+00
1.002660952703106512e+00
1.002713474496663038e+00
1.002766328519446137e+00
1.002819512238877220e+00
1.002873023161234833e+00
1.002926858830345935e+00
1.002981016826333116e+00
1.003035494764416224e+00
1.003090290293196185e+00
1.003145401095821398e+00
1.003200824885548847e+00
1.003256559406978665e+00
1.003312602434526246e+00
1.003368951771489881e+00
1.003425605249155472e+00
1.003482560725937667e+00
1.003539816086552738e+00
1.003597369241223447e+00
1.003655218124745785e+00
1.003713360696422363e+00
1.003771794938352890e+00
1.003830518855414189e+00
1.003889530474437297e+00
1.003948827843572422e+00
1.004008409031675431e+00
1.004068272127717876e+00
1.004128415240216121e+00
1.004188836496680670e+00
1.004249534043084369e+00
1.004310506043347262e+00
1.004371750678840991e+00
1.004433266147907400e+00
1.004495050665749956e+00
1.004557102462386942e+00
1.004619419785051093e+00
1.004682000895289473e+00
1.004744844069321630e+00
1.004807947598650442e+00
1.004871309787909395e+00
1.004934928955668161e+00
1.004998803433387433e+00
1.005062931566628182e+00
1.005127311712385563e+00
1.005191942240306835e+00
1.005256821531986589e+00
1.005321947980206687e+00
1.005387319990434847e+00
1.005452935977842799e+00
1.005518794368809532e+00
1.005584893600201424e+00
1.005651232119103344e+00
1.005717808383822076e+00
1.005784620858596323e+00
1.005851668020395495e+00
1.005918948355613018e+00
1.005986460358182732e+00
1.006054202531277975e+00
1.006122173386610807e+00
1.006190371444216192e+00
1.006258795232243930e+00
1.006327443286753054e+00
1.006396314151514426e+00
1.006465406377345495e+00
1.006534718523799166e+00
1.006604249156171971e+00
1.006673996847190944e+00
1.006743960176373909e+00
1.006814137729857839e+00
1.006884528100233878e+00
1.006955129886383471e+00
1.007025941693320492e+00
1.007096962132037143e+00
1.007168189819351634e+00
1.007239623377762294e+00
1.007311261435301919e+00
1.007383102661120411e+00
1.007455145622777826e+00
1.007527389004239771e+00
1.007599831444848215e+00
1.007672471602974795e+00
1.007745308137023565e+00
1.007818339710015110e+00
1.007891564989466193e+00
1.007964982647274521e+00
1.008038591358983327e+00
1.008112389806140596e+00
1.008186376672493223e+00
1.008260550645560194e+00
1.008334910419025343e+00
1.008409454687970497e+00
1.008484182151883513e+00
1.008559091515350836e+00
1.008634181481581793e+00
1.008709450762169446e+00
1.008784898070034020e+00
1.008860522121376890e+00
1.008936321635468092e+00
1.009012295334561715e+00
1.009088441943809533e+00
1.009164760191178623e+00
1.009241248807369651e+00
1.009317906525662334e+00
1.009394732082136370e+00
1.009471724215146304e+00
1.009548881665545128e+00
1.009626203176535730e+00
1.009703687493598734e+00
1.009781333364421885e+00
1.009859139538830552e+00
1.009937104768719118e+00
1.010015227807952609e+00
1.010093507412429314e+00
1.010171942342013018e+00
1.010250531351859715e+00
1.010329273205404332e+00
1.010408166665598184e+00
1.010487210497019284e+00
1.010566403465814611e+00
1.010645744339643493e+00
1.010725231887617426e+00
1.010804864880250786e+00
1.010884642089401542e+00
1.010964562288220181e+00
1.011044624251097090e+00
1.011124826753610595e+00
1.011205168572476554e+00
1.011285648485521271e+00
1.011366265271545162e+00
1.011447017710404683e+00
1.011527904582880222e+00
1.011608924670650111e+00
1.011690076756245338e+00
1.011771359623034661e+00
1.011852772055065852e+00
1.011934312837193595e+00
1.012015980754923827e+00
1.012097774594400201e+00
1.012179693142386094e+00
1.012261735186134270e+00
1.012343899513491463e+00
1.012426184915744765e+00
1.012508590175588363e+00
1.012591114085275246e+00
1.012673755434124079e+00
1.012756513012156523e+00
1.012839385609422216e+00
1.012922372016309636e+00
1.013005471023385340e+00
1.013088681421547843e+00
1.013172002001713423e+00
1.013255431554969777e+00
1.013338968872498524e+00
1.013422612745414009e+00
1.013506361965245128e+00
1.013590215323137533e+00
1.013674171610437602e+00
1.013758229618120676e+00
1.013842388137383921e+00
1.013926645959058126e+00
1.014011001874262297e+00
1.014095454673508589e+00
1.014180003147252762e+00
1.014264646085722532e+00
1.014349382278891820e+00
1.014434210516454327e+00
1.014519129587797996e+00
1.014604138281993251e+00
1.014689235387716604e+00
1.014774419693302843e+00
1.014859689986670865e+00
1.014945045055311912e+00
1.015030483686266916e+00
1.015116004666103855e+00
1.015201606780894883e+00
1.015287288816194788e+00
1.015373049556858920e+00
1.015458887787660469e+00
1.015544802296416638e+00
1.015630791858215254e+00
1.015716855259783280e+00
1.015802991283125678e+00
1.015889198709846397e+00
1.015975476320084336e+00
1.016061822894059219e+00
1.016148237211010885e+00
1.016234718049441321e+00
1.016321264186939244e+00
1.016407874400788502e+00
1.016494547467012843e+00
1.016581282160982758e+00
1.016668077257242730e+00
1.016754931529494810e+00
1.016841843750580843e+00
1.016928812692467821e+00
1.017015837126231448e+00
1.017102915822039932e+00
1.017190047549139109e+00
1.017277231075836896e+00
1.017364465169342758e+00
1.017451748596336358e+00
1.017539080122469075e+00
1.017626458511372567e+00
1.017713882526835700e+00
1.017801350931235138e+00
1.017888862485910595e+00
1.017976415951151070e+00
1.018064010086182192e+00
1.018151643649153115e+00
1.018239315397124090e+00
1.018327024086054022e+00
1.018414768470787823e+00
1.018502547304914962e+00
1.018590359341276841e+00
1.018678203331176979e+00
1.018766078024887944e+00
1.018853982171510575e+00
1.018941914518963321e+00
1.019029873813970699e+00
1.019117858802053300e+00
1.019205868227517353e+00
1.019293900833443844e+00
1.019381955361679415e+00
1.019470030552825257e+00
1.019558125146228678e+00
1.019646237879972439e+00
1.019734367491430094e+00
1.019822512730197861e+00
1.019910672300739618e+00
1.019998844951127470e+00
1.020087029419523894e+00
1.020175224423191418e+00
1.020263428697618435e+00
1.020351640970451390e+00
1.020439859967994467e+00
1.020528084415200709e+00
1.020616313035665357e+00
1.020704544551618076e+00
1.020792777683914299e+00
1.020881011152029672e+00
1.020969243674051175e+00
1.021057473966671569e+00
1.021145700745180962e+00
1.021233922723461696e+00
1.021322138613637742e+00
1.021410347127438278e+00
1.021498546974139110e+00
1.021586736861922917e+00
1.021674915497532199e+00
1.021763081586263278e+00
1.021851233830891381e+00
1.021939370935940117e+00
1.022027491601263716e+00
1.022115594526316507e+00
1.022203678409078442e+00
1.022291741946049770e+00
1.022379783832247035e+00
1.022467802761196864e+00
1.022555797428158275e+00
1.022643766517225439e+00
1.022731708720641786e+00
1.022819622726250488e+00
1.022907507219419143e+00
1.022995360884960903e+00
1.023083182405847724e+00
1.023170970463526785e+00
1.023258723737916265e+00
1.023346440907401567e+00
1.023434120648831991e+00
1.023521761637516292e+00
1.023609362547220014e+00
1.023696922050161717e+00
1.023784438817009423e+00
1.023871911516878175e+00
1.023959338817325593e+00
1.024046719384350101e+00
1.024134051882387819e+00
1.024221334974308784e+00
1.024308567321415619e+00
1.024395747583801697e+00
1.024482874418902956e+00
1.024569946483662175e+00
1.024656962433084351e+00
1.024743920920592855e+00
1.024830820598029879e+00
1.024917660115651996e+00
1.025004438122129713e+00
1.025091153264544808e+00
1.025177804188388775e+00
1.025264389537561049e+00
1.025350907954367008e+00
1.025437358079517525e+00
1.025523738552125641e+00
1.025610048009707231e+00
1.025696285088177673e+00
1.025782448421852511e+00
1.025868536643822715e+00
1.025954548384443887e+00
1.026040482273598453e+00
1.026126336939187977e+00
1.026212111011544748e+00
1.026297803107298456e+00
1.026383411853552641e+00
1.026468935871781563e+00
1.026554373781850105e+00
1.026639724202014436e+00
1.026724985748922014e+00
1.026810157037609805e+00
1.026895236681505619e+00
1.026980223292426109e+00
1.027065115480578772e+00
1.027149911854560393e+00
1.027234611021357047e+00
1.027319211586715131e+00
1.027403712153662108e+00
1.027488111324723397e+00
1.027572407700445112e+00
1.027656599879765320e+00
1.027740686460012487e+00
1.027824666036907031e+00
1.027908537204561323e+00
1.027992298555481243e+00
1.028075948680565066e+00
1.028159486169106129e+00
1.028242909608792388e+00
1.028326217585707525e+00
1.028409408684332060e+00
1.028492481487544019e+00
1.028575434576620040e+00
1.028658266531570664e+00
1.028740975929807178e+00
1.028823561348141569e+00
1.028906021361456924e+00
1.028988354543040717e+00
1.029070559464586143e+00
1.029152634696194779e+00
1.029234578806376144e+00
1.029316390362050360e+00
1.029398067928549709e+00
1.029479610069620410e+00
1.029561015347423281e+00
1.029642282322799751e+00
1.029723409554220925e+00
1.029804395599366984e+00
1.029885239014078024e+00
1.029965938352618515e+00
1.030046492167679295e+00
1.030126899010380015e+00
1.030207157430270248e+00
1.030287265975332822e+00
1.030367223192150350e+00
1.030447027625247314e+00
1.030526677818082160e+00
1.030606172312390045e+00
1.030685509648350706e+00
1.030764688364650850e+00
1.030843707003251453e+00
1.030922564089793658e+00
1.031001258163137813e+00
1.031079787755759147e+00
1.031158151398587242e+00
1.031236347621122817e+00
1.031314374950865531e+00
1.031392231914237678e+00
1.031469917036050843e+00
1.031547428839509672e+00
1.031624765846320457e+00
1.031701926576668260e+00
1.031778909549220025e+00
1.031855713281126574e+00
1.031932336288026608e+00
1.032008777084297391e+00
1.032085034182065097e+00
1.032161106092697400e+00
1.032236991325812925e+00
1.032312688389534605e+00
1.032388195790490792e+00
1.032463512033819919e+00
1.032538635623173384e+00
1.032613565060718663e+00
1.032688298847143082e+00
1.032762835481622288e+00
1.032837173461962132e+00
1.032911311284395284e+00
1.032985247443721999e+00
1.033058980433279483e+00
1.033132508744946332e+00
1.033205830869554420e+00
1.033278945295255546e+00
1.033351850509980352e+00
1.033424544999805850e+00
1.033497027249368427e+00
1.033569295741866734e+00
1.033641348959035255e+00
1.033713185381272215e+00
1.033784803487456383e+00
1.033856201755076309e+00
1.033927378660202123e+00
1.033998332677489973e+00
1.034069062280186246e+00
1.034139565940131122e+00
1.034209842127762125e+00
1.034279889312119893e+00
1.034349705960849963e+00
1.034419290540208758e+00
1.034488641515066920e+00
1.034557757348912865e+00
1.034626636503858554e+00
1.034695277440641714e+00
1.034763678619158300e+00
1.034831838496360845e+00
1.034899755529418819e+00
1.034967428173619641e+00
1.035034854882899369e+00
1.035102034109846247e+00
1.035168964305705153e+00
1.035235643920382476e+00
1.035302071402449897e+00
1.035368245199149273e+00
1.035434163756396631e+00
1.035499825518787498e+00
1.035565228929600234e+00
1.035630372430800916e+00
1.035695254463048665e+00
1.035759873465699199e+00
1.035824227876809500e+00
1.035888316133143361e+00
1.035952136670166501e+00
1.036015687922084316e+00
1.036078968321797911e+00
1.036141976300941625e+00
1.036204710295985265e+00
1.036267168723824961e+00
1.036329350018390549e+00
1.036391252606261082e+00
1.036452874912763944e+00
1.036514215361979296e+00
1.036575272376744739e+00
1.036636044379364741e+00
1.036696529788799781e+00
1.036756727024892077e+00
1.036816634505558055e+00
1.036876250647495334e+00
1.036935573866188953e+00
1.036994602575914692e+00
1.037053335189745074e+00
1.037111770119553356e+00
1.037169905776019529e+00
1.037227740568645640e+00
1.037285272905715594e+00
1.037342501194368438e+00
1.037399423840557944e+00
1.037456039249068152e+00
1.037512345823519588e+00
1.037568341966373486e+00
1.037624026078936446e+00
1.037679396561366651e+00
1.037734451812677650e+00
1.037789190230744119e+00
1.037843610212306977e+00
1.037897710152977382e+00
1.037951488447243387e+00
1.038004943488473941e+00
1.038058073668924219e+00
1.038110877379740504e+00
1.038163353010966183e+00
1.038215498951545523e+00
1.038267313589329666e+00
1.038318795311081733e+00
1.038369942502481713e+00
1.038420753548131792e+00
1.038471226831560568e+00
1.038521360735264576e+00
1.038571153640573952e+00
1.038620603927864927e+00
1.038669709976427269e+00
1.038718470165379548e+00
1.038766882870172381e+00
1.038814946467844669e+00
1.038862659333529281e+00
1.038910019841333243e+00
1.038957026364342173e+00
1.039003677274626503e+00
1.039049970943245249e+00
1.039095905740253123e+00
1.039141480034703857e+00
1.039186692194656647e+00
1.039231540587181257e+00
1.039276023578362684e+00
1.039320139533306708e+00
1.039363886816145444e+00
1.039407263790042224e+00
1.039450268817196710e+00
1.039492900258850661e+00
1.039535156475292377e+00
1.039577035825863138e+00
1.039618536668960980e+00
1.039659657362047351e+00
1.039700396261651560e+00
1.039740751723434942e+00
1.039780722101960819e+00
1.039820305751053109e+00
1.039859501023565613e+00
1.039898306271446859e+00
1.039936719845744761e+00
1.039974740096611949e+00
1.040012365373311543e+00
1.040049594024221369e+00
1.040086424396840847e+00
1.040122854837794319e+00
1.040158883692837932e+00
1.040194509306863857e+00
1.040229730023906285e+00
1.040264544187145646e+00
1.040298950138915268e+00
1.040332946220705379e+00
1.040366530773169318e+00
1.040399702136127535e+00
1.040432458648574698e+00
1.040464798648682798e+00
1.040496720473808256e+00
1.040528222460495922e+00
1.040559302944484621e+00
1.040589960260713154e+00
1.040620192743323846e+00
1.040649998725669434e+00
1.040679376541370216e+00
1.040708324520110084e+00
1.040736840998840673e+00
1.040764924298031691e+00
1.040792572752051504e+00
1.040819784689618999e+00
1.040846558438700997e+00
1.040872892326515808e+00
1.040898784679538114e+00
1.040924233830886170e+00
1.040949238090807638e+00
1.040973795790951950e+00
1.040997905254872347e+00
1.041021564805403754e+00
1.041044772764669224e+00
1.041067527454084152e+00
1.041089827194362050e+00
1.041111670305518988e+00
1.041133055106880034e+00
1.041153979917082362e+00
1.041174443054082355e+00
1.041194442835159384e+00
1.041213977576921579e+00
1.041233045595310491e+00
1.041251645205607090e+00
1.041269774722435093e+00
1.041287432459767848e+00
1.041304616730932553e+00
1.041321325848615142e+00
1.041337558124865836e+00
1.041353311871104026e+00
1.041368585398123159e+00
1.041383377016095402e+00
1.041397685034577858e+00
1.041411507762516120e+00
1.041424843508250486e+00
1.041437690579547271e+00
1.041450047283495328e+00
1.041461911926674588e+00
1.041473282815051249e+00
1.041484158254011305e+00
1.041494536548364325e+00
1.041504416002348776e+00
1.041513794919636915e+00
1.041522671603339889e+00
1.041531044356012625e+00
1.041538911479658491e+00
1.041546271275734403e+00
1.041553122045155266e+00
1.041559462087159993e+00
1.041565289703876074e+00
1.041570603193481714e+00
1.041575400854773958e+00
1.041579680986032264e+00
1.041583441885024053e+00
1.041586681849008489e+00
1.041589399174741803e+00
1.041591592158482182e+00
1.041593259095994206e+00
1.041594398282553735e+00
1.041595008012953016e+00
1.041595086581504459e+00
1.041594632282046851e+00
1.041593643407948466e+00
1.041592118255820321e+00
1.041590055110692248e+00
1.041587452268257774e+00
1.041584308020053307e+00
1.041580620657168943e+00
1.041576388470253134e+00
1.041571609750205685e+00
1.041566282785429065e+00
1.041560405865962879e+00
1.041553977280734733e+00
1.041546995318253899e+00
1.041539458266615537e+00
1.041531364413505356e+00
1.041522712046204058e+00
1.041513499451591995e+00
1.041503724916153617e+00
1.041493386725981463e+00
1.041482483166781936e+00
1.041471012523878859e+00
1.041458973082217465e+00
1.041446363126370400e+00
1.041433180940540382e+00
1.041419424808566419e+00
1.041405093013926697e+00
1.041390183839743688e+00
1.041374695568788589e+00
1.041358626483485539e+00
1.041341974865916065e+00
1.041324738997823518e+00
1.041306917160616630e+00
1.041288507635375504e+00
1.041269508702853841e+00
1.041249918643485373e+00
1.041229735737386086e+00
1.041208958264359996e+00
1.041187584503902919e+00
1.041165612735206469e+00
1.041143041237162503e+00
1.041119868288367334e+00
1.041096092167126175e+00
1.041071711151456691e+00
1.041046723519093664e+00
1.041021127548146463e+00
1.040994921514489135e+00
1.040968103695686153e+00
1.040940672368381614e+00
1.040912625808956937e+00
1.040883962293535969e+00
1.040854680097987650e+00
1.040824777497930897e+00
1.040794252768739048e+00
1.040763104185542298e+00
1.040731330023233703e+00
1.040698928556471392e+00
1.040665898059683903e+00
1.040632236807073507e+00
1.040597943072619769e+00
1.040563015130084645e+00
1.040527451253015379e+00
1.040491249714748490e+00
1.040454408788414442e+00
1.040416926746940529e+00
1.040378801863055314e+00
1.040340032409292403e+00
1.040300616657994226e+00
1.040260552881315803e+00
1.040219839351228304e+00
1.040178474339523707e+00
1.040136456117817465e+00
1.040093782957552726e+00
1.040050453130004326e+00
1.040006464906282346e+00
1.039961816557335439e+00
1.039916506353954828e+00
1.039870532566778305e+00
1.039823893466293558e+00
1.039776587322841062e+00
1.039728612407204933e+00
1.039679966988272586e+00
1.039630649336553470e+00
1.039580657721838497e+00
1.039529990413790905e+00
1.039478645681948255e+00
1.039426621795727090e+00
1.039373917024426275e+00
1.039320529641027058e+00
1.039266457907004559e+00
1.039211700095125757e+00
1.039156254474252083e+00
1.039100119313145054e+00
1.039043292880469149e+00
1.038985773444794924e+00
1.038927559274602341e+00
1.038868648638284764e+00
1.038809039804152068e+00
1.038748731040433748e+00
1.038687720615282251e+00
1.038626006796776524e+00
1.038563587852925574e+00
1.038500462051670681e+00
1.038436627660889844e+00
1.038372082948400665e+00
1.038306826181963016e+00
1.038240855629283255e+00
1.038174169558016224e+00
1.038106766235769696e+00
1.038038643930106808e+00
1.037969800908549178e+00
1.037900235438580232e+00
1.037829945787648311e+00
1.037758930223170006e+00
1.037687187013023760e+00
1.037614714423588325e+00
1.037541510722694627e+00
1.037467574177661556e+00
1.037392903055792015e+00
1.037317495624374475e+00
1.037241350150687191e+00
1.037164464902000427e+00
1.037086838145580225e+00
1.037008468148690188e+00
1.036929353178595248e+00
1.036849491502564558e+00
1.036768881387873931e+00
1.036687521101809173e+00
1.036605408911668968e+00
1.036522543084767101e+00
1.036438921888436004e+00
1.036354543590029431e+00
1.036269406456924669e+00
1.036183508756526317e+00
1.036096848756268285e+00
1.036009424723616901e+00
1.035921234926073353e+00
1.035832277631176579e+00
1.035742551106506593e+00
1.035652053619685820e+00
1.035560783438382870e+00
1.035468738830315205e+00
1.035375918063251133e+00
1.035282319405012474e+00
1.035187941123478339e+00
1.035092781486966373e+00
1.034996838762713978e+00
1.034900111219166030e+00
1.034802597124452328e+00
1.034704294746772613e+00
1.034605202354397901e+00
1.034505318215673375e+00
1.034404640599021485e+00
1.034303167772943732e+00
1.034200898006023106e+00
1.034097829566926974e+00
1.033993960724409522e+00
1.033889289747313533e+00
1.033783814904573273e+00
1.033677534465217152e+00
1.033570446698369061e+00
1.033462549873251923e+00
1.033353842259189248e+00
1.033244322125608017e+00
1.033133987742040460e+00
1.033022837378126724e+00
1.032910869303616419e+00
1.032798081788372180e+00
1.032684473102370770e+00
1.032570041515705972e+00
1.032454785298853706e+00
1.032338702721620205e+00
1.032221792054726750e+00
1.032104051568756287e+00
1.031985479534419214e+00
1.031866074222555607e+00
1.031745833904137877e+00
1.031624756850272107e+00
1.031502841332200937e+00
1.031380085621305120e+00
1.031256487989105519e+00
1.031132046707265770e+00
1.031006760047593174e+00
1.030880626282042245e+00
1.030753643682715825e+00
1.030625810521866415e+00
1.030497125071899944e+00
1.030367585605376002e+00
1.030237190395159042e+00
1.030105937713826192e+00
1.029973825834560763e+00
1.029840853030559389e+00
1.029707017575182348e+00
1.029572317741956455e+00
1.029436751804575279e+00
1.029300318036902695e+00
1.029163014712973556e+00
1.029024840107047201e+00
1.028885792493403839e+00
1.028745870149637254e+00
1.028605071344514066e+00
1.028463394355975113e+00
1.028320837459049342e+00
1.028177398929060571e+00
1.028033077041478727e+00
1.027887870071977572e+00
1.027741776296370313e+00
1.027594793990710409e+00
1.027446921431226734e+00
1.027298156894342229e+00
1.027148498656778930e+00
1.026997944995144740e+00
1.026846494186556491e+00
1.026694144508231821e+00
1.026540894237613966e+00
1.026386741652267176e+00
1.026231685030045027e+00
1.026075722648974287e+00
1.025918852787302882e+00
1.025761073723479466e+00
1.025602383736160084e+00
1.025442781104219714e+00
1.025282264106747165e+00
1.025120831023042633e+00
1.024958480132627692e+00
1.024795209715238409e+00
1.024631018050836673e+00
1.024465903419588209e+00
1.024299864101917645e+00
1.024132898378472767e+00
1.023965004530190237e+00
1.023796180837875269e+00
1.023626425582985666e+00
1.023455737047060943e+00
1.023284113511862214e+00
1.023111553259392847e+00
1.022938054571879807e+00
1.022763615731790754e+00
1.022588235021828496e+00
1.022411910724929651e+00
1.022234641124274646e+00
1.022056424503276606e+00
1.021877259145582251e+00
1.021697143335115854e+00
1.021516075356003972e+00
1.021334053492636951e+00
1.021151076029644500e+00
1.020967141251911015e+00
1.020782247444552038e+00
1.020596392892992643e+00
1.020409575882773368e+00
1.020221794699813556e+00
1.020033047630239276e+00
1.019843332960433946e+00
1.019652648977030118e+00
1.019460993966922580e+00
1.019268366217259913e+00
1.019074764015445611e+00
1.018880185649139625e+00
1.018684629406268805e+00
1.018488093575017572e+00
1.018290576443992901e+00
1.018092076301562177e+00
1.017892591436878158e+00
1.017692120139165768e+00
1.017490660697933480e+00
1.017288211402937570e+00
1.017084770544217198e+00
1.016880336412065322e+00
1.016674907297061337e+00
1.016468481490033104e+00
1.016261057282100033e+00
1.016052632964642211e+00
1.015843206829304179e+00
1.015632777168057110e+00
1.015421342273025829e+00
1.015208900436719519e+00
1.014995449951894058e+00
1.014780989111568665e+00
1.014565516209052332e+00
1.014349029537920721e+00
1.014131527392038601e+00
1.013913008065542076e+00
1.013693469852849693e+00
1.013472911048663549e+00
1.013251329947963963e+00
1.013028724846011475e+00
1.012805094038346843e+00
1.012580435820811697e+00
1.012354748489515233e+00
1.012128030340853968e+00
1.011900279671508418e+00
1.011671494778453084e+00
1.011441673958938692e+00
1.011210815510513727e+00
1.010978917731006677e+00
1.010745978918536458e+00
1.010511997371515314e+00
1.010276971388637701e+00
1.010040899268894510e+00
1.009803779311562622e+00
1.009565609816211129e+00
1.009326389082708664e+00
1.009086115411200968e+00
1.008844787102143314e+00
1.008602402456392211e+00
1.008358959774733998e+00
1.008114457358628480e+00
1.007868893509692887e+00
1.007622266529845767e+00
1.007374574721304761e+00
1.007125816386577277e+00
1.006875989828467155e+00
1.006625093350083544e+00
1.006373125254822920e+00
1.006120083846382629e+00
1.005865967428761110e+00
1.005610774306253008e+00
1.005354502783446957e+00
1.005097151165243785e+00
1.004838717756832311e+00
1.004579200863702892e+00
1.004318598791650974e+00
1.004056909846767542e+00
1.003794132335446676e+00
1.003530264564382435e+00
1.003265304840572636e+00
1.002999251471314635e+00
1.002732102764209543e+00
1.002463857027158234e+00
1.002194512568366447e+00
1.001924067696342124e+00
1.001652520719895856e+00
1.001379869948141321e+00
1.001106113690496846e+00
1.000831250256683402e+00
1.000555277956725719e+00
1.000278195100953393e+00
1.000000000000000000e+00
