 1000.000      458.9203      407.1031      501.3062     -2.999833      5.393117      163.1108      5.393117      481.8876      407.1031      264.6581      427.2163    
 1077.705      460.5952      408.5886      503.1357     -2.999821      5.393107      163.7073      5.393107      483.6464      408.5886      265.6240      428.7751    
 1161.449      451.5797      400.5906      493.2873     -2.999809      5.393095      160.5043      5.393095      474.1796      400.5906      260.4248      420.3817    
 1251.699      419.0224      371.7092      457.7228     -2.999809      5.393083      148.9338      5.393083      439.9929      371.7092      241.6492      390.0731    
 1348.963      409.6419      363.3875      447.4756     -2.999809      5.393069      145.6009      5.393069      430.1430      363.3875      236.2396      381.3400    
 1453.784      418.7639      371.4791      457.4400     -2.999797      5.393055      148.8447      5.393055      439.7214      371.4791      241.5003      389.8311    
 1566.751      394.5509      349.9998      430.9905     -2.999797      5.393041      140.2398      5.393041      414.2967      349.9998      227.5368      367.2904    
 1688.496      399.3882      354.2904      436.2742     -2.999774      5.393026      141.9607      5.393026      419.3760      354.2904      230.3265      371.7927    
 1819.701      380.8887      337.8795      416.0659     -2.999750      5.393010      135.3867      5.393010      399.9507      337.8795      219.6579      354.5708    
 1961.101      372.5330      330.4669      406.9384     -2.999738      5.392993      132.4182      5.392993      391.1768      330.4669      214.8393      346.7918    
 2113.489      358.9709      318.4359      392.1236     -2.999738      5.392976      127.5990      5.392976      376.9360      318.4359      207.0181      334.1661    
 2277.719      353.6527      313.7177      386.3139     -2.999714      5.392957      125.7103      5.392957      371.3517      313.7177      203.9512      329.2146    
 2454.708      343.4202      304.6403      375.1361     -2.999714      5.392938      122.0746      5.392938      360.6070      304.6403      198.0502      319.6884    
 2645.452      332.8250      295.2411      363.5622     -2.999690      5.392917      118.3101      5.392917      349.4816      295.2411      191.9401      309.8246    
 2851.018      328.5436      291.4428      358.8852     -2.999678      5.392896      116.7899      5.392896      344.9859      291.4428      189.4711      305.8383    
 3072.557      314.0043      278.5448      343.0028     -2.999654      5.392873      111.6233      5.392873      329.7189      278.5448      181.0863      292.3030    
 3311.311      308.3403      273.5200      336.8154     -2.999642      5.392850      109.6116      5.392850      323.7715      273.5200      177.8200      287.0297    
 3568.618      299.2364      265.4436      326.8704     -2.999619      5.392825      106.3771      5.392825      314.2119      265.4436      172.5698      278.5541    
 3845.918      299.5855      265.7529      327.2516     -2.999607      5.392798      106.5032      5.392798      314.5785      265.7529      172.7713      278.8782    
 4144.764      287.0292      254.6141      313.5354     -2.999583      5.392771      102.0413      5.392771      301.3938      254.6141      165.5302      267.1889    
 4466.837      283.1148      251.1412      309.2592     -2.999559      5.392743      100.6517      5.392743      297.2835      251.1412      163.2729      263.5442    
 4813.931      278.2737      246.8463      303.9706     -2.999535      5.392712      98.93276      5.392712      292.2000      246.8463      160.4811      259.0367    
 5188.000      261.8253      232.2550      286.0030     -2.999523      5.392680      93.08707      5.392680      274.9285      232.2550      150.9954      243.7245    
 5591.135      263.0577      233.3477      287.3489     -2.999487      5.392646      93.52740      5.392646      276.2226      233.3477      151.7062      244.8707    
 6025.596      259.6428      230.3178      283.6182     -2.999452      5.392610      92.31555      5.392610      272.6366      230.3178      149.7369      241.6907    
 6493.816      249.5827      221.3934      272.6288     -2.999428      5.392573      88.74097      5.392573      262.0731      221.3934      143.9354      232.3252    
 6998.420      243.6401      216.1214      266.1372     -2.999392      5.392534      86.63042      5.392534      255.8332      216.1214      140.5084      226.7925    
 7542.235      237.2578      210.4593      259.1651     -2.999380      5.392493      84.36348      5.392493      249.1313      210.4593      136.8278      220.8504    
 8128.302      231.6826      205.5132      253.0748     -2.999344      5.392450      82.38354      5.392450      243.2772      205.5132      133.6127      215.6596    
 8759.920      225.6785      200.1866      246.5159     -2.999309      5.392405      80.25110      5.392405      236.9725      200.1866      130.1502      210.0696    
 9440.606      221.3217      196.3213      241.7563     -2.999261      5.392357      78.70443      5.392357      232.3976      196.3213      127.6377      206.0129    
 10174.19      216.4207      191.9733      236.4026     -2.999237      5.392306      76.96433      5.392306      227.2515      191.9733      124.8115      201.4498    
 10964.78      209.3675      185.7161      228.6976     -2.999201      5.392253      74.45876      5.392253      219.8452      185.7161      120.7440      194.8832    
 11816.81      202.9999      180.0671      221.7416     -2.999166      5.392198      72.19697      5.392198      213.1589      180.0671      117.0718      188.9548    
 12735.03      200.8779      178.1841      219.4234     -2.999106      5.392140      71.44515      5.392140      210.9307      178.1841      115.8482      186.9783    
 13724.60      192.5455      170.7923      210.3212     -2.999070      5.392078      68.48457      5.392078      202.1813      170.7923      111.0430      179.2211    
 14791.09      189.4394      168.0363      206.9278     -2.999022      5.392014      67.38282      5.392014      198.9197      168.0363      109.2518      176.3285    
 15940.42      184.0176      163.2263      201.0050     -2.998975      5.391947      65.45735      5.391947      193.2265      163.2263      106.1252      171.2806    
 17179.07      179.4849      159.2049      196.0533     -2.998927      5.391875      63.84816      5.391875      188.4669      159.2049      103.5113      167.0601    
 18513.99      176.1685      156.2624      192.4304     -2.998856      5.391800      62.67173      5.391800      184.9846      156.2624      101.5988      163.9719    
 19952.63      170.9890      151.6673      186.7723     -2.998808      5.391723      60.83239      5.391723      179.5459      151.6673      98.61195      159.1495    
 21503.04      166.5137      147.6968      181.8833     -2.998760      5.391640      59.24364      5.391640      174.8466      147.6968      96.03112      154.9825    
 23173.93      164.2227      145.6639      179.3803     -2.998665      5.391552      58.43209      5.391552      172.4409      145.6639      94.71008      152.8486    
 24974.69      159.1455      141.1594      173.8338     -2.998605      5.391461      56.62912      5.391461      167.1095      141.1594      91.78211      148.1213    
 26915.34      154.9926      137.4750      169.2971     -2.998534      5.391366      55.15506      5.391366      162.7488      137.4750      89.38724      144.2544    
 29006.82      151.9050      134.7354      165.9239     -2.998462      5.391265      54.06012      5.391265      159.5067      134.7354      87.60677      141.3790    
 31260.79      148.1584      131.4112      161.8309     -2.998391      5.391159      52.73066      5.391159      155.5725      131.4112      85.44623      137.8902    
 33689.93      143.8851      127.6199      157.1626     -2.998295      5.391047      51.21374      5.391047      151.0853      127.6199      82.98193      133.9113    
 36307.80      140.7502      124.8384      153.7379     -2.998212      5.390930      50.10201      5.390930      147.7936      124.8384      81.17418      130.9919    
 39129.09      136.8415      121.3705      149.4678     -2.998128      5.390807      48.71482      5.390807      143.6892      121.3705      78.92013      127.3522    
 42169.65      133.8776      118.7406      146.2298     -2.998033      5.390678      47.66396      5.390678      140.5770      118.7406      77.21102      124.5919    
 45446.43      130.6313      115.8602      142.6832     -2.997926      5.390542      46.51255      5.390542      137.1682      115.8602      75.33899      121.5687    
 48977.89      127.5413      113.1185      139.3074     -2.997818      5.390399      45.41686      5.390399      133.9235      113.1185      73.55715      118.6911    
 52783.70      124.0416      110.0134      135.4842     -2.997711      5.390249      44.17526      5.390249      130.2487      110.0134      71.53900      115.4321    
 56885.31      121.3742      107.6464      132.5700     -2.997580      5.390090      43.23007      5.390090      127.4478      107.6464      70.00088      112.9477    
 61305.57      117.8361      104.5072      128.7048     -2.997473      5.389925      41.97472      5.389925      123.7326      104.5072      67.96058      109.6531    
 66069.30      115.1727      102.1438      125.7949     -2.997342      5.389750      41.03097      5.389750      120.9359      102.1438      66.42475      107.1723    
 71203.27      111.8868      99.22831      122.2051     -2.997222      5.389568      39.86537      5.389568      117.4855      99.22831      64.52988      104.1123    
 76736.19      109.5782      97.17956      119.6828     -2.997067      5.389375      39.04808      5.389375      115.0613      97.17956      63.19868      101.9618    
 82698.95      106.6821      94.60980      116.5188     -2.996912      5.389172      38.02140      5.389172      112.0202      94.60980      61.52866      99.26453    
 89125.05      104.2675      92.46701      113.8807     -2.996758      5.388959      37.16632      5.388959      109.4847      92.46701      60.13631      97.01528    
 96050.60      101.6480      90.14259      111.0188     -2.996591      5.388735      36.23825      5.388735      106.7342      90.14259      58.62585      94.57547    
 103514.2      99.13821      87.91535      108.2767     -2.996412      5.388500      35.34926      5.388500      104.0987      87.91535      57.17859      92.23764    
 111557.7      96.54778      85.61665      105.4466     -2.996233      5.388253      34.43149      5.388253      101.3786      85.61665      55.68484      89.82481    
 120226.4      94.12965      83.47076      102.8046     -2.996042      5.387993      33.57520      5.387993      98.83946      83.47076      54.29049      87.57233    
 129568.7      91.85005      81.44771      100.3139     -2.995840      5.387721      32.76828      5.387721      96.44574      81.44771      52.97602      85.44870    
 139636.8      89.68095      79.52264      97.94392     -2.995613      5.387435      32.00078      5.387435      94.16804      79.52264      51.72528      83.42786    
 150487.3      87.47399      77.56399      95.53258     -2.995399      5.387133      31.21981      5.387133      91.85061      77.56399      50.45271      81.37181    
 162181.0      85.12093      75.47580      92.96172     -2.995172      5.386817      30.38667      5.386817      89.37975      75.47580      49.09587      79.17986    
 174783.2      82.81585      73.43016      90.44323     -2.994946      5.386484      29.57062      5.386484      86.95928      73.43016      47.76671      77.03255    
 188364.8      81.00151      71.81965      88.46068     -2.994672      5.386134      28.92979      5.386134      85.05411      71.81965      46.72059      75.34171    
 203001.8      79.15942      70.18452      86.44782     -2.994374      5.385766      28.27912      5.385766      83.11979      70.18452      45.65848      73.62505    
 218776.2      77.07811      68.33730      84.17370     -2.994099      5.385380      27.54297      5.385380      80.93428      68.33730      44.45838      71.68587    
 235776.2      75.20682      66.67628      82.12895     -2.993801      5.384974      26.88185      5.384974      78.96931      66.67628      43.37942      69.94205    
 254097.1      73.39215      65.06545      80.14602     -2.993479      5.384547      26.24096      5.384547      77.06379      65.06545      42.33311      68.25088    
 273842.0      71.48484      63.37251      78.06196     -2.993158      5.384099      25.56697      5.384099      75.06099      63.37251      41.23337      66.47356    
 295120.8      69.66483      61.75695      76.07320     -2.992824      5.383629      24.92416      5.383629      73.14985      61.75695      40.18399      64.77744    
 318053.1      67.91576      60.20429      74.16190     -2.992454      5.383133      24.30673      5.383133      71.31322      60.20429      39.17553      63.14728    
 342767.7      66.36144      58.82426      72.46329     -2.992049      5.382613      23.75902      5.382613      69.68107      58.82426      38.27940      61.69819    
 369402.8      64.65534      57.30970      70.59892     -2.991644      5.382066      23.15696      5.382066      67.88954      57.30970      37.29572      60.10799    
 398107.1      63.01864      55.85665      68.81034     -2.991226      5.381493      22.57973      5.381493      66.17089      55.85665      36.35207      58.58232    
 429041.9      61.52626      54.53153      67.17936     -2.990773      5.380889      22.05422      5.380889      64.60379      54.53153      35.49168      57.19081    
 462381.0      59.94462      53.12729      65.45092     -2.990320      5.380256      21.49669      5.380256      62.94294      53.12729      34.57979      55.71633    
 498310.7      58.44443      51.79523      63.81137     -2.989820      5.379589      20.96838      5.379589      61.36763      51.79523      33.71489      54.31755    
 537031.8      57.01006      50.52151      62.24372     -2.989307      5.378890      20.46367      5.378890      59.86143      50.52151      32.88795      52.97996    
 578761.8      55.56326      49.23679      60.66251     -2.988771      5.378154      19.95449      5.378154      58.34218      49.23679      32.05385      51.63083    
 623734.9      54.19826      48.02455      59.17060     -2.988199      5.377382      19.47467      5.377382      56.90881      48.02455      31.26693      50.35772    
 672202.1      52.84288      46.82085      57.68919     -2.987603      5.376570      18.99832      5.376570      55.48557      46.82085      30.48557      49.09354    
 724435.4      51.50881      45.63601      56.23102     -2.986971      5.375718      18.52958      5.375718      54.08466      45.63601      29.71649      47.84915    
 780728.3      50.22884      44.49913      54.83195     -2.986303      5.374823      18.08031      5.374823      52.74059      44.49913      28.97863      46.65506    
 841395.5      48.99279      43.40115      53.48082     -2.985612      5.373881      17.64685      5.373881      51.44263      43.40115      28.26611      45.50174    
 906775.9      47.74002      42.28837      52.11143     -2.984897      5.372893      17.20735      5.372893      50.12711      42.28837      27.54394      44.33291    
 977236.7      46.59120      41.26767      50.85551     -2.984122      5.371854      16.80530      5.371854      48.92075      41.26767      26.88175      43.26063    
 1053174.      45.39947      40.20896      49.55275     -2.983323      5.370764      16.38776      5.370764      47.66932      40.20896      26.19479      42.14851    
 1135010.      44.27479      39.20965      48.32320     -2.982477      5.369619      15.99441      5.369619      46.48829      39.20965      25.54652      41.09864    
 1223206.      43.15767      38.21703      47.10189     -2.981595      5.368416      15.60377      5.368416      45.31521      38.21703      24.90262      40.05581    
 1318256.      42.08338      37.26234      45.92732     -2.980665      5.367153      15.22861      5.367153      44.18709      37.26234      24.28342      39.05273    
 1420693.      41.03059      36.32670      44.77622     -2.979687      5.365825      14.86120      5.365825      43.08155      36.32670      23.67663      38.06961    
 1531087.      39.98946      35.40139      43.63786     -2.978662      5.364433      14.49798      5.364433      41.98826      35.40139      23.07656      37.09733    
 1650060.      39.01624      34.53621      42.57359     -2.977577      5.362969      14.15939      5.362969      40.96626      34.53621      22.51569      36.18805    
 1778279.      38.00116      33.63397      41.46366     -2.976469      5.361432      13.80558      5.361432      39.90033      33.63397      21.93066      35.23997    
 1916460.      37.06331      32.80011      40.43799     -2.975265      5.359819      13.47978      5.359819      38.91547      32.80011      21.39019      34.36352    
 2065378.      36.13233      31.97233      39.41983     -2.974025      5.358125      13.15647      5.358125      37.93783      31.97233      20.85369      33.49346    
 2225870.      35.21181      31.15381      38.41307     -2.972738      5.356347      12.83693      5.356347      36.97117      31.15381      20.32323      32.63310    
 2398834.      34.32454      30.36471      37.44260     -2.971355      5.354481      12.52947      5.354481      36.03942      30.36471      19.81194      31.80359    
 2585234.      33.45732      29.59337      36.49402     -2.969924      5.352520      12.22932      5.352520      35.12873      29.59337      19.31224      30.99267    
 2786119.      32.58974      28.82173      35.54504     -2.968434      5.350463      11.92897      5.350463      34.21766      28.82173      18.81232      30.18144    
 3002617.      31.79006      28.11015      34.67013     -2.966837      5.348304      11.65344      5.348304      33.37788      28.11015      18.35161      29.43313    
 3235935.      30.97410      27.38418      33.77747     -2.965192      5.346039      11.37191      5.346039      32.52101      27.38418      17.88148      28.66976    
 3487382.      30.19296      26.68901      32.92279     -2.963440      5.343660      11.10312      5.343660      31.70069      26.68901      17.43146      27.93864    
 3758372.      29.40205      25.98522      32.05746     -2.961652      5.341165      10.83068      5.341165      30.87013      25.98522      16.97580      27.19852    
 4050420.      28.66883      25.33244      31.25504     -2.959720      5.338547      10.57941      5.338547      30.10013      25.33244      16.55343      26.51180    
 4365157.      27.92731      24.67233      30.44358     -2.957730      5.335800      10.32504      5.335800      29.32141      24.67233      16.12627      25.81744    
 4704350.      27.21718      24.03998      29.66635     -2.955620      5.332919      10.08221      5.332919      28.57565      24.03998      15.71724      25.15212    
 5069906.      26.51016      23.41040      28.89252     -2.953438      5.329895      9.840464      5.329895      27.83317      23.41040      15.31000      24.48974    
 5463868.      25.84587      22.81857      28.16527     -2.951114      5.326725      9.614500      5.326725      27.13554      22.81857      14.92743      23.86685    
 5888436.      25.16053      22.20817      27.41508     -2.948742      5.323400      9.380638      5.323400      26.41581      22.20817      14.53270      23.22457    
 6345996.      24.51328      21.63143      26.70643     -2.946214      5.319913      9.160872      5.319913      25.73607      21.63143      14.15996      22.61751    
 6839117.      23.87332      21.06116      26.00574     -2.943568      5.316259      8.943736      5.316259      25.06400      21.06116      13.79144      22.01724    
 7370549.      23.25504      20.51004      25.32867     -2.940814      5.312428      8.734613      5.312428      24.41468      20.51004      13.43543      21.43702    
 7943276.      22.65030      19.97089      24.66637     -2.937906      5.308411      8.530483      5.308411      23.77958      19.97089      13.08724      20.86933    
 8560515.      22.05865      19.44330      24.01833     -2.934866      5.304202      8.331156      5.304202      23.15821      19.44330      12.74660      20.31376    
 9225718.      21.48189      18.92889      23.38653     -2.931707      5.299791      8.137330      5.299791      22.55247      18.92889      12.41456      19.77198    
 9942599.      20.91230      18.42084      22.76257     -2.928393      5.295170      7.946088      5.295170      21.95428      18.42084      12.08666      19.23689    
0.1071519E+08  20.36175      17.92959      22.15933     -2.924924      5.290329      7.761927      5.290329      21.37607      17.92959      11.76976      18.71937    
0.1154782E+08  19.82076      17.44683      21.56654     -2.921313      5.285260      7.581242      5.285260      20.80790      17.44683      11.45837      18.21076    
0.1244514E+08  19.29521      16.97768      20.99057     -2.917522      5.279951      7.406302      5.279951      20.25593      16.97768      11.15590      17.71640    
0.1341220E+08  18.77804      16.51597      20.42375     -2.913588      5.274394      7.234391      5.274394      19.71277      16.51597      10.85827      17.22985    
0.1445439E+08  18.27590      16.06754      19.87330     -2.909440      5.268576      7.068072      5.268576      19.18539      16.06754      10.56932      16.75720    
0.1557757E+08  17.78262      15.62695      19.33251     -2.905148      5.262489      6.904962      5.262489      18.66730      15.62695      10.28548      16.29277    
0.1678804E+08  17.30199      15.19755      18.80553     -2.900642      5.256120      6.746537      5.256120      18.16250      15.19755      10.00895      15.84008    
0.1809255E+08  16.83013      14.77593      18.28811     -2.895957      5.249458      6.591281      5.249458      17.66691      14.77593      9.737478      15.39554    
0.1949844E+08  16.36773      14.36268      17.78101     -2.891082      5.242492      6.439453      5.242492      17.18125      14.36268      9.471467      14.95980    
0.2101357E+08  15.92026      13.96261      17.29016     -2.885980      5.235208      6.293213      5.235208      16.71125      13.96261      9.214074      14.53784    
0.2264644E+08  15.47936      13.56839      16.80650     -2.880663      5.227595      6.149261      5.227595      16.24817      13.56839      8.960473      14.12206    
0.2440618E+08  15.04987      13.18427      16.33528     -2.875144      5.219643      6.009504      5.219643      15.79706      13.18427      8.713462      13.71687    
0.2630268E+08  14.62669      12.80578      15.87097     -2.869399      5.211334      5.871912      5.211334      15.35258      12.80578      8.470090      13.31761    
0.2834653E+08  14.21376      12.43636      15.41783     -2.863438      5.202661      5.738033      5.202661      14.91886      12.43636      8.232629      12.92788    
0.3054919E+08  13.81303      12.07773      14.97799     -2.857192      5.193604      5.608674      5.193604      14.49794      12.07773      8.002213      12.54945    
0.3292304E+08  13.41656      11.72294      14.54283     -2.850767      5.184155      5.480596      5.184155      14.08150      11.72294      7.774245      12.17513    
0.3548132E+08  13.02868      11.37580      14.11706     -2.844079      5.174300      5.355534      5.174300      13.67408      11.37580      7.551229      11.80884    
0.3823842E+08  12.65009      11.03690      13.70144     -2.837130      5.164024      5.233768      5.164024      13.27642      11.03690      7.333576      11.45124    
0.4120973E+08  12.27984      10.70543      13.29492     -2.829930      5.153314      5.114897      5.153314      12.88750      10.70543      7.120726      11.10146    
0.4441197E+08  11.91617      10.37985      12.89561     -2.822491      5.142157      4.998169      5.142157      12.50550      10.37985      6.911662      10.75792    
0.4786299E+08  11.56101      10.06185      12.50562     -2.814779      5.130538      4.884368      5.130538      12.13243      10.06185      6.707505      10.42237    
0.5158217E+08  11.21199      9.749380      12.12237     -2.806804      5.118446      4.772473      5.118446      11.76582      9.749380      6.506881      10.09270    
0.5559041E+08  10.86994      9.443156      11.74676     -2.798590      5.105865      4.662807      5.105865      11.40652      9.443156      6.310262      9.769653    
0.5991005E+08  10.53516      9.143449      11.37912     -2.790103      5.092787      4.555459      5.092787      11.05486      9.143449      6.117825      9.453509    
0.6456542E+08  10.20631      8.849115      11.01803     -2.781377      5.079195      4.449834      5.079195      10.70943      8.849115      5.928795      9.143097    
0.6958246E+08  9.885705      8.562149      10.66595     -2.772353      5.065080      4.346896      5.065080      10.37265      8.562149      5.744506      8.840482    
0.7498942E+08  9.569300      8.279067      10.31855     -2.763127      5.050430      4.244840      5.050430      10.04029      8.279067      5.562614      8.542068    
0.8081646E+08  9.259497      8.001958      9.978417     -2.753650      5.035234      4.144681      5.035234      9.714862      8.001958      5.384511      8.250024    
0.8709627E+08  8.955887      7.730471      9.645121     -2.743923      5.019483      4.046191      5.019483      9.395937      7.730471      5.209955      7.963993    
0.9386417E+08  8.657928      7.464153      9.318080     -2.733969      5.003166      3.949086      5.003166      9.082954      7.464153      5.038631      7.683514    
0.1011578E+09  8.365152      7.202612      8.996802     -2.723825      4.986278      3.853099      4.986278      8.775418      7.202612      4.870265      7.408190    
0.1090185E+09  8.078156      6.946366      8.681929     -2.713466      4.968811      3.758450      4.968811      8.473952      6.946366      4.705199      7.138566    
0.1174897E+09  7.796095      6.694708      8.372570     -2.702940      4.950760      3.664693      4.950760      8.177676      6.694708      4.542943      6.873920    
0.1266193E+09  7.520174      6.448680      8.070019     -2.692224      4.932122      3.572340      4.932122      7.887852      6.448680      4.384192      6.615328    
0.1364584E+09  7.248069      6.206302      7.771791     -2.681400      4.912893      3.480235      4.912893      7.602043      6.206302      4.227591      6.360766    
0.1470617E+09  6.982072      5.969549      7.480359     -2.670433      4.893075      3.389407      4.893075      7.322653      5.969549      4.074473      6.112270    
0.1584892E+09  6.720291      5.736815      7.193698     -2.659394      4.872667      3.298888      4.872667      7.047698      5.736815      3.923733      5.868200    
0.1708048E+09  6.463259      5.508569      6.912391     -2.648308      4.851674      3.208873      4.851674      6.777740      5.508569      3.775677      5.629044    
0.1840769E+09  6.211558      5.285318      6.637070     -2.637162      4.830102      3.119587      4.830102      6.513386      5.285318      3.630642      5.395327    
0.1983808E+09  5.964366      5.066374      6.366862     -2.626029      4.807958      3.030573      4.807958      6.253779      5.066374      3.488146      5.166351    
0.2137962E+09  5.721897      4.851931      6.102011     -2.614966      4.785253      2.941876      4.785253      5.999141      4.851931      3.348311      4.942320    
0.2304089E+09  5.484162      4.642008      5.842532     -2.603988      4.762001      2.853448      4.762001      5.749484      4.642008      3.211139      4.723260    
0.2483136E+09  5.250866      4.436368      5.588123     -2.593140      4.738214      2.765093      4.738214      5.504503      4.436368      3.076457      4.508932    
0.2676084E+09  5.022626      4.235539      5.339447     -2.582471      4.713914      2.677086      4.713914      5.264841      4.235539      2.944620      4.299876    
0.2884032E+09  4.799334      4.039438      5.096397     -2.571993      4.689121      2.589340      4.689121      5.030388      4.039438      2.815566      4.096010    
0.3108138E+09  4.580622      3.847761      4.858592     -2.561825      4.663857      2.501630      4.663857      4.800760      3.847761      2.689075      3.897024    
0.3349652E+09  4.357817      3.653242      4.616844     -2.552908      4.638151      2.409137      4.638151      4.566864      3.653242      2.560050      3.695571    
0.3609939E+09  4.159022      3.479453      4.400944     -2.542382      4.612068      2.327355      4.612068      4.358159      3.479453      2.444998      3.515495    
0.3890453E+09  3.955334      3.302140      4.180253     -2.533311      4.585555      2.240394      4.585555      4.144349      3.302140      2.326942      3.332248    
0.4192755E+09  3.757132      3.130015      3.965777     -2.524680      4.558692      2.153963      4.558692      3.936313      3.130015      2.211978      3.154639    
0.4518557E+09  3.564190      2.962884      3.757283     -2.516539      4.531513      2.067966      4.531513      3.733817      2.962884      2.099972      2.982467    
0.4869675E+09  3.376718      2.800911      3.554984     -2.508957      4.504053      1.982565      4.504053      3.537077      2.800911      1.991047      2.815888    
0.5248066E+09  3.194962      2.644294      3.359136     -2.501936      4.476352      1.897961      4.476352      3.346355      2.644294      1.885353      2.655087    
0.5655872E+09  3.019312      2.493337      3.170144     -2.495463      4.448447      1.814461      4.448447      3.162057      2.493337      1.783118      2.500357    
0.6095367E+09  2.849552      2.347845      2.987771     -2.489598      4.420376      1.732024      4.420376      2.983957      2.347845      1.684221      2.351486    
0.6568998E+09  2.686029      2.208084      2.812368     -2.484329      4.392178      1.650960      4.392178      2.812419      2.208084      1.588869      2.208725    
0.7079464E+09  2.528802      2.074078      2.643985     -2.479656      4.363887      1.571420      4.363887      2.647502      2.074078      1.497102      2.072077    
0.7629564E+09  2.378125      1.946010      2.482870     -2.475556      4.335543      1.493686      4.335543      2.489471      1.946010      1.409076      1.941704    
0.8222426E+09  2.234070      1.823909      2.329079     -2.471980      4.307176      1.417941      4.307176      2.338403      1.823909      1.324838      1.817614    
0.8861357E+09  2.096757      1.707841      2.182718     -2.468904      4.278819      1.344406      4.278819      2.194421      1.707841      1.244468      1.699850    
0.9549916E+09  1.966142      1.597736      2.043716     -2.466281      4.250498      1.273205      4.250498      2.057476      1.597736      1.167947      1.588318    
0.1029200E+10  1.842320      1.493636      1.912148     -2.464064      4.222236      1.204553      4.222236      1.927667      1.493636      1.095338      1.483038    
0.1109175E+10  1.725365      1.395563      1.788066     -2.462121      4.194054      1.138660      4.194054      1.805072      1.395563      1.026696      1.384005    
0.1195362E+10  1.615088      1.303328      1.671244     -2.460393      4.165967      1.075559      4.165967      1.689487      1.303328     0.9619142      1.291006    
0.1288249E+10  1.511417      1.216833      1.561583     -2.458867      4.137983      1.015359      4.137983      1.580838      1.216833     0.9009610      1.203924    
0.1388353E+10  1.414235      1.135948      1.458932     -2.457365      4.110109     0.9581369      4.110109      1.479000      1.135948     0.8437755      1.122603    
0.1496233E+10  1.323406      1.060525      1.363123     -2.455851      4.082349     0.9039482      4.082349      1.383829      1.060525     0.7902858      1.046876    
0.1612503E+10  1.238561     0.9902325      1.273749     -2.454242      4.054695     0.8526835      4.054695      1.294937     0.9902325     0.7402806     0.9763932    
0.1737800E+10  1.159501     0.9248751      1.190576     -2.452477      4.027145     0.8043382      4.027145      1.212113     0.9248751     0.6936492     0.9109426    
0.1872833E+10  1.086094     0.8643149      1.113444     -2.450380      3.999690     0.7589470      3.999690      1.135217     0.8643149     0.6503219     0.8503678    
0.2018368E+10  1.017431     0.8077964      1.041396     -2.448246      3.972311     0.7159914      3.972311      1.063299     0.8077964     0.6097628     0.7939085    
0.2175202E+10 0.9537556     0.7554850     0.9746586     -2.445719      3.945008     0.6757433      3.945008     0.9966089     0.7554850     0.5721241     0.7417108    
0.2344228E+10 0.8944570     0.7068695     0.9125857     -2.442941      3.917763     0.6378693      3.917763     0.9345089     0.7068695     0.5370478     0.6932581    
0.2526388E+10 0.8392136     0.6616710     0.8548294     -2.439925      3.890564     0.6022267      3.890564     0.8766609     0.6616710     0.5043471     0.6482627    
0.2722698E+10 0.7876879     0.6196008     0.8010276     -2.436659      3.863405     0.5686512      3.863405     0.8227106     0.6196008     0.4738252     0.6064302    
0.2934268E+10 0.7394689     0.5803155     0.7507460     -2.433297      3.836275     0.5369155      3.836275     0.7722276     0.5803155     0.4452401     0.5674131    
0.3162278E+10 0.6943097     0.5436030     0.7037188     -2.429829      3.809172     0.5069023      3.809172     0.7249528     0.5436030     0.4184481     0.5309947    
0.3407998E+10 0.6519292     0.5092273     0.6596481     -2.426324      3.782098     0.4784619      3.782098     0.6805916     0.5092273     0.3932842     0.4969353    
0.3672819E+10 0.6120446     0.4769527     0.6182358     -2.422891      3.755051     0.4514372      3.755051     0.6388481     0.4769527     0.3695819     0.4649972    
0.3958219E+10 0.5744688     0.4466197     0.5792814     -2.419577      3.728042     0.4257347      3.728042     0.5995255     0.4466197     0.3472314     0.4350180    
0.4265787E+10 0.5390972     0.4181354     0.5426701     -2.416370      3.701077     0.4013187      3.701077     0.5625144     0.4181354     0.3261734     0.4069003    
0.4597274E+10 0.5057123     0.3913189     0.5081726     -2.413366      3.674162     0.3780653      3.674162     0.5275867     0.3913189     0.3062790     0.3804623    
0.4954499E+10 0.4742404     0.3661028     0.4757067     -2.410541      3.647313     0.3559541      3.647313     0.4946650     0.3661028     0.2875068     0.3556329    
0.5339492E+10 0.4446113     0.3424226     0.4451926     -2.407859      3.620536     0.3349656      3.620536     0.4636752     0.3424226     0.2698168     0.3323439    
0.5754402E+10 0.4167504     0.3202107     0.4165473     -2.405296      3.593837     0.3150738      3.593837     0.4345388     0.3202107     0.2531669     0.3105248    
0.6201540E+10 0.3906004     0.2994132     0.3897051     -2.402757      3.567223     0.2962639      3.567223     0.4071954     0.2994132     0.2375249     0.2901188    
0.6683436E+10 0.3661115     0.2799825     0.3646078     -2.400182      3.540693     0.2785248      3.540693     0.3815923     0.2799825     0.2228634     0.2710749    
0.7202779E+10 0.3432027     0.2618475     0.3411669     -2.397524      3.514246     0.2618194      3.514246     0.3576445     0.2618475     0.2091358     0.2533200    
0.7762460E+10 0.3217865     0.2449325     0.3192872     -2.394734      3.487879     0.2461029      3.487879     0.3352597     0.2449325     0.1962914     0.2367771    
0.8365649E+10 0.3017956     0.2291781     0.2988944     -2.391754      3.461584     0.2313442      3.461584     0.3143674     0.2291781     0.1842917     0.2213848    
0.9015710E+10 0.2831138     0.2144880     0.2798663     -2.388619      3.435356     0.2174721      3.435356     0.2948456     0.2144880     0.1730681     0.2070470    
0.9716263E+10 0.2656493     0.2007858     0.2621056     -2.385329      3.409190     0.2044324      3.409190     0.2765984     0.2007858     0.1625668     0.1936867    
0.1047127E+11 0.2493038     0.1879904     0.2455092     -2.381908      3.383081     0.1921638      3.383081     0.2595226     0.1879904     0.1527297     0.1812230    
0.1128495E+11 0.2339489     0.1759992     0.2299452     -2.378522      3.357031     0.1805798      3.357031     0.2434842     0.1759992     0.1434799     0.1695544    
0.1216183E+11 0.2195401     0.1647733     0.2153648     -2.375125      3.331038     0.1696574      3.331038     0.2284362     0.1647733     0.1347919     0.1586414    
0.1310691E+11 0.2059782     0.1542333     0.2016660     -2.371811      3.305109     0.1593298      3.305109     0.2142750     0.1542333     0.1266063     0.1484054    
0.1412536E+11 0.1932166     0.1443399     0.1887990     -2.368617      3.279249     0.1495701      3.279249     0.2009518     0.1443399     0.1188959     0.1388067    
0.1522299E+11 0.1812034     0.1350500     0.1767092     -2.365541      3.253463     0.1403460      3.253463     0.1884120     0.1350500     0.1116300     0.1298022    
0.1640590E+11 0.1699187     0.1263449     0.1653731     -2.362525      3.227758     0.1316494      3.227758     0.1766347     0.1263449     0.1047979     0.1213724    
0.1768070E+11 0.1588463     0.1178382     0.1542865     -2.361440      3.202190     0.1230866      3.202190     0.1650832     0.1178382     0.9808178E-01 0.1131449    
0.1905460E+11 0.1492851     0.1104888     0.1447060     -2.356970      3.176672     0.1156697      3.176672     0.1551067     0.1104888     0.9228524E-01 0.1060390    
0.2053525E+11 0.1400116     0.1033858     0.1354401     -2.353787      3.151235     0.1084557      3.151235     0.1454334     0.1033858     0.8665404E-01 0.9917865E-01
0.2213091E+11 0.1319887     0.9723601E-01 0.1274157     -2.347279      3.125777     0.1021943      3.125777     0.1370629     0.9723601E-01 0.8178564E-01 0.9324071E-01
0.2385061E+11 0.1232152     0.9056360E-01 0.1186998     -2.347052      3.100487     0.9533986E-01  3.100487     0.1279170     0.9056360E-01 0.7644033E-01 0.8680930E-01
0.2570395E+11 0.1155582     0.8474062E-01 0.1110912     -2.343822      3.075278     0.8934125E-01  3.075278     0.1199342     0.8474062E-01 0.7177644E-01 0.8119905E-01
0.2770124E+11 0.1083712     0.7928833E-01 0.1039633     -2.340603      3.050151     0.8370061E-01  3.050151     0.1124429     0.7928833E-01 0.6739422E-01 0.7595001E-01
0.2985385E+11 0.1016225     0.7418094E-01 0.9728293E-01 -2.337409      3.025106     0.7839569E-01  3.025106     0.1054099     0.7418094E-01 0.6327480E-01 0.7103676E-01
0.3217360E+11 0.9529267E-01 0.6940208E-01 0.9102922E-01 -2.334190      3.000150     0.7341344E-01  3.000150     0.9881466E-01 0.6940208E-01 0.5940697E-01 0.6644288E-01
0.3467368E+11 0.8935676E-01 0.6493129E-01 0.8517596E-01 -2.330960      2.975279     0.6873617E-01  2.975279     0.9263111E-01 0.6493129E-01 0.5577596E-01 0.6214822E-01
0.3736803E+11 0.8380681E-01 0.6076075E-01 0.7971336E-01 -2.327574      2.950493     0.6435896E-01  2.950493     0.8685073E-01 0.6076075E-01 0.5237763E-01 0.5814464E-01
0.4027166E+11 0.7862227E-01 0.5687349E-01 0.7461963E-01 -2.323974      2.925786     0.6026692E-01  2.925786     0.8145195E-01 0.5687349E-01 0.4919987E-01 0.5441546E-01
0.4340101E+11 0.7376998E-01 0.5324365E-01 0.6986127E-01 -2.320243      2.901154     0.5643526E-01  2.901154     0.7640013E-01 0.5324365E-01 0.4622269E-01 0.5093541E-01
0.4677352E+11 0.6923462E-01 0.4985843E-01 0.6542183E-01 -2.316297      2.876590     0.5285267E-01  2.876590     0.7167918E-01 0.4985843E-01 0.4343721E-01 0.4769187E-01
0.5040799E+11 0.6498235E-01 0.4669188E-01 0.6126752E-01 -2.312280      2.852095     0.4949364E-01  2.852095     0.6725385E-01 0.4669188E-01 0.4082279E-01 0.4465963E-01
0.5432499E+11 0.6098439E-01 0.4372188E-01 0.5736967E-01 -2.308311      2.827665     0.4633640E-01  2.827665     0.6309413E-01 0.4372188E-01 0.3836193E-01 0.4181723E-01
0.5854636E+11 0.5722250E-01 0.4093409E-01 0.5370967E-01 -2.304412      2.803307     0.4336723E-01  2.803307     0.5918097E-01 0.4093409E-01 0.3604367E-01 0.3915066E-01
0.6309562E+11 0.5368115E-01 0.3831624E-01 0.5027166E-01 -2.300634      2.779026     0.4057441E-01  2.779026     0.5549815E-01 0.3831624E-01 0.3385871E-01 0.3664792E-01
0.6799853E+11 0.5034790E-01 0.3585833E-01 0.4704272E-01 -2.296974      2.754827     0.3794844E-01  2.754827     0.5203265E-01 0.3585833E-01 0.3179965E-01 0.3429923E-01
0.7328241E+11 0.4721155E-01 0.3355134E-01 0.4401118E-01 -2.293422      2.730716     0.3548072E-01  2.730716     0.4877270E-01 0.3355134E-01 0.2985983E-01 0.3209575E-01
0.7897672E+11 0.4426198E-01 0.3138711E-01 0.4116651E-01 -2.289959      2.706697     0.3316336E-01  2.706697     0.4570774E-01 0.3138711E-01 0.2803330E-01 0.3002950E-01
0.8511386E+11 0.4148792E-01 0.2935667E-01 0.3849708E-01 -2.286609      2.682775     0.3098757E-01  2.682775     0.4282594E-01 0.2935667E-01 0.2631327E-01 0.2809175E-01
0.9172751E+11 0.3888343E-01 0.2745499E-01 0.3599636E-01 -2.283283      2.658956     0.2894852E-01  2.658956     0.4012106E-01 0.2745499E-01 0.2469640E-01 0.2627751E-01
0.9885528E+11 0.3644206E-01 0.2567663E-01 0.3365736E-01 -2.279940      2.635239     0.2704088E-01  2.635239     0.3758626E-01 0.2567663E-01 0.2317895E-01 0.2458150E-01
0.1065369E+12 0.3416233E-01 0.2401972E-01 0.3147768E-01 -2.276369      2.611620     0.2526296E-01  2.611620     0.3521989E-01 0.2401972E-01 0.2176037E-01 0.2300182E-01
0.1148152E+12 0.3203801E-01 0.2247907E-01 0.2945057E-01 -2.272460      2.588094     0.2360944E-01  2.588094     0.3301534E-01 0.2247907E-01 0.2043708E-01 0.2153343E-01
0.1237370E+12 0.3005875E-01 0.2104666E-01 0.2756556E-01 -2.268180      2.564647     0.2207200E-01  2.564647     0.3096183E-01 0.2104666E-01 0.1920285E-01 0.2016860E-01
0.1333521E+12 0.2820970E-01 0.1971137E-01 0.2580811E-01 -2.263644      2.541273     0.2063901E-01  2.541273     0.2904388E-01 0.1971137E-01 0.1804854E-01 0.1889663E-01
0.1437141E+12 0.2647550E-01 0.1846188E-01 0.2416341E-01 -2.259031      2.517969     0.1929859E-01  2.517969     0.2724558E-01 0.1846188E-01 0.1696462E-01 0.1770664E-01
0.1548815E+12 0.2484374E-01 0.1728898E-01 0.2261941E-01 -2.254459      2.494734     0.1804112E-01  2.494734     0.2555402E-01 0.1728898E-01 0.1594341E-01 0.1658976E-01
0.1669167E+12 0.2330347E-01 0.1618460E-01 0.2116559E-01 -2.250114      2.471575     0.1685814E-01  2.471575     0.2395786E-01 0.1618460E-01 0.1497810E-01 0.1553822E-01
0.1798871E+12 0.2184903E-01 0.1514436E-01 0.1979623E-01 -2.246049      2.448503     0.1574508E-01  2.448503     0.2245120E-01 0.1514436E-01 0.1406526E-01 0.1454779E-01
0.1938650E+12 0.2047527E-01 0.1416433E-01 0.1850620E-01 -2.242289      2.425529     0.1469776E-01  2.425529     0.2102866E-01 0.1416433E-01 0.1320177E-01 0.1361467E-01
0.2089295E+12 0.1918006E-01 0.1324261E-01 0.1729303E-01 -2.238766      2.402661     0.1371415E-01  2.402661     0.1968798E-01 0.1324261E-01 0.1238645E-01 0.1273703E-01
0.2251645E+12 0.1796529E-01 0.1238017E-01 0.1615795E-01 -2.235238      2.379905     0.1279507E-01  2.379905     0.1843101E-01 0.1238017E-01 0.1162072E-01 0.1191580E-01
0.2426606E+12 0.1683268E-01 0.1157778E-01 0.1510197E-01 -2.231405      2.357258     0.1194115E-01  2.357258     0.1725942E-01 0.1157778E-01 0.1090589E-01 0.1115173E-01
0.2615168E+12 0.1577903E-01 0.1083285E-01 0.1412167E-01 -2.227138      2.334707     0.1114949E-01  2.334707     0.1616982E-01 0.1083285E-01 0.1024013E-01 0.1044239E-01
0.2818382E+12 0.1479806E-01 0.1014073E-01 0.1321090E-01 -2.222423      2.312243     0.1041504E-01  2.312243     0.1515567E-01 0.1014073E-01 0.9619582E-02 0.9783297E-02
0.3037387E+12 0.1388089E-01 0.9494997E-02 0.1236129E-01 -2.217488      2.289856     0.9730996E-02  2.289856     0.1420780E-01 0.9494997E-02 0.9038658E-02 0.9168321E-02
0.3273402E+12 0.1301856E-01 0.8889262E-02 0.1156445E-01 -2.212571      2.267547     0.9090598E-02  2.267547     0.1331695E-01 0.8889262E-02 0.8491695E-02 0.8591313E-02
0.3527765E+12 0.1220532E-01 0.8319356E-02 0.1081495E-01 -2.207844      2.245318     0.8489409E-02  2.245318     0.1247718E-01 0.8319356E-02 0.7975079E-02 0.8048271E-02
0.3801893E+12 0.1143729E-01 0.7782421E-02 0.1010904E-01 -2.203416      2.223181     0.7924344E-02  2.223181     0.1168446E-01 0.7782421E-02 0.7486394E-02 0.7536449E-02
0.4097314E+12 0.1071387E-01 0.7277851E-02 0.9445893E-02 -2.199172      2.201144     0.7394624E-02  2.201144     0.1093812E-01 0.7277851E-02 0.7025366E-02 0.7055285E-02
0.4415699E+12 0.1003544E-01 0.6805704E-02 0.8825565E-02 -2.194898      2.179210     0.6900119E-02  2.179210     0.1023850E-01 0.6805704E-02 0.6592365E-02 0.6604871E-02
0.4758826E+12 0.9401396E-02 0.6365381E-02 0.8247230E-02 -2.190387      2.157376     0.6440028E-02  2.157376     0.9584911E-02 0.6365381E-02 0.6187132E-02 0.6184659E-02
0.5128614E+12 0.8808292E-02 0.5954359E-02 0.7707560E-02 -2.185672      2.135638     0.6011598E-02  2.135638     0.8973779E-02 0.5954359E-02 0.5807525E-02 0.5792250E-02
0.5527126E+12 0.8251281E-02 0.5569192E-02 0.7202058E-02 -2.180993      2.113996     0.5611174E-02  2.113996     0.8400106E-02 0.5569192E-02 0.5450466E-02 0.5424334E-02
0.5956616E+12 0.7726855E-02 0.5207368E-02 0.6727424E-02 -2.176475      2.092452     0.5236057E-02  2.092452     0.7860265E-02 0.5207368E-02 0.5113736E-02 0.5078498E-02
0.6419481E+12 0.7234661E-02 0.4868513E-02 0.6283144E-02 -2.171957      2.071011     0.4885715E-02  2.071011     0.7353858E-02 0.4868513E-02 0.4797202E-02 0.4754417E-02
0.6918312E+12 0.6774497E-02 0.4552359E-02 0.5868822E-02 -2.167231      2.049673     0.4559719E-02  2.049673     0.6880622E-02 0.4552359E-02 0.4500824E-02 0.4451870E-02
0.7455890E+12 0.6345560E-02 0.4258237E-02 0.5483545E-02 -2.162111      2.028431     0.4257238E-02  2.028431     0.6439687E-02 0.4258237E-02 0.4224170E-02 0.4170250E-02
0.8035256E+12 0.5945214E-02 0.3984257E-02 0.5124826E-02 -2.156657      2.007275     0.3976231E-02  2.007275     0.6028325E-02 0.3984257E-02 0.3965590E-02 0.3907761E-02
0.8659643E+12 0.5568470E-02 0.3726973E-02 0.4788189E-02 -2.151293      1.986204     0.3713121E-02  1.986204     0.5641431E-02 0.3726973E-02 0.3721840E-02 0.3661063E-02
0.9332528E+12 0.5211635E-02 0.3483825E-02 0.4470305E-02 -2.146435      1.965230     0.3465243E-02  1.965230     0.5275228E-02 0.3483825E-02 0.3490516E-02 0.3427674E-02
0.1005772E+13 0.4874719E-02 0.3254743E-02 0.4171060E-02 -2.141923      1.944364     0.3232418E-02  1.944364     0.4929695E-02 0.3254743E-02 0.3271684E-02 0.3207550E-02
0.1083927E+13 0.4559283E-02 0.3040689E-02 0.3891653E-02 -2.137316      1.923612     0.3015496E-02  1.923612     0.4606379E-02 0.3040689E-02 0.3066458E-02 0.3001675E-02
0.1168154E+13 0.4266028E-02 0.2842052E-02 0.3632530E-02 -2.132173      1.902965     0.2814747E-02  1.902965     0.4305943E-02 0.2842052E-02 0.2875383E-02 0.2810480E-02
0.1258924E+13 0.3992273E-02 0.2656969E-02 0.3391259E-02 -2.126719      1.882416     0.2628220E-02  1.882416     0.4025635E-02 0.2656968E-02 0.2696732E-02 0.2632167E-02
0.1356750E+13 0.3734712E-02 0.2483175E-02 0.3164914E-02 -2.121402      1.861961     0.2453583E-02  1.861961     0.3762086E-02 0.2483175E-02 0.2528334E-02 0.2464536E-02
0.1462177E+13 0.3491910E-02 0.2319662E-02 0.2952170E-02 -2.116348      1.841610     0.2289754E-02  1.841610     0.3513820E-02 0.2319662E-02 0.2369269E-02 0.2306614E-02
0.1575793E+13 0.3265329E-02 0.2167346E-02 0.2754165E-02 -2.110990      1.821365     0.2137563E-02  1.821365     0.3282279E-02 0.2167346E-02 0.2220581E-02 0.2159349E-02
0.1698242E+13 0.3054340E-02 0.2025760E-02 0.2570257E-02 -2.105149      1.801216     0.1996468E-02  1.801216     0.3066793E-02 0.2025759E-02 0.2081906E-02 0.2022315E-02
0.1830205E+13 0.2856324E-02 0.1893118E-02 0.2398142E-02 -2.099284      1.781158     0.1864644E-02  1.781158     0.2864698E-02 0.1893118E-02 0.1951513E-02 0.1893770E-02
0.1972423E+13 0.2668285E-02 0.1767396E-02 0.2235230E-02 -2.094158      1.761202     0.1740034E-02  1.761202     0.2672967E-02 0.1767396E-02 0.1827396E-02 0.1771715E-02
0.2125687E+13 0.2490646E-02 0.1648841E-02 0.2081809E-02 -2.089521      1.741366     0.1622826E-02  1.741366     0.2492006E-02 0.1648840E-02 0.1709875E-02 0.1656418E-02
0.2290866E+13 0.2325760E-02 0.1538973E-02 0.1939768E-02 -2.084276      1.721649     0.1514464E-02  1.721649     0.2324142E-02 0.1538973E-02 0.1600608E-02 0.1549438E-02
0.2468880E+13 0.2173349E-02 0.1437577E-02 0.1808791E-02 -2.078113      1.702033     0.1414688E-02  1.702033     0.2169062E-02 0.1437576E-02 0.1499461E-02 0.1450599E-02
0.2660720E+13 0.2030264E-02 0.1342537E-02 0.1686182E-02 -2.071968      1.682510     0.1321375E-02  1.682510     0.2023592E-02 0.1342536E-02 0.1404308E-02 0.1357807E-02
0.2867474E+13 0.1894792E-02 0.1252698E-02 0.1570462E-02 -2.066425      1.663088     0.1233351E-02  1.663088     0.1886005E-02 0.1252697E-02 0.1313996E-02 0.1269915E-02
0.3090294E+13 0.1767547E-02 0.1168443E-02 0.1462091E-02 -2.061025      1.643781     0.1150957E-02  1.643781     0.1756895E-02 0.1168442E-02 0.1228979E-02 0.1187332E-02
0.3330428E+13 0.1649376E-02 0.1090309E-02 0.1361712E-02 -2.054996      1.624582     0.1074693E-02  1.624582     0.1637080E-02 0.1090307E-02 0.1149883E-02 0.1110634E-02
0.3589214E+13 0.1538745E-02 0.1017263E-02 0.1268002E-02 -2.048872      1.605484     0.1003518E-02  1.605484     0.1525011E-02 0.1017261E-02 0.1075675E-02 0.1038800E-02
0.3868117E+13 0.1434481E-02 0.9485136E-03 0.1179953E-02 -2.043105      1.586493     0.9366272E-03  1.586493     0.1419508E-02 0.9485119E-03 0.1005566E-02 0.9710456E-03
0.4168693E+13 0.1336375E-02 0.8839064E-03 0.1097350E-02 -2.037637      1.567618     0.8738468E-03  1.567618     0.1320347E-02 0.8839045E-03 0.9394340E-03 0.9072325E-03
0.4492615E+13 0.1244872E-02 0.8237220E-03 0.1020519E-02 -2.031891      1.548860     0.8154375E-03  1.548860     0.1227949E-02 0.8237198E-03 0.8776186E-03 0.8476719E-03
0.4841718E+13 0.1159906E-02 0.7679053E-03 0.9493660E-03 -2.025531      1.530210     0.7613326E-03  1.530210     0.1142228E-02 0.7679028E-03 0.8201052E-03 0.7923338E-03
0.5217948E+13 0.1080637E-02 0.7158910E-03 0.8831652E-03 -2.018847      1.511661     0.7109630E-03  1.511661     0.1062334E-02 0.7158882E-03 0.7663307E-03 0.7406612E-03
0.5623413E+13 0.1005290E-02 0.6664926E-03 0.8204347E-03 -2.013208      1.493221     0.6631395E-03  1.493221     0.9865075E-03 0.6664894E-03 0.7150573E-03 0.6914452E-03
0.6060372E+13 0.9353667E-03 0.6206983E-03 0.7623738E-03 -2.006944      1.474898     0.6188359E-03  1.474898     0.9162101E-03 0.6206946E-03 0.6673737E-03 0.6457277E-03
0.6531299E+13 0.8698056E-03 0.5777963E-03 0.7080862E-03 -2.000790      1.456687     0.5773391E-03  1.456687     0.8503822E-03 0.5777921E-03 0.6225470E-03 0.6027906E-03
0.7038820E+13 0.8087089E-03 0.5378495E-03 0.6576309E-03 -1.994317      1.438589     0.5387084E-03  1.438589     0.7891093E-03 0.5378448E-03 0.5806721E-03 0.5627183E-03
0.7585761E+13 0.7511411E-03 0.5002309E-03 0.6102229E-03 -1.988375      1.420605     0.5023137E-03  1.420605     0.7314630E-03 0.5002256E-03 0.5410979E-03 0.5248728E-03
0.8175220E+13 0.6963327E-03 0.4644226E-03 0.5652167E-03 -1.983875      1.402734     0.4676312E-03  1.402734     0.6766835E-03 0.4644167E-03 0.5032854E-03 0.4887253E-03
0.8810483E+13 0.6479214E-03 0.4328478E-03 0.5255446E-03 -1.975012      1.385002     0.4371015E-03  1.385002     0.6282917E-03 0.4328412E-03 0.4698830E-03 0.4568419E-03
0.9495109E+13 0.6011627E-03 0.4023417E-03 0.4873366E-03 -1.968486      1.367354     0.4075428E-03  1.367354     0.5816602E-03 0.4023343E-03 0.4374830E-03 0.4259121E-03
0.1023291E+14 0.5575162E-03 0.3738753E-03 0.4517614E-03 -1.961834      1.349814     0.3799332E-03  1.349814     0.5381975E-03 0.3738670E-03 0.4071549E-03 0.3969703E-03
0.1102807E+14 0.5166064E-03 0.3471952E-03 0.4184994E-03 -1.955427      1.332396     0.3540176E-03  1.332396     0.4975291E-03 0.3471859E-03 0.3786394E-03 0.3697611E-03
0.1188502E+14 0.4787342E-03 0.3225041E-03 0.3877810E-03 -1.948271      1.315090     0.3300082E-03  1.315090     0.4599321E-03 0.3224937E-03 0.3521740E-03 0.3445157E-03
0.1280855E+14 0.4431673E-03 0.2993098E-03 0.3589995E-03 -1.941539      1.297899     0.3074073E-03  1.297899     0.4246904E-03 0.2992982E-03 0.3272360E-03 0.3207226E-03
0.1380382E+14 0.4100021E-03 0.2776776E-03 0.3322223E-03 -1.934688      1.280825     0.2862863E-03  1.280825     0.3918860E-03 0.2776646E-03 0.3039100E-03 0.2984636E-03
0.1487646E+14 0.3790765E-03 0.2574991E-03 0.3073075E-03 -1.927778      1.263863     0.2665406E-03  1.263863     0.3613525E-03 0.2574848E-03 0.2820900E-03 0.2776354E-03
0.1603245E+14 0.3502319E-03 0.2386687E-03 0.2841174E-03 -1.920818      1.247019     0.2480666E-03  1.247019     0.3329287E-03 0.2386528E-03 0.2616711E-03 0.2581353E-03
0.1727823E+14 0.3234551E-03 0.2211796E-03 0.2626331E-03 -1.913450      1.230292     0.2308650E-03  1.230292     0.3065911E-03 0.2211620E-03 0.2426563E-03 0.2399678E-03
0.1862085E+14 0.2982927E-03 0.2047247E-03 0.2424795E-03 -1.906773      1.213682     0.2146224E-03  1.213682     0.2819004E-03 0.2047052E-03 0.2247182E-03 0.2228106E-03
0.2006780E+14 0.2734881E-03 0.1884359E-03 0.2226254E-03 -1.905576      1.197262     0.1984267E-03  1.197262     0.2576680E-03 0.1884146E-03 0.2069117E-03 0.2057223E-03
0.2162719E+14 0.2533393E-03 0.1752857E-03 0.2065668E-03 -1.892202      1.180888     0.1854244E-03  1.180888     0.2379258E-03 0.1752620E-03 0.1925089E-03 0.1919642E-03
0.2330770E+14 0.2332195E-03 0.1620865E-03 0.1905319E-03 -1.884565      1.164628     0.1722631E-03  1.164628     0.2183094E-03 0.1620605E-03 0.1780164E-03 0.1780629E-03
0.2511884E+14 0.2144852E-03 0.1497757E-03 0.1756201E-03 -1.876970      1.148484     0.1599367E-03  1.148484     0.2000888E-03 0.1497471E-03 0.1644696E-03 0.1650500E-03
0.2707073E+14 0.1970815E-03 0.1383190E-03 0.1617839E-03 -1.869231      1.132455     0.1484164E-03  1.132455     0.1832049E-03 0.1382877E-03 0.1518364E-03 0.1528961E-03
0.2917422E+14 0.1808998E-03 0.1276442E-03 0.1489311E-03 -1.861508      1.116541     0.1376327E-03  1.116541     0.1675483E-03 0.1276100E-03 0.1400426E-03 0.1415295E-03
0.3144123E+14 0.1660875E-03 0.1178604E-03 0.1371815E-03 -1.852234      1.100745     0.1277116E-03  1.100745     0.1532472E-03 0.1178230E-03 0.1292119E-03 0.1310789E-03
0.3388440E+14 0.1517442E-03 0.1083326E-03 0.1257898E-03 -1.847298      1.085063     0.1179724E-03  1.085063     0.1394639E-03 0.1082920E-03 0.1186521E-03 0.1208452E-03
0.3651741E+14 0.1388162E-03 0.9973616E-04 0.1155360E-03 -1.839578      1.069522     0.1091539E-03  1.069522     0.1270646E-03 0.9969201E-04 0.1091073E-03 0.1115858E-03
0.3935494E+14 0.1268333E-03 0.9174240E-04 0.1060316E-03 -1.831856      1.054105     0.1009079E-03  1.054105     0.1156084E-03 0.9169452E-04 0.1002200E-03 0.1029420E-03
0.4241306E+14 0.1157376E-03 0.8431447E-04 0.9722842E-04 -1.824109      1.038808     0.9320164E-04  1.038808     0.1050351E-03 0.8426268E-04 0.9195234E-04 0.9487858E-04
0.4570880E+14 0.1054972E-03 0.7743430E-04 0.8910021E-04 -1.816085      1.023631     0.8602244E-04  1.023631     0.9530946E-04 0.7737840E-04 0.8428661E-04 0.8738108E-04
0.4926054E+14 0.9602358E-04 0.7104215E-04 0.8157331E-04 -1.808129      1.008577     0.7931126E-04  1.008577     0.8634460E-04 0.7098196E-04 0.7715940E-04 0.8038760E-04
0.5308838E+14 0.8727908E-04 0.6511540E-04 0.7461716E-04 -1.800074     0.9936451     0.7304974E-04 0.9936451     0.7810057E-04 0.6505073E-04 0.7054750E-04 0.7387767E-04
0.5721365E+14 0.7921740E-04 0.5962482E-04 0.6819396E-04 -1.791916     0.9788349     0.6721197E-04 0.9788349     0.7052971E-04 0.5955551E-04 0.6442020E-04 0.6782301E-04
0.6165949E+14 0.7220850E-04 0.5485730E-04 0.6262714E-04 -1.776510     0.9641474     0.6212966E-04 0.9641474     0.6395362E-04 0.5478277E-04 0.5908703E-04 0.6255547E-04
0.6645066E+14 0.6484153E-04 0.4974758E-04 0.5669658E-04 -1.777369     0.9495260     0.5660322E-04 0.9495260     0.5711628E-04 0.4966864E-04 0.5340054E-04 0.5686483E-04
0.7161427E+14 0.5854798E-04 0.4538416E-04 0.5164234E-04 -1.769522     0.9351103     0.5186926E-04 0.9351103     0.5128283E-04 0.4530026E-04 0.4853502E-04 0.5199520E-04
0.7717912E+14 0.5277942E-04 0.4135842E-04 0.4699411E-04 -1.761472     0.9208228     0.4747228E-04 0.9208228     0.4596060E-04 0.4126946E-04 0.4404932E-04 0.4748510E-04
0.8317640E+14 0.4769094E-04 0.3779960E-04 0.4289549E-04 -1.748070     0.9066591     0.4356716E-04 0.9066591     0.4127818E-04 0.3770516E-04 0.4007984E-04 0.4348690E-04
0.8963949E+14 0.4276289E-04 0.3430442E-04 0.3888586E-04 -1.741697     0.8925585     0.3969547E-04 0.8925585     0.3677913E-04 0.3420494E-04 0.3619714E-04 0.3954034E-04
0.9660501E+14 0.3834048E-04 0.3114807E-04 0.3527530E-04 -1.732875     0.8786112     0.3617787E-04 0.8786112     0.3275973E-04 0.3104343E-04 0.3269396E-04 0.3596430E-04
0.1041118E+15 0.3429482E-04 0.2823414E-04 0.3195221E-04 -1.724270     0.8647884     0.3290813E-04 0.8647884     0.2910366E-04 0.2812442E-04 0.2946710E-04 0.3265069E-04
0.1122017E+15 0.3061008E-04 0.2555509E-04 0.2890589E-04 -1.715511     0.8510913     0.2988189E-04 0.8510913     0.2579311E-04 0.2544039E-04 0.2650769E-04 0.2959332E-04
0.1209204E+15 0.2725550E-04 0.2309099E-04 0.2611183E-04 -1.706785     0.8375189     0.2708008E-04 0.8375189     0.2279770E-04 0.2297148E-04 0.2379384E-04 0.2677150E-04
0.1303166E+15 0.2421356E-04 0.2083268E-04 0.2355805E-04 -1.697769     0.8240714     0.2449592E-04 0.8240714     0.2009857E-04 0.2070855E-04 0.2131476E-04 0.2417675E-04
0.1404430E+15 0.2143387E-04 0.1874170E-04 0.2119943E-04 -1.690120     0.8107756     0.2208768E-04 0.8107756     0.1765022E-04 0.1861337E-04 0.1903005E-04 0.2176637E-04
0.1513559E+15 0.1901334E-04 0.1691135E-04 0.1914029E-04 -1.675876     0.7975413     0.1996907E-04 0.7975413     0.1552724E-04 0.1677840E-04 0.1703147E-04 0.1965056E-04
0.1631172E+15 0.1674485E-04 0.1516295E-04 0.1717722E-04 -1.667279     0.7844352     0.1793214E-04 0.7844352     0.1355676E-04 0.1502632E-04 0.1513746E-04 0.1762328E-04
0.1757923E+15 0.1469594E-04 0.1356023E-04 0.1538121E-04 -1.659350     0.7714646     0.1605472E-04 0.7714646     0.1179125E-04 0.1342043E-04 0.1341141E-04 0.1575996E-04
0.1894520E+15 0.1285674E-04 0.1209947E-04 0.1374707E-04 -1.651584     0.7586349     0.1433496E-04 0.7586349     0.1021939E-04 0.1195701E-04 0.1184796E-04 0.1405756E-04
0.2041736E+15 0.1120796E-04 0.1076817E-04 0.1225984E-04 -1.644271     0.7459494     0.1276037E-04 0.7459494     0.8822445E-05 0.1062364E-04 0.1043301E-04 0.1250266E-04
0.2200390E+15 0.9740783E-05 0.9563620E-05 0.1091579E-04 -1.636600     0.7334073     0.1132977E-04 0.7334073     0.7590240E-05 0.9417578E-05 0.9161962E-05 0.1109312E-04
0.2371374E+15 0.8440950E-05 0.8477915E-05 0.9705549E-05 -1.628106     0.7210037     0.1003556E-04 0.7210037     0.6508379E-05 0.8330889E-05 0.8025019E-05 0.9820523E-05
0.2555638E+15 0.7293011E-05 0.7501668E-05 0.8618028E-05 -1.618519     0.7087303     0.8868078E-05 0.7087303     0.5561822E-05 0.7354189E-05 0.7010995E-05 0.8674629E-05
0.2754226E+15 0.6281714E-05 0.6625208E-05 0.7642036E-05 -1.607669     0.6965771     0.7817082E-05 0.6965771     0.4736021E-05 0.6477807E-05 0.6108561E-05 0.7644727E-05
0.2968246E+15 0.5391632E-05 0.5838002E-05 0.6765399E-05 -1.595736     0.6845345     0.6871090E-05 0.6845345     0.4016636E-05 0.5691249E-05 0.5305806E-05 0.6719004E-05
0.3198889E+15 0.4608618E-05 0.5130079E-05 0.5976571E-05 -1.583193     0.6725976     0.6019113E-05 0.6725976     0.3390686E-05 0.4984609E-05 0.4591616E-05 0.5886240E-05
0.3447462E+15 0.3919434E-05 0.4491636E-05 0.5264236E-05 -1.570977     0.6607658     0.5250259E-05 0.6607658     0.2846228E-05 0.4348197E-05 0.3955356E-05 0.5135387E-05
0.3715350E+15 0.3314449E-05 0.3916205E-05 0.4620865E-05 -1.559721     0.6490461     0.4557426E-05 0.6490461     0.2374283E-05 0.3775599E-05 0.3389627E-05 0.4459184E-05
0.4004054E+15 0.2785575E-05 0.3398654E-05 0.4040516E-05 -1.549914     0.6374503     0.3934988E-05 0.6374503     0.1967201E-05 0.3261721E-05 0.2888346E-05 0.3851874E-05
0.4315184E+15 0.2326248E-05 0.2935402E-05 0.3519135E-05 -1.541682     0.6259919     0.3378977E-05 0.6259919     0.1618584E-05 0.2802951E-05 0.2446826E-05 0.3309394E-05
0.4650499E+15 0.1930883E-05 0.2523994E-05 0.3054099E-05 -1.534396     0.6146804     0.2886579E-05 0.6146804     0.1322835E-05 0.2396720E-05 0.2061289E-05 0.2828865E-05
0.5011870E+15 0.1593759E-05 0.2161744E-05 0.2642625E-05 -1.527065     0.6035192     0.2454545E-05 0.6035192     0.1074382E-05 0.2040190E-05 0.1727717E-05 0.2407045E-05
0.5401310E+15 0.1308775E-05 0.1845289E-05 0.2281247E-05 -1.518497     0.5925031     0.2078708E-05 0.5925031     0.8675322E-06 0.1729836E-05 0.1441538E-05 0.2039839E-05
0.5821024E+15 0.1069293E-05 0.1570148E-05 0.1965173E-05 -1.507953     0.5816185     0.1753548E-05 0.5816185     0.6964294E-06 0.1461061E-05 0.1197381E-05 0.1721858E-05
0.6273352E+15 0.8736255E-06 0.1338768E-05 0.1698377E-05 -1.486842     0.5708526     0.1481190E-05 0.5708526     0.5586184E-06 0.1235686E-05 0.9952275E-06 0.1455249E-05
0.6760829E+15 0.7004476E-06 0.1122928E-05 0.1445905E-05 -1.481984     0.5601407     0.1229811E-05 0.5601407     0.4392917E-06 0.1027233E-05 0.8124235E-06 0.1208814E-05
0.7286169E+15 0.5597541E-06 0.9407443E-06 0.1231071E-05 -1.471333     0.5495988     0.1019159E-05 0.5495988     0.3440419E-06 0.8522359E-06 0.6614474E-06 0.1002022E-05
0.7852347E+15 0.4449678E-06 0.7857529E-06 0.1046483E-05 -1.457011     0.5392043     0.8414783E-06 0.5392043     0.2677897E-06 0.7043233E-06 0.5360780E-06 0.8273375E-06
0.8462521E+15 0.3495586E-06 0.6503387E-06 0.8829275E-06 -1.446771     0.5288917     0.6879550E-06 0.5288917     0.2057643E-06 0.5762281E-06 0.4297365E-06 0.6761791E-06
0.9120089E+15 0.2720716E-06 0.5346777E-06 0.7411974E-06 -1.437318     0.5187137     0.5583295E-06 0.5187137     0.1564860E-06 0.4678257E-06 0.3415894E-06 0.5483686E-06
0.9828774E+15 0.2098673E-06 0.4368432E-06 0.6194073E-06 -1.427537     0.5086712     0.4500214E-06 0.5086712     0.1178191E-06 0.3770495E-06 0.2693259E-06 0.4414393E-06
0.1059253E+16 0.1604250E-06 0.3547165E-06 0.5154192E-06 -1.416594     0.4987587     0.3602839E-06 0.4987587     0.8780687E-07 0.3016822E-06 0.2106273E-06 0.3527492E-06
0.1141563E+16 0.1214157E-06 0.2860572E-06 0.4268135E-06 -1.404894     0.4889699     0.2863111E-06 0.4889699     0.6471279E-07 0.2394417E-06 0.1632487E-06 0.2795861E-06
0.1230267E+16 0.9086450E-07 0.2288539E-06 0.3513813E-06 -1.393522     0.4793035     0.2256093E-06 0.4793035     0.4709902E-07 0.1882948E-06 0.1252420E-06 0.2195345E-06
0.1325866E+16 0.6717438E-07 0.1814810E-06 0.2874008E-06 -1.383276     0.4697645     0.1761450E-06 0.4697645     0.3381767E-07 0.1465799E-06 0.9501782E-07 0.1706199E-06
0.1428893E+16 0.4905347E-07 0.1426579E-06 0.2335790E-06 -1.373573     0.4603591     0.1362840E-06 0.4603591     0.2395134E-07 0.1129564E-06 0.7128516E-07 0.1312473E-06
0.1539927E+16 0.3539654E-07 0.1112260E-06 0.1887776E-06 -1.362696     0.4510852     0.1045627E-06 0.4510852     0.1673807E-07 0.8621313E-07 0.5290854E-07 0.9997664E-07
0.1659584E+16 0.2523463E-07 0.8602266E-07 0.1517664E-06 -1.349249     0.4419316     0.7957146E-07 0.4419316     0.1153820E-07 0.6517398E-07 0.3884621E-07 0.7541394E-07
0.1788544E+16 0.1774315E-07 0.6590565E-07 0.1212346E-06 -1.334045     0.4328848     0.5998469E-07 0.4328848     0.7831042E-08 0.4872757E-07 0.2816895E-07 0.5624614E-07
0.1927524E+16 0.1227185E-07 0.4989998E-07 0.9602177E-07 -1.319948     0.4239440     0.4469478E-07 0.4239440     0.5218553E-08 0.3594235E-07 0.2012217E-07 0.4137453E-07
0.2077300E+16 0.8334285E-08 0.3727668E-07 0.7529335E-07 -1.309214     0.4151233     0.3286851E-07 0.4151233     0.3408349E-08 0.2611245E-07 0.1413549E-07 0.2996596E-07
0.2238718E+16 0.5559655E-08 0.2748570E-07 0.5848283E-07 -1.300870     0.4064390     0.2387159E-07 0.4064390     0.2182377E-08 0.1869256E-07 0.9768449E-08 0.2137596E-07
0.2412680E+16 0.3647916E-08 0.2003537E-07 0.4507617E-07 -1.291399     0.3978943     0.1715311E-07 0.3978943     0.1371735E-08 0.1320509E-07 0.6650337E-08 0.1504070E-07
0.2600159E+16 0.2353780E-08 0.1444134E-07 0.3449603E-07 -1.278554     0.3894751     0.1219998E-07 0.3894751     0.8460476E-09 0.9207026E-08 0.4459989E-08 0.1043935E-07
0.2802201E+16 0.1489387E-08 0.1026950E-07 0.2616130E-07 -1.264196     0.3811678     0.8571328E-08 0.3811678     0.5105210E-09 0.6320707E-08 0.2938738E-08 0.7129549E-08
0.3019949E+16 0.9209155E-09 0.7181884E-08 0.1960526E-07 -1.252234     0.3729711     0.5931390E-08 0.3729711     0.3002702E-09 0.4258581E-08 0.1895952E-08 0.4775014E-08
0.3254616E+16 0.5572122E-09 0.4947165E-08 0.1454366E-07 -1.239306     0.3648994     0.4050620E-08 0.3648994     0.1723794E-09 0.2820344E-08 0.1199406E-08 0.3140882E-08
0.3507512E+16 0.3281168E-09 0.3339950E-08 0.1063139E-07 -1.232207     0.3569448     0.2717284E-08 0.3569448     0.9604243E-10 0.1826730E-08 0.7400581E-09 0.2018521E-08
0.3780066E+16 0.1900132E-09 0.2233289E-08 0.7739925E-08 -1.211823     0.3491269     0.1810242E-08 0.3491269     0.5247886E-10 0.1169401E-08 0.4500555E-09 0.1280718E-08
0.4073800E+16 0.1063746E-09 0.1455875E-08 0.5529001E-08 -1.200678     0.3413952     0.1179428E-08 0.3413952     0.2762853E-10 0.7280723E-09 0.2652864E-09 0.7892675E-09
0.4390358E+16 0.5795635E-10 0.9310338E-09 0.3898999E-08 -1.189663     0.3338003     0.7565640E-09 0.3338003     0.1411195E-10 0.4437128E-09 0.1525609E-09 0.4754399E-09
0.4731504E+16 0.3068441E-10 0.5837232E-09 0.2714794E-08 -1.176074     0.3263203     0.4777934E-09 0.3263203     0.6980042E-11 0.2644890E-09 0.8549098E-10 0.2796660E-09
0.5099170E+16 0.1569547E-10 0.3569228E-09 0.1857198E-08 -1.167038     0.3189543     0.2956979E-09 0.3189543     0.3323261E-11 0.1533889E-09 0.4642009E-10 0.1597613E-09
0.5495406E+16 0.7804923E-11 0.2141734E-09 0.1256338E-08 -1.150897     0.3117232     0.1805648E-09 0.3117232     0.1532523E-11 0.8709838E-10 0.2457503E-10 0.8918041E-10
0.5922418E+16 0.3737927E-11 0.1251622E-09 0.8351366E-09 -1.134173     0.3045826     0.1080582E-09 0.3045826     0.6776587E-12 0.4803761E-10 0.1257360E-10 0.4824031E-10
0.6382625E+16 0.1717357E-11 0.7095223E-10 0.5433839E-09 -1.124481     0.2975597     0.6317059E-10 0.2975597     0.2862147E-12 0.2563592E-10 0.6192806E-11 0.2518569E-10
0.6878593E+16 0.7597375E-12 0.3918528E-10 0.3477551E-09 -1.110904     0.2906549     0.3626313E-10 0.2906549     0.1158633E-12 0.1329467E-10 0.2947569E-11 0.1274231E-10
0.7413101E+16 0.3216104E-12 0.2097008E-10 0.2179037E-09 -1.099818     0.2838636     0.2035127E-10 0.2838636     0.4466018E-13 0.6663314E-11 0.1347702E-11 0.6211334E-11
0.7989125E+16 0.1305839E-12 0.1090841E-10 0.1342051E-09 -1.081591     0.2771855     0.1121297E-10 0.2771855     0.1642533E-13 0.3237680E-11 0.5934855E-12 0.2925301E-11
0.8609927E+16 0.5029122E-13 0.5461173E-11 0.8050957E-10 -1.069814     0.2706104     0.6012858E-11 0.2706104     0.5697303E-14 0.1509814E-11 0.2490178E-12 0.1317190E-11
0.9278969E+16 0.1840491E-13 0.2636342E-11 0.4714633E-10 -1.060361     0.2641578     0.3147478E-11 0.2641578     0.1867115E-14 0.6771165E-12 0.9973560E-13 0.5680821E-12
0.1000000E+17 0.6396906E-14 0.1227521E-11 0.2697533E-10 -1.048786     0.2578268     0.1610852E-11 0.2578268     0.5775990E-15 0.2921211E-12 0.3811866E-13 0.2346420E-12
